# 
# Duration (in s): 30
# Pointing Position of the Horn: Calibrator paddle
# Angle pointing (from vertical): -89.75
# Calibrator used: YES
# Weather: very clear
# Units: microWatt
# Comments: calibration (ambient)
1.582315142366915941e+09 1.555999999999999883e-01 2.741700000000000159e+02
1.582315142476660013e+09 1.554999999999999993e-01 2.741700000000000159e+02
1.582315142579854012e+09 1.554999999999999993e-01 2.741800000000000068e+02
1.582315142678847075e+09 1.554999999999999993e-01 2.741700000000000159e+02
1.582315142778965950e+09 1.554999999999999993e-01 2.741700000000000159e+02
1.582315142893024921e+09 1.554999999999999993e-01 2.741700000000000159e+02
1.582315142991866112e+09 1.554999999999999993e-01 2.741800000000000068e+02
1.582315143090547085e+09 1.555999999999999883e-01 2.741800000000000068e+02
1.582315143186861992e+09 1.555999999999999883e-01 2.741800000000000068e+02
1.582315143290833950e+09 1.554000000000000103e-01 2.741700000000000159e+02
1.582315143386291981e+09 1.554999999999999993e-01 2.741700000000000159e+02
1.582315143489762068e+09 1.554999999999999993e-01 2.741700000000000159e+02
1.582315143584041119e+09 1.554999999999999993e-01 2.741800000000000068e+02
1.582315143686613083e+09 1.554999999999999993e-01 2.741700000000000159e+02
1.582315143798115969e+09 1.555999999999999883e-01 2.741800000000000068e+02
1.582315143897876024e+09 1.554999999999999993e-01 2.741800000000000068e+02
1.582315143997633934e+09 1.554999999999999993e-01 2.741800000000000068e+02
1.582315144097304106e+09 1.554999999999999993e-01 2.741700000000000159e+02
1.582315144197170019e+09 1.554000000000000103e-01 2.741700000000000159e+02
1.582315144296829939e+09 1.554000000000000103e-01 2.741800000000000068e+02
1.582315144396682024e+09 1.554000000000000103e-01 2.741800000000000068e+02
1.582315144496437073e+09 1.554000000000000103e-01 2.741700000000000159e+02
1.582315144612781048e+09 1.554000000000000103e-01 2.741700000000000159e+02
1.582315144712580919e+09 1.554999999999999993e-01 2.741700000000000159e+02
1.582315144811784029e+09 1.554999999999999993e-01 2.741700000000000159e+02
1.582315144906850100e+09 1.554999999999999993e-01 2.741700000000000159e+02
1.582315145011718988e+09 1.554000000000000103e-01 2.741700000000000159e+02
1.582315145110784054e+09 1.554000000000000103e-01 2.741800000000000068e+02
1.582315145210747004e+09 1.554999999999999993e-01 2.741800000000000068e+02
1.582315145309655905e+09 1.554000000000000103e-01 2.741700000000000159e+02
1.582315145418642044e+09 1.554999999999999993e-01 2.741800000000000068e+02
1.582315145522578001e+09 1.554999999999999993e-01 2.741800000000000068e+02
1.582315145622687101e+09 1.554000000000000103e-01 2.741800000000000068e+02
1.582315145720674038e+09 1.554000000000000103e-01 2.741700000000000159e+02
1.582315145819766998e+09 1.554000000000000103e-01 2.741700000000000159e+02
1.582315145920666933e+09 1.554000000000000103e-01 2.741700000000000159e+02
1.582315146020476103e+09 1.552999999999999936e-01 2.741700000000000159e+02
1.582315146120480061e+09 1.554000000000000103e-01 2.741700000000000159e+02
1.582315146219423056e+09 1.554000000000000103e-01 2.741700000000000159e+02
1.582315146319595098e+09 1.554000000000000103e-01 2.741800000000000068e+02
1.582315146432365894e+09 1.554000000000000103e-01 2.741800000000000068e+02
1.582315146532471895e+09 1.554000000000000103e-01 2.741700000000000159e+02
1.582315146626945972e+09 1.554999999999999993e-01 2.741700000000000159e+02
1.582315146731513023e+09 1.554000000000000103e-01 2.741700000000000159e+02
1.582315146831527948e+09 1.552999999999999936e-01 2.741700000000000159e+02
1.582315146930648088e+09 1.552999999999999936e-01 2.741700000000000159e+02
1.582315147030364037e+09 1.554000000000000103e-01 2.741700000000000159e+02
1.582315147129566908e+09 1.554000000000000103e-01 2.741800000000000068e+02
1.582315147239833117e+09 1.554000000000000103e-01 2.741700000000000159e+02
1.582315147339636087e+09 1.552999999999999936e-01 2.741700000000000159e+02
1.582315147439394951e+09 1.552999999999999936e-01 2.741800000000000068e+02
1.582315147539040089e+09 1.554000000000000103e-01 2.741800000000000068e+02
1.582315147638878107e+09 1.554999999999999993e-01 2.741800000000000068e+02
1.582315147738643885e+09 1.552999999999999936e-01 2.741800000000000068e+02
1.582315147838428974e+09 1.554000000000000103e-01 2.741800000000000068e+02
1.582315147938221931e+09 1.554000000000000103e-01 2.741700000000000159e+02
1.582315148050487041e+09 1.554000000000000103e-01 2.741700000000000159e+02
1.582315148153347969e+09 1.554000000000000103e-01 2.741700000000000159e+02
1.582315148253334999e+09 1.552999999999999936e-01 2.741700000000000159e+02
1.582315148350605011e+09 1.552999999999999936e-01 2.741700000000000159e+02
1.582315148452558041e+09 1.552999999999999936e-01 2.741800000000000068e+02
1.582315148550281048e+09 1.552999999999999936e-01 2.741700000000000159e+02
1.582315148647506952e+09 1.554999999999999993e-01 2.741700000000000159e+02
1.582315148750294924e+09 1.554000000000000103e-01 2.741700000000000159e+02
1.582315148850312948e+09 1.554000000000000103e-01 2.741800000000000068e+02
1.582315148945465088e+09 1.552999999999999936e-01 2.741700000000000159e+02
1.582315149063430071e+09 1.554000000000000103e-01 2.741700000000000159e+02
1.582315149163213015e+09 1.552999999999999936e-01 2.741700000000000159e+02
1.582315149257472992e+09 1.554000000000000103e-01 2.741700000000000159e+02
1.582315149362267971e+09 1.554000000000000103e-01 2.741700000000000159e+02
1.582315149461240053e+09 1.554000000000000103e-01 2.741700000000000159e+02
1.582315149561242104e+09 1.554999999999999993e-01 2.741800000000000068e+02
1.582315149660270929e+09 1.554999999999999993e-01 2.741800000000000068e+02
1.582315149758583069e+09 1.554000000000000103e-01 2.741700000000000159e+02
1.582315149874268055e+09 1.552999999999999936e-01 2.741800000000000068e+02
1.582315149973026991e+09 1.552999999999999936e-01 2.741700000000000159e+02
1.582315150073137999e+09 1.552999999999999936e-01 2.741700000000000159e+02
1.582315150172399998e+09 1.554000000000000103e-01 2.741700000000000159e+02
1.582315150272003889e+09 1.554000000000000103e-01 2.741700000000000159e+02
1.582315150371200085e+09 1.554000000000000103e-01 2.741700000000000159e+02
1.582315150471031904e+09 1.554000000000000103e-01 2.741700000000000159e+02
1.582315150571110010e+09 1.554000000000000103e-01 2.741700000000000159e+02
1.582315150681607008e+09 1.554999999999999993e-01 2.741700000000000159e+02
1.582315150781454086e+09 1.554999999999999993e-01 2.741700000000000159e+02
1.582315150881176949e+09 1.554000000000000103e-01 2.741700000000000159e+02
1.582315150980237007e+09 1.554999999999999993e-01 2.741800000000000068e+02
1.582315151080610037e+09 1.554999999999999993e-01 2.741800000000000068e+02
1.582315151180469990e+09 1.554999999999999993e-01 2.741800000000000068e+02
1.582315151280236959e+09 1.554999999999999993e-01 2.741700000000000159e+02
1.582315151380016088e+09 1.554999999999999993e-01 2.741700000000000159e+02
1.582315151479728937e+09 1.554000000000000103e-01 2.741800000000000068e+02
1.582315151575105906e+09 1.554999999999999993e-01 2.741700000000000159e+02
1.582315151693933010e+09 1.554999999999999993e-01 2.741700000000000159e+02
1.582315151793117046e+09 1.554999999999999993e-01 2.741700000000000159e+02
1.582315151893150091e+09 1.555999999999999883e-01 2.741700000000000159e+02
1.582315151992921114e+09 1.554999999999999993e-01 2.741700000000000159e+02
1.582315152092109919e+09 1.554999999999999993e-01 2.741700000000000159e+02
1.582315152191857100e+09 1.554999999999999993e-01 2.741800000000000068e+02
1.582315152291062117e+09 1.554999999999999993e-01 2.741800000000000068e+02
1.582315152388026953e+09 1.554999999999999993e-01 2.741800000000000068e+02
1.582315152503961086e+09 1.554999999999999993e-01 2.741800000000000068e+02
1.582315152603848934e+09 1.554999999999999993e-01 2.741700000000000159e+02
1.582315152700490952e+09 1.554999999999999993e-01 2.741800000000000068e+02
1.582315152802905083e+09 1.554999999999999993e-01 2.741800000000000068e+02
1.582315152902982950e+09 1.554000000000000103e-01 2.741700000000000159e+02
1.582315153001962900e+09 1.554000000000000103e-01 2.741800000000000068e+02
1.582315153101907969e+09 1.554000000000000103e-01 2.741800000000000068e+02
1.582315153200963974e+09 1.554999999999999993e-01 2.741800000000000068e+02
1.582315153314866066e+09 1.555999999999999883e-01 2.741800000000000068e+02
1.582315153414844036e+09 1.554999999999999993e-01 2.741800000000000068e+02
1.582315153513951063e+09 1.554000000000000103e-01 2.741800000000000068e+02
1.582315153613781929e+09 1.554999999999999993e-01 2.741800000000000068e+02
1.582315153713006973e+09 1.554999999999999993e-01 2.741800000000000068e+02
1.582315153812851906e+09 1.554000000000000103e-01 2.741800000000000068e+02
1.582315153907284021e+09 1.554000000000000103e-01 2.741800000000000068e+02
1.582315154007045984e+09 1.554999999999999993e-01 2.741800000000000068e+02
1.582315154106816053e+09 1.554999999999999993e-01 2.741800000000000068e+02
1.582315154206573963e+09 1.554999999999999993e-01 2.741800000000000068e+02
1.582315154322972059e+09 1.554000000000000103e-01 2.741800000000000068e+02
1.582315154422739029e+09 1.554000000000000103e-01 2.741800000000000068e+02
1.582315154522473097e+09 1.554000000000000103e-01 2.741800000000000068e+02
1.582315154622237921e+09 1.554999999999999993e-01 2.741800000000000068e+02
1.582315154721997023e+09 1.554999999999999993e-01 2.741800000000000068e+02
1.582315154821752071e+09 1.554999999999999993e-01 2.741800000000000068e+02
1.582315154921677113e+09 1.554000000000000103e-01 2.741800000000000068e+02
1.582315155020735979e+09 1.554999999999999993e-01 2.741800000000000068e+02
1.582315155134839058e+09 1.554000000000000103e-01 2.741800000000000068e+02
1.582315155234710932e+09 1.554000000000000103e-01 2.741800000000000068e+02
1.582315155333760023e+09 1.554999999999999993e-01 2.741800000000000068e+02
1.582315155433660030e+09 1.554000000000000103e-01 2.741800000000000068e+02
1.582315155532675028e+09 1.554000000000000103e-01 2.741800000000000068e+02
1.582315155632622004e+09 1.554000000000000103e-01 2.741800000000000068e+02
1.582315155731652975e+09 1.554999999999999993e-01 2.741800000000000068e+02
1.582315155831545115e+09 1.554999999999999993e-01 2.741800000000000068e+02
1.582315155945831060e+09 1.554000000000000103e-01 2.741800000000000068e+02
1.582315156044627905e+09 1.554999999999999993e-01 2.741800000000000068e+02
1.582315156144594908e+09 1.554000000000000103e-01 2.741800000000000068e+02
1.582315156243666887e+09 1.554999999999999993e-01 2.741800000000000068e+02
1.582315156343549013e+09 1.554000000000000103e-01 2.741800000000000068e+02
1.582315156442646027e+09 1.554999999999999993e-01 2.741800000000000068e+02
1.582315156542507887e+09 1.554999999999999993e-01 2.741800000000000068e+02
1.582315156642553091e+09 1.554999999999999993e-01 2.741800000000000068e+02
1.582315156741597891e+09 1.555999999999999883e-01 2.741800000000000068e+02
1.582315156840596914e+09 1.554999999999999993e-01 2.741800000000000068e+02
1.582315156950012922e+09 1.554000000000000103e-01 2.741800000000000068e+02
1.582315157049673080e+09 1.554000000000000103e-01 2.741800000000000068e+02
1.582315157153598070e+09 1.554999999999999993e-01 2.741800000000000068e+02
1.582315157249299049e+09 1.554000000000000103e-01 2.741800000000000068e+02
1.582315157349072933e+09 1.555999999999999883e-01 2.741800000000000068e+02
1.582315157448846102e+09 1.554999999999999993e-01 2.741800000000000068e+02
1.582315157549920082e+09 1.554000000000000103e-01 2.741800000000000068e+02
1.582315157647315979e+09 1.554999999999999993e-01 2.741800000000000068e+02
1.582315157764723063e+09 1.554999999999999993e-01 2.741800000000000068e+02
1.582315157864439964e+09 1.554000000000000103e-01 2.741800000000000068e+02
1.582315157964251041e+09 1.554999999999999993e-01 2.741800000000000068e+02
1.582315158063636065e+09 1.554999999999999993e-01 2.741800000000000068e+02
1.582315158163584948e+09 1.554000000000000103e-01 2.741800000000000068e+02
1.582315158262419939e+09 1.554000000000000103e-01 2.741800000000000068e+02
1.582315158362286091e+09 1.554999999999999993e-01 2.741800000000000068e+02
1.582315158462455034e+09 1.554999999999999993e-01 2.741800000000000068e+02
1.582315158575341940e+09 1.554000000000000103e-01 2.741800000000000068e+02
1.582315158675329924e+09 1.554000000000000103e-01 2.741800000000000068e+02
1.582315158775412083e+09 1.554000000000000103e-01 2.741800000000000068e+02
1.582315158874303102e+09 1.554000000000000103e-01 2.741800000000000068e+02
1.582315158973332882e+09 1.554000000000000103e-01 2.741800000000000068e+02
1.582315159073318958e+09 1.554999999999999993e-01 2.741800000000000068e+02
1.582315159173329115e+09 1.552999999999999936e-01 2.741800000000000068e+02
1.582315159272373915e+09 1.554000000000000103e-01 2.741800000000000068e+02
1.582315159372355938e+09 1.552999999999999936e-01 2.741800000000000068e+02
1.582315159471326113e+09 1.554000000000000103e-01 2.741800000000000068e+02
1.582315159583964109e+09 1.554000000000000103e-01 2.741800000000000068e+02
1.582315159685154915e+09 1.554000000000000103e-01 2.741800000000000068e+02
1.582315159784259081e+09 1.554999999999999993e-01 2.741800000000000068e+02
1.582315159884397030e+09 1.554999999999999993e-01 2.741800000000000068e+02
1.582315159983392954e+09 1.554999999999999993e-01 2.741800000000000068e+02
1.582315160083045006e+09 1.554000000000000103e-01 2.741800000000000068e+02
1.582315160182019949e+09 1.555999999999999883e-01 2.741800000000000068e+02
1.582315160282277107e+09 1.555999999999999883e-01 2.741800000000000068e+02
1.582315160391772985e+09 1.554999999999999993e-01 2.741800000000000068e+02
1.582315160491533041e+09 1.555999999999999883e-01 2.741800000000000068e+02
1.582315160591017008e+09 1.554999999999999993e-01 2.741800000000000068e+02
1.582315160691066980e+09 1.554999999999999993e-01 2.741800000000000068e+02
1.582315160790846109e+09 1.554999999999999993e-01 2.741800000000000068e+02
1.582315160890580893e+09 1.554999999999999993e-01 2.741800000000000068e+02
1.582315160990339994e+09 1.554999999999999993e-01 2.741800000000000068e+02
1.582315161090111017e+09 1.554999999999999993e-01 2.741800000000000068e+02
1.582315161206190109e+09 1.554999999999999993e-01 2.741800000000000068e+02
1.582315161306149006e+09 1.554000000000000103e-01 2.741800000000000068e+02
1.582315161405195951e+09 1.554999999999999993e-01 2.741800000000000068e+02
1.582315161505131960e+09 1.554000000000000103e-01 2.741800000000000068e+02
1.582315161604244947e+09 1.554000000000000103e-01 2.741899999999999977e+02
1.582315161704176903e+09 1.554999999999999993e-01 2.741899999999999977e+02
1.582315161803091049e+09 1.554000000000000103e-01 2.741899999999999977e+02
1.582315161903105974e+09 1.554000000000000103e-01 2.741800000000000068e+02
1.582315162002199888e+09 1.554999999999999993e-01 2.741800000000000068e+02
1.582315162101999998e+09 1.554999999999999993e-01 2.741800000000000068e+02
1.582315162216238976e+09 1.554999999999999993e-01 2.741800000000000068e+02
1.582315162314996958e+09 1.554999999999999993e-01 2.741899999999999977e+02
1.582315162415057898e+09 1.555999999999999883e-01 2.741899999999999977e+02
1.582315162514086962e+09 1.555999999999999883e-01 2.741899999999999977e+02
1.582315162613993883e+09 1.554999999999999993e-01 2.741899999999999977e+02
1.582315162712877989e+09 1.554999999999999993e-01 2.741800000000000068e+02
1.582315162813154936e+09 1.554999999999999993e-01 2.741800000000000068e+02
1.582315162912017107e+09 1.554000000000000103e-01 2.741899999999999977e+02
1.582315163025952101e+09 1.552999999999999936e-01 2.741899999999999977e+02
1.582315163125920057e+09 1.554000000000000103e-01 2.741899999999999977e+02
1.582315163224920988e+09 1.554000000000000103e-01 2.741899999999999977e+02
1.582315163324865103e+09 1.552999999999999936e-01 2.741899999999999977e+02
1.582315163424108982e+09 1.554000000000000103e-01 2.741899999999999977e+02
1.582315163523941994e+09 1.552999999999999936e-01 2.741899999999999977e+02
1.582315163623049974e+09 1.554999999999999993e-01 2.741899999999999977e+02
1.582315163723023891e+09 1.552999999999999936e-01 2.741899999999999977e+02
1.582315163833508015e+09 1.552999999999999936e-01 2.741899999999999977e+02
1.582315163936137915e+09 1.552999999999999936e-01 2.741899999999999977e+02
1.582315164033066988e+09 1.554000000000000103e-01 2.741899999999999977e+02
1.582315164132839918e+09 1.554999999999999993e-01 2.741899999999999977e+02
1.582315164232594967e+09 1.554999999999999993e-01 2.741899999999999977e+02
1.582315164332333088e+09 1.554999999999999993e-01 2.741899999999999977e+02
1.582315164432157040e+09 1.554000000000000103e-01 2.741899999999999977e+02
1.582315164531893969e+09 1.554000000000000103e-01 2.741899999999999977e+02
1.582315164631634951e+09 1.554000000000000103e-01 2.741899999999999977e+02
1.582315164731409073e+09 1.554000000000000103e-01 2.741899999999999977e+02
1.582315164845711946e+09 1.554000000000000103e-01 2.741899999999999977e+02
1.582315164945785999e+09 1.554999999999999993e-01 2.741899999999999977e+02
1.582315165044883966e+09 1.554999999999999993e-01 2.741899999999999977e+02
1.582315165144818068e+09 1.554999999999999993e-01 2.741899999999999977e+02
1.582315165244795084e+09 1.554999999999999993e-01 2.741899999999999977e+02
1.582315165343770981e+09 1.554999999999999993e-01 2.741899999999999977e+02
1.582315165443820000e+09 1.554999999999999993e-01 2.741899999999999977e+02
1.582315165542753935e+09 1.554000000000000103e-01 2.741899999999999977e+02
1.582315165657013893e+09 1.552999999999999936e-01 2.741899999999999977e+02
1.582315165755691051e+09 1.554000000000000103e-01 2.741899999999999977e+02
1.582315165855843067e+09 1.552999999999999936e-01 2.741899999999999977e+02
1.582315165955768108e+09 1.552999999999999936e-01 2.741899999999999977e+02
1.582315166049719095e+09 1.552999999999999936e-01 2.741899999999999977e+02
1.582315166154750109e+09 1.552000000000000046e-01 2.741899999999999977e+02
1.582315166253640890e+09 1.552000000000000046e-01 2.741899999999999977e+02
1.582315166353516102e+09 1.550999999999999879e-01 2.741899999999999977e+02
1.582315166452687025e+09 1.552000000000000046e-01 2.741899999999999977e+02
1.582315166566714048e+09 1.552000000000000046e-01 2.741899999999999977e+02
1.582315166666738987e+09 1.550999999999999879e-01 2.741899999999999977e+02
1.582315166765556097e+09 1.552999999999999936e-01 2.741899999999999977e+02
1.582315166865792036e+09 1.552999999999999936e-01 2.741899999999999977e+02
1.582315166964485884e+09 1.552000000000000046e-01 2.741899999999999977e+02
1.582315167064692020e+09 1.552000000000000046e-01 2.741899999999999977e+02
1.582315167158946991e+09 1.552000000000000046e-01 2.741899999999999977e+02
1.582315167260027885e+09 1.552000000000000046e-01 2.741899999999999977e+02
1.582315167358470917e+09 1.552999999999999936e-01 2.741899999999999977e+02
1.582315167474836111e+09 1.552999999999999936e-01 2.741899999999999977e+02
1.582315167574634075e+09 1.552999999999999936e-01 2.741899999999999977e+02
1.582315167674396992e+09 1.552000000000000046e-01 2.741999999999999886e+02
1.582315167774158001e+09 1.552000000000000046e-01 2.741899999999999977e+02
1.582315167873884916e+09 1.552999999999999936e-01 2.741899999999999977e+02
1.582315167973651886e+09 1.552000000000000046e-01 2.741899999999999977e+02
1.582315168073415995e+09 1.552000000000000046e-01 2.741899999999999977e+02
1.582315168173182011e+09 1.552000000000000046e-01 2.741899999999999977e+02
1.582315168272552013e+09 1.552999999999999936e-01 2.741899999999999977e+02
1.582315168386676073e+09 1.552000000000000046e-01 2.741999999999999886e+02
1.582315168486480951e+09 1.552000000000000046e-01 2.741999999999999886e+02
1.582315168583946943e+09 1.552000000000000046e-01 2.741999999999999886e+02
1.582315168685461044e+09 1.550999999999999879e-01 2.741999999999999886e+02
1.582315168784630060e+09 1.550999999999999879e-01 2.741999999999999886e+02
1.582315168884592056e+09 1.552000000000000046e-01 2.741999999999999886e+02
1.582315168984359980e+09 1.552000000000000046e-01 2.741999999999999886e+02
1.582315169083328009e+09 1.552000000000000046e-01 2.741899999999999977e+02
1.582315169182521105e+09 1.552999999999999936e-01 2.741999999999999886e+02
1.582315169296479940e+09 1.552000000000000046e-01 2.741999999999999886e+02
1.582315169396429062e+09 1.552000000000000046e-01 2.741999999999999886e+02
1.582315169495388031e+09 1.552999999999999936e-01 2.741999999999999886e+02
1.582315169595370054e+09 1.552999999999999936e-01 2.741999999999999886e+02
1.582315169695389986e+09 1.554000000000000103e-01 2.741999999999999886e+02
1.582315169794334888e+09 1.552999999999999936e-01 2.741999999999999886e+02
1.582315169893474102e+09 1.554000000000000103e-01 2.741999999999999886e+02
1.582315169993361950e+09 1.552999999999999936e-01 2.741999999999999886e+02
1.582315170107316017e+09 1.552999999999999936e-01 2.741999999999999886e+02
1.582315170206449986e+09 1.554999999999999993e-01 2.741999999999999886e+02
1.582315170306363106e+09 1.554000000000000103e-01 2.741999999999999886e+02
1.582315170401175022e+09 1.554000000000000103e-01 2.741999999999999886e+02
1.582315170500951052e+09 1.554000000000000103e-01 2.741999999999999886e+02
1.582315170600719929e+09 1.554000000000000103e-01 2.741999999999999886e+02
1.582315170704361916e+09 1.554999999999999993e-01 2.741999999999999886e+02
1.582315170800281048e+09 1.554999999999999993e-01 2.741999999999999886e+02
1.582315170899981976e+09 1.554000000000000103e-01 2.741999999999999886e+02
1.582315171017287970e+09 1.554000000000000103e-01 2.741999999999999886e+02
1.582315171116134882e+09 1.554999999999999993e-01 2.741999999999999886e+02
1.582315171216176987e+09 1.554999999999999993e-01 2.741999999999999886e+02
1.582315171315277100e+09 1.554000000000000103e-01 2.741999999999999886e+02
1.582315171415169001e+09 1.554999999999999993e-01 2.741999999999999886e+02
1.582315171514219046e+09 1.554999999999999993e-01 2.741999999999999886e+02
1.582315171614221096e+09 1.555999999999999883e-01 2.741999999999999886e+02
1.582315171714092970e+09 1.554000000000000103e-01 2.741999999999999886e+02
1.582315171813314915e+09 1.554000000000000103e-01 2.741999999999999886e+02
1.582315171913283110e+09 1.554999999999999993e-01 2.741999999999999886e+02
1.582315172026308060e+09 1.554999999999999993e-01 2.741999999999999886e+02
1.582315172126080036e+09 1.554000000000000103e-01 2.741999999999999886e+02
1.582315172225121975e+09 1.554999999999999993e-01 2.741999999999999886e+02
1.582315172325079918e+09 1.554999999999999993e-01 2.741999999999999886e+02
