# 
# Duration (in s): 60
# Pointing Position of the Horn: Calibrator paddle
# Angle pointing (from vertical): 87.5
# Calibrator used: YES
# Weather: very clear
# Units: tenth microWatt
# Comments: calibration (liquid nitrogen)
1.582320189293973923e+09 8.193000000000000282e-01 0.000000000000000000e+00
1.582320189386122942e+09 8.195999999999999952e-01 0.000000000000000000e+00
1.582320189481353045e+09 8.195000000000000062e-01 0.000000000000000000e+00
1.582320189585189104e+09 8.194000000000000172e-01 0.000000000000000000e+00
1.582320189699162006e+09 8.194000000000000172e-01 0.000000000000000000e+00
1.582320189799036026e+09 8.195000000000000062e-01 0.000000000000000000e+00
1.582320189898044109e+09 8.194000000000000172e-01 0.000000000000000000e+00
1.582320189997092009e+09 8.195999999999999952e-01 0.000000000000000000e+00
1.582320190096936941e+09 8.197999999999999732e-01 0.000000000000000000e+00
1.582320190196161032e+09 8.195999999999999952e-01 0.000000000000000000e+00
1.582320190296056032e+09 8.195999999999999952e-01 0.000000000000000000e+00
1.582320190390978098e+09 8.201000000000000512e-01 0.000000000000000000e+00
1.582320190509004116e+09 8.199999999999999512e-01 0.000000000000000000e+00
1.582320190608071089e+09 8.203000000000000291e-01 0.000000000000000000e+00
1.582320190707896948e+09 8.202000000000000401e-01 0.000000000000000000e+00
1.582320190806160927e+09 8.203000000000000291e-01 0.000000000000000000e+00
1.582320190907035112e+09 8.201000000000000512e-01 0.000000000000000000e+00
1.582320191006848097e+09 8.206999999999999851e-01 0.000000000000000000e+00
1.582320191105966091e+09 8.197999999999999732e-01 0.000000000000000000e+00
1.582320191204890013e+09 8.199999999999999512e-01 0.000000000000000000e+00
1.582320191304927111e+09 8.194000000000000172e-01 0.000000000000000000e+00
1.582320191415174961e+09 8.193000000000000282e-01 0.000000000000000000e+00
1.582320191514933109e+09 8.194000000000000172e-01 0.000000000000000000e+00
1.582320191614697933e+09 8.192000000000000393e-01 0.000000000000000000e+00
1.582320191714468002e+09 8.188999999999999613e-01 0.000000000000000000e+00
1.582320191814232111e+09 8.195000000000000062e-01 0.000000000000000000e+00
1.582320191913997889e+09 8.193000000000000282e-01 0.000000000000000000e+00
1.582320192009963989e+09 8.194000000000000172e-01 0.000000000000000000e+00
1.582320192113519907e+09 8.191000000000000503e-01 0.000000000000000000e+00
1.582320192228779078e+09 8.193000000000000282e-01 0.000000000000000000e+00
1.582320192327863932e+09 8.193000000000000282e-01 0.000000000000000000e+00
1.582320192427859068e+09 8.191000000000000503e-01 0.000000000000000000e+00
1.582320192526912928e+09 8.193000000000000282e-01 0.000000000000000000e+00
1.582320192625736952e+09 8.193000000000000282e-01 0.000000000000000000e+00
1.582320192725668907e+09 8.193000000000000282e-01 0.000000000000000000e+00
1.582320192824832916e+09 8.194000000000000172e-01 0.000000000000000000e+00
1.582320192924926996e+09 8.193000000000000282e-01 0.000000000000000000e+00
1.582320193035733938e+09 8.191000000000000503e-01 0.000000000000000000e+00
1.582320193137757063e+09 8.187999999999999723e-01 0.000000000000000000e+00
1.582320193237823963e+09 8.188999999999999613e-01 0.000000000000000000e+00
1.582320193336669922e+09 8.189999999999999503e-01 0.000000000000000000e+00
1.582320193436621904e+09 8.192000000000000393e-01 0.000000000000000000e+00
1.582320193535413027e+09 8.189999999999999503e-01 0.000000000000000000e+00
1.582320193635735035e+09 8.191000000000000503e-01 0.000000000000000000e+00
1.582320193734642982e+09 8.191000000000000503e-01 0.000000000000000000e+00
1.582320193848767996e+09 8.189999999999999503e-01 0.000000000000000000e+00
1.582320193946496964e+09 8.193000000000000282e-01 0.000000000000000000e+00
1.582320194043575048e+09 8.191000000000000503e-01 0.000000000000000000e+00
1.582320194145647049e+09 8.188999999999999613e-01 0.000000000000000000e+00
1.582320194241688967e+09 8.191000000000000503e-01 0.000000000000000000e+00
1.582320194341546059e+09 8.188999999999999613e-01 0.000000000000000000e+00
1.582320194441293001e+09 8.186999999999999833e-01 0.000000000000000000e+00
1.582320194539705992e+09 8.192000000000000393e-01 0.000000000000000000e+00
1.582320194657437086e+09 8.186999999999999833e-01 0.000000000000000000e+00
1.582320194757220984e+09 8.187999999999999723e-01 0.000000000000000000e+00
1.582320194854449987e+09 8.188999999999999613e-01 0.000000000000000000e+00
1.582320194956427097e+09 8.192000000000000393e-01 0.000000000000000000e+00
1.582320195056340933e+09 8.187999999999999723e-01 0.000000000000000000e+00
1.582320195150921106e+09 8.188999999999999613e-01 0.000000000000000000e+00
1.582320195255512953e+09 8.187999999999999723e-01 0.000000000000000000e+00
1.582320195354700089e+09 8.191000000000000503e-01 0.000000000000000000e+00
1.582320195468554974e+09 8.189999999999999503e-01 0.000000000000000000e+00
1.582320195567553043e+09 8.188999999999999613e-01 0.000000000000000000e+00
1.582320195667659998e+09 8.189999999999999503e-01 0.000000000000000000e+00
1.582320195763163090e+09 8.188999999999999613e-01 0.000000000000000000e+00
1.582320195866672993e+09 8.189999999999999503e-01 0.000000000000000000e+00
1.582320195965528011e+09 8.193000000000000282e-01 0.000000000000000000e+00
1.582320196065387964e+09 8.192000000000000393e-01 0.000000000000000000e+00
1.582320196164482117e+09 8.193000000000000282e-01 0.000000000000000000e+00
1.582320196278620005e+09 8.194000000000000172e-01 0.000000000000000000e+00
1.582320196372214079e+09 8.193000000000000282e-01 0.000000000000000000e+00
1.582320196477341890e+09 8.194000000000000172e-01 0.000000000000000000e+00
1.582320196576118946e+09 8.188999999999999613e-01 0.000000000000000000e+00
1.582320196676399946e+09 8.188999999999999613e-01 0.000000000000000000e+00
1.582320196771662951e+09 8.188999999999999613e-01 0.000000000000000000e+00
1.582320196871473074e+09 8.185999999999999943e-01 0.000000000000000000e+00
1.582320196970052004e+09 8.187999999999999723e-01 0.000000000000000000e+00
1.582320197084901094e+09 8.186999999999999833e-01 0.000000000000000000e+00
1.582320197184623957e+09 8.183000000000000274e-01 0.000000000000000000e+00
1.582320197284415007e+09 8.182000000000000384e-01 0.000000000000000000e+00
1.582320197382122993e+09 8.182000000000000384e-01 0.000000000000000000e+00
1.582320197485789061e+09 8.182000000000000384e-01 0.000000000000000000e+00
1.582320197583535910e+09 8.183000000000000274e-01 0.000000000000000000e+00
1.582320197683485985e+09 8.182000000000000384e-01 0.000000000000000000e+00
1.582320197783241034e+09 8.187999999999999723e-01 0.000000000000000000e+00
1.582320197893910885e+09 8.185999999999999943e-01 0.000000000000000000e+00
1.582320197997292995e+09 8.189999999999999503e-01 0.000000000000000000e+00
1.582320198097318888e+09 8.188999999999999613e-01 0.000000000000000000e+00
1.582320198196331024e+09 8.191000000000000503e-01 0.000000000000000000e+00
1.582320198296221972e+09 8.188999999999999613e-01 0.000000000000000000e+00
1.582320198392956018e+09 8.191000000000000503e-01 0.000000000000000000e+00
1.582320198495223045e+09 8.193000000000000282e-01 0.000000000000000000e+00
1.582320198608266115e+09 8.191000000000000503e-01 0.000000000000000000e+00
1.582320198707264900e+09 8.189999999999999503e-01 0.000000000000000000e+00
1.582320198802217960e+09 8.185999999999999943e-01 0.000000000000000000e+00
1.582320198907114983e+09 8.188999999999999613e-01 0.000000000000000000e+00
1.582320199001727104e+09 8.187999999999999723e-01 0.000000000000000000e+00
1.582320199101362944e+09 8.185000000000000053e-01 0.000000000000000000e+00
1.582320199204968929e+09 8.185000000000000053e-01 0.000000000000000000e+00
1.582320199305188894e+09 8.185999999999999943e-01 0.000000000000000000e+00
1.582320199415730000e+09 8.185999999999999943e-01 0.000000000000000000e+00
1.582320199518345118e+09 8.188999999999999613e-01 0.000000000000000000e+00
1.582320199611960888e+09 8.186999999999999833e-01 0.000000000000000000e+00
1.582320199714134932e+09 8.187999999999999723e-01 0.000000000000000000e+00
1.582320199811688900e+09 8.193000000000000282e-01 0.000000000000000000e+00
1.582320199915359020e+09 8.193000000000000282e-01 0.000000000000000000e+00
1.582320200011338949e+09 8.191000000000000503e-01 0.000000000000000000e+00
1.582320200114603043e+09 8.194000000000000172e-01 0.000000000000000000e+00
1.582320200227504015e+09 8.191000000000000503e-01 0.000000000000000000e+00
1.582320200327229023e+09 8.194000000000000172e-01 0.000000000000000000e+00
1.582320200427067995e+09 8.189999999999999503e-01 0.000000000000000000e+00
1.582320200522738934e+09 8.187999999999999723e-01 0.000000000000000000e+00
1.582320200626183987e+09 8.187999999999999723e-01 0.000000000000000000e+00
1.582320200726182938e+09 8.185999999999999943e-01 0.000000000000000000e+00
1.582320200825073004e+09 8.186999999999999833e-01 0.000000000000000000e+00
1.582320200939038992e+09 8.184000000000000163e-01 0.000000000000000000e+00
1.582320201039031029e+09 8.182000000000000384e-01 0.000000000000000000e+00
1.582320201138036966e+09 8.185000000000000053e-01 0.000000000000000000e+00
1.582320201237893105e+09 8.185999999999999943e-01 0.000000000000000000e+00
1.582320201333019018e+09 8.186999999999999833e-01 0.000000000000000000e+00
1.582320201437109947e+09 8.185999999999999943e-01 0.000000000000000000e+00
1.582320201536007881e+09 8.185000000000000053e-01 0.000000000000000000e+00
1.582320201635981083e+09 8.188999999999999613e-01 0.000000000000000000e+00
1.582320201734766960e+09 8.187999999999999723e-01 0.000000000000000000e+00
1.582320201848947048e+09 8.185999999999999943e-01 0.000000000000000000e+00
1.582320201948267937e+09 8.189999999999999503e-01 0.000000000000000000e+00
1.582320202047908068e+09 8.188999999999999613e-01 0.000000000000000000e+00
1.582320202146974087e+09 8.187999999999999723e-01 0.000000000000000000e+00
1.582320202241962910e+09 8.188999999999999613e-01 0.000000000000000000e+00
1.582320202341155052e+09 8.186999999999999833e-01 0.000000000000000000e+00
1.582320202443439960e+09 8.186999999999999833e-01 0.000000000000000000e+00
1.582320202540431976e+09 8.187999999999999723e-01 0.000000000000000000e+00
1.582320202654809952e+09 8.186999999999999833e-01 0.000000000000000000e+00
1.582320202754556894e+09 8.189999999999999503e-01 0.000000000000000000e+00
1.582320202854437113e+09 8.188999999999999613e-01 0.000000000000000000e+00
1.582320202954301119e+09 8.187999999999999723e-01 0.000000000000000000e+00
1.582320203054068089e+09 8.186999999999999833e-01 0.000000000000000000e+00
1.582320203151457071e+09 8.185999999999999943e-01 0.000000000000000000e+00
1.582320203253314972e+09 8.182000000000000384e-01 0.000000000000000000e+00
1.582320203368752956e+09 8.181000000000000494e-01 0.000000000000000000e+00
1.582320203465439081e+09 8.184000000000000163e-01 0.000000000000000000e+00
1.582320203567879915e+09 8.185999999999999943e-01 0.000000000000000000e+00
1.582320203667879105e+09 8.185000000000000053e-01 0.000000000000000000e+00
1.582320203766794920e+09 8.186999999999999833e-01 0.000000000000000000e+00
1.582320203866610050e+09 8.185000000000000053e-01 0.000000000000000000e+00
1.582320203965611935e+09 8.186999999999999833e-01 0.000000000000000000e+00
1.582320204065877914e+09 8.187999999999999723e-01 0.000000000000000000e+00
1.582320204178806067e+09 8.186999999999999833e-01 0.000000000000000000e+00
1.582320204278888941e+09 8.189999999999999503e-01 0.000000000000000000e+00
1.582320204377655983e+09 8.192000000000000393e-01 0.000000000000000000e+00
1.582320204477777004e+09 8.193000000000000282e-01 0.000000000000000000e+00
1.582320204576770067e+09 8.191000000000000503e-01 0.000000000000000000e+00
1.582320204676815033e+09 8.187999999999999723e-01 0.000000000000000000e+00
1.582320204775696993e+09 8.186999999999999833e-01 0.000000000000000000e+00
1.582320204875737906e+09 8.188999999999999613e-01 0.000000000000000000e+00
1.582320204974598885e+09 8.189999999999999503e-01 0.000000000000000000e+00
1.582320205088704109e+09 8.187999999999999723e-01 0.000000000000000000e+00
1.582320205187594891e+09 8.185999999999999943e-01 0.000000000000000000e+00
1.582320205287553072e+09 8.188999999999999613e-01 0.000000000000000000e+00
1.582320205381776094e+09 8.185999999999999943e-01 0.000000000000000000e+00
1.582320205486603022e+09 8.186999999999999833e-01 0.000000000000000000e+00
1.582320205581337929e+09 8.186999999999999833e-01 0.000000000000000000e+00
1.582320205681061029e+09 8.185000000000000053e-01 0.000000000000000000e+00
1.582320205780834913e+09 8.182000000000000384e-01 0.000000000000000000e+00
1.582320205881721020e+09 8.184000000000000163e-01 0.000000000000000000e+00
1.582320205998661995e+09 8.182000000000000384e-01 0.000000000000000000e+00
1.582320206097522020e+09 8.187999999999999723e-01 0.000000000000000000e+00
1.582320206196708918e+09 8.186999999999999833e-01 0.000000000000000000e+00
1.582320206296309948e+09 8.186999999999999833e-01 0.000000000000000000e+00
1.582320206395713091e+09 8.188999999999999613e-01 0.000000000000000000e+00
1.582320206495495081e+09 8.187999999999999723e-01 0.000000000000000000e+00
1.582320206594618082e+09 8.188999999999999613e-01 0.000000000000000000e+00
1.582320206694554090e+09 8.186999999999999833e-01 0.000000000000000000e+00
1.582320206807568073e+09 8.187999999999999723e-01 0.000000000000000000e+00
1.582320206907406092e+09 8.186999999999999833e-01 0.000000000000000000e+00
1.582320207006582022e+09 8.188999999999999613e-01 0.000000000000000000e+00
1.582320207106631994e+09 8.186999999999999833e-01 0.000000000000000000e+00
1.582320207205528975e+09 8.185000000000000053e-01 0.000000000000000000e+00
1.582320207305485964e+09 8.185000000000000053e-01 0.000000000000000000e+00
1.582320207404583931e+09 8.185000000000000053e-01 0.000000000000000000e+00
1.582320207504519939e+09 8.185999999999999943e-01 0.000000000000000000e+00
1.582320207603538036e+09 8.177999999999999714e-01 0.000000000000000000e+00
1.582320207703413963e+09 8.185000000000000053e-01 0.000000000000000000e+00
1.582320207816440105e+09 8.183000000000000274e-01 0.000000000000000000e+00
1.582320207915661097e+09 8.182000000000000384e-01 0.000000000000000000e+00
1.582320208015364885e+09 8.186999999999999833e-01 0.000000000000000000e+00
1.582320208115330935e+09 8.185000000000000053e-01 0.000000000000000000e+00
1.582320208214272976e+09 8.184000000000000163e-01 0.000000000000000000e+00
1.582320208314435005e+09 8.182000000000000384e-01 0.000000000000000000e+00
1.582320208413429976e+09 8.184000000000000163e-01 0.000000000000000000e+00
1.582320208513251066e+09 8.185999999999999943e-01 0.000000000000000000e+00
1.582320208626245022e+09 8.186999999999999833e-01 0.000000000000000000e+00
1.582320208723773956e+09 8.189999999999999503e-01 0.000000000000000000e+00
1.582320208823555946e+09 8.188999999999999613e-01 0.000000000000000000e+00
1.582320208923316002e+09 8.187999999999999723e-01 0.000000000000000000e+00
1.582320209023097038e+09 8.189999999999999503e-01 0.000000000000000000e+00
1.582320209122848034e+09 8.189999999999999503e-01 0.000000000000000000e+00
1.582320209222620964e+09 8.186999999999999833e-01 0.000000000000000000e+00
1.582320209337308884e+09 8.188999999999999613e-01 0.000000000000000000e+00
1.582320209437350988e+09 8.186999999999999833e-01 0.000000000000000000e+00
1.582320209536235094e+09 8.185999999999999943e-01 0.000000000000000000e+00
1.582320209636073112e+09 8.186999999999999833e-01 0.000000000000000000e+00
1.582320209735380888e+09 8.184000000000000163e-01 0.000000000000000000e+00
1.582320209834104061e+09 8.189999999999999503e-01 0.000000000000000000e+00
1.582320209934072971e+09 8.188999999999999613e-01 0.000000000000000000e+00
1.582320210033251047e+09 8.185000000000000053e-01 0.000000000000000000e+00
1.582320210133125067e+09 8.185999999999999943e-01 0.000000000000000000e+00
1.582320210232141018e+09 8.185000000000000053e-01 0.000000000000000000e+00
1.582320210346194983e+09 8.186999999999999833e-01 0.000000000000000000e+00
1.582320210445137978e+09 8.185999999999999943e-01 0.000000000000000000e+00
1.582320210545094967e+09 8.185000000000000053e-01 0.000000000000000000e+00
1.582320210644097090e+09 8.185999999999999943e-01 0.000000000000000000e+00
1.582320210744139910e+09 8.192000000000000393e-01 0.000000000000000000e+00
1.582320210843060017e+09 8.188999999999999613e-01 0.000000000000000000e+00
1.582320210943089962e+09 8.188999999999999613e-01 0.000000000000000000e+00
1.582320211042030096e+09 8.192000000000000393e-01 0.000000000000000000e+00
1.582320211142055988e+09 8.194000000000000172e-01 0.000000000000000000e+00
1.582320211251101971e+09 8.189999999999999503e-01 0.000000000000000000e+00
1.582320211350864887e+09 8.191000000000000503e-01 0.000000000000000000e+00
1.582320211450637102e+09 8.192000000000000393e-01 0.000000000000000000e+00
1.582320211550424099e+09 8.187999999999999723e-01 0.000000000000000000e+00
1.582320211650144100e+09 8.192000000000000393e-01 0.000000000000000000e+00
1.582320211749862909e+09 8.191000000000000503e-01 0.000000000000000000e+00
1.582320211852065086e+09 8.187999999999999723e-01 0.000000000000000000e+00
1.582320211949423075e+09 8.187999999999999723e-01 0.000000000000000000e+00
1.582320212065815926e+09 8.185000000000000053e-01 0.000000000000000000e+00
1.582320212165096998e+09 8.185000000000000053e-01 0.000000000000000000e+00
1.582320212264875889e+09 8.185000000000000053e-01 0.000000000000000000e+00
1.582320212363967896e+09 8.185999999999999943e-01 0.000000000000000000e+00
1.582320212463979959e+09 8.187999999999999723e-01 0.000000000000000000e+00
1.582320212563106060e+09 8.191000000000000503e-01 0.000000000000000000e+00
1.582320212662018061e+09 8.191000000000000503e-01 0.000000000000000000e+00
1.582320212775588036e+09 8.193000000000000282e-01 0.000000000000000000e+00
1.582320212875998020e+09 8.189999999999999503e-01 0.000000000000000000e+00
1.582320212974761963e+09 8.191000000000000503e-01 0.000000000000000000e+00
1.582320213074919939e+09 8.194000000000000172e-01 0.000000000000000000e+00
1.582320213173840046e+09 8.193000000000000282e-01 0.000000000000000000e+00
1.582320213273750067e+09 8.194000000000000172e-01 0.000000000000000000e+00
1.582320213372831106e+09 8.196999999999999842e-01 0.000000000000000000e+00
1.582320213472834110e+09 8.195999999999999952e-01 0.000000000000000000e+00
1.582320213571893930e+09 8.195999999999999952e-01 0.000000000000000000e+00
1.582320213671817064e+09 8.195000000000000062e-01 0.000000000000000000e+00
1.582320213784950018e+09 8.193000000000000282e-01 0.000000000000000000e+00
1.582320213881469011e+09 8.195000000000000062e-01 0.000000000000000000e+00
1.582320213983997107e+09 8.195000000000000062e-01 0.000000000000000000e+00
1.582320214083870888e+09 8.193000000000000282e-01 0.000000000000000000e+00
1.582320214182674885e+09 8.194000000000000172e-01 0.000000000000000000e+00
1.582320214282736063e+09 8.195000000000000062e-01 0.000000000000000000e+00
1.582320214381449938e+09 8.193000000000000282e-01 0.000000000000000000e+00
1.582320214478749990e+09 8.193000000000000282e-01 0.000000000000000000e+00
1.582320214594767094e+09 8.192000000000000393e-01 0.000000000000000000e+00
1.582320214692851067e+09 8.187999999999999723e-01 0.000000000000000000e+00
1.582320214792624950e+09 8.185999999999999943e-01 0.000000000000000000e+00
1.582320214892386913e+09 8.186999999999999833e-01 0.000000000000000000e+00
1.582320214992147923e+09 8.189999999999999503e-01 0.000000000000000000e+00
1.582320215091799021e+09 8.188999999999999613e-01 0.000000000000000000e+00
1.582320215191581964e+09 8.185000000000000053e-01 0.000000000000000000e+00
1.582320215305711031e+09 8.182000000000000384e-01 0.000000000000000000e+00
1.582320215404799938e+09 8.184000000000000163e-01 0.000000000000000000e+00
1.582320215504658937e+09 8.187999999999999723e-01 0.000000000000000000e+00
1.582320215603852987e+09 8.182000000000000384e-01 0.000000000000000000e+00
1.582320215700608015e+09 8.185000000000000053e-01 0.000000000000000000e+00
1.582320215802572966e+09 8.185999999999999943e-01 0.000000000000000000e+00
1.582320215902627945e+09 8.184000000000000163e-01 0.000000000000000000e+00
1.582320216001564980e+09 8.184000000000000163e-01 0.000000000000000000e+00
1.582320216101547003e+09 8.187999999999999723e-01 0.000000000000000000e+00
1.582320216200660944e+09 8.186999999999999833e-01 0.000000000000000000e+00
1.582320216314646006e+09 8.183000000000000274e-01 0.000000000000000000e+00
1.582320216413609982e+09 8.183000000000000274e-01 0.000000000000000000e+00
1.582320216513483047e+09 8.182000000000000384e-01 0.000000000000000000e+00
1.582320216612606049e+09 8.184000000000000163e-01 0.000000000000000000e+00
1.582320216712460995e+09 8.184000000000000163e-01 0.000000000000000000e+00
1.582320216811501980e+09 8.184000000000000163e-01 0.000000000000000000e+00
1.582320216911478043e+09 8.186999999999999833e-01 0.000000000000000000e+00
1.582320217010574102e+09 8.183000000000000274e-01 0.000000000000000000e+00
1.582320217110632896e+09 8.182000000000000384e-01 0.000000000000000000e+00
1.582320217220155954e+09 8.179999999999999494e-01 0.000000000000000000e+00
1.582320217319921970e+09 8.183000000000000274e-01 0.000000000000000000e+00
1.582320217419584036e+09 8.183000000000000274e-01 0.000000000000000000e+00
1.582320217519453049e+09 8.186999999999999833e-01 0.000000000000000000e+00
1.582320217621665955e+09 8.182000000000000384e-01 0.000000000000000000e+00
1.582320217719019890e+09 8.185000000000000053e-01 0.000000000000000000e+00
1.582320217820605040e+09 8.185000000000000053e-01 0.000000000000000000e+00
1.582320217915695906e+09 8.183000000000000274e-01 0.000000000000000000e+00
1.582320218033507109e+09 8.183000000000000274e-01 0.000000000000000000e+00
1.582320218133424997e+09 8.185999999999999943e-01 0.000000000000000000e+00
1.582320218232440948e+09 8.186999999999999833e-01 0.000000000000000000e+00
1.582320218332340956e+09 8.185999999999999943e-01 0.000000000000000000e+00
1.582320218431463003e+09 8.184000000000000163e-01 0.000000000000000000e+00
1.582320218531339884e+09 8.185999999999999943e-01 0.000000000000000000e+00
1.582320218630455017e+09 8.183000000000000274e-01 0.000000000000000000e+00
1.582320218743315935e+09 8.185999999999999943e-01 0.000000000000000000e+00
1.582320218843209028e+09 8.185000000000000053e-01 0.000000000000000000e+00
1.582320218943300962e+09 8.183000000000000274e-01 0.000000000000000000e+00
1.582320219043220997e+09 8.184000000000000163e-01 0.000000000000000000e+00
1.582320219142441988e+09 8.185999999999999943e-01 0.000000000000000000e+00
1.582320219241329908e+09 8.185999999999999943e-01 0.000000000000000000e+00
1.582320219341224909e+09 8.177999999999999714e-01 0.000000000000000000e+00
1.582320219440346003e+09 8.183000000000000274e-01 0.000000000000000000e+00
1.582320219540221930e+09 8.182000000000000384e-01 0.000000000000000000e+00
1.582320219637962103e+09 8.182000000000000384e-01 0.000000000000000000e+00
1.582320219753310919e+09 8.182000000000000384e-01 0.000000000000000000e+00
1.582320219852163076e+09 8.181000000000000494e-01 0.000000000000000000e+00
1.582320219952318907e+09 8.181000000000000494e-01 0.000000000000000000e+00
1.582320220046746969e+09 8.183000000000000274e-01 0.000000000000000000e+00
1.582320220146500111e+09 8.181000000000000494e-01 0.000000000000000000e+00
1.582320220246256113e+09 8.184000000000000163e-01 0.000000000000000000e+00
1.582320220346021891e+09 8.183000000000000274e-01 0.000000000000000000e+00
1.582320220445786953e+09 8.183000000000000274e-01 0.000000000000000000e+00
1.582320220562206030e+09 8.185999999999999943e-01 0.000000000000000000e+00
1.582320220661946058e+09 8.182000000000000384e-01 0.000000000000000000e+00
1.582320220761746883e+09 8.182000000000000384e-01 0.000000000000000000e+00
1.582320220861221075e+09 8.185000000000000053e-01 0.000000000000000000e+00
1.582320220961036921e+09 8.184000000000000163e-01 0.000000000000000000e+00
1.582320221060199022e+09 8.186999999999999833e-01 0.000000000000000000e+00
1.582320221160271883e+09 8.184000000000000163e-01 0.000000000000000000e+00
1.582320221274136066e+09 8.185000000000000053e-01 0.000000000000000000e+00
1.582320221373207092e+09 8.185000000000000053e-01 0.000000000000000000e+00
1.582320221472995996e+09 8.184000000000000163e-01 0.000000000000000000e+00
1.582320221572249889e+09 8.187999999999999723e-01 0.000000000000000000e+00
1.582320221672107935e+09 8.185000000000000053e-01 0.000000000000000000e+00
1.582320221771173954e+09 8.185000000000000053e-01 0.000000000000000000e+00
1.582320221869997978e+09 8.183000000000000274e-01 0.000000000000000000e+00
1.582320221970020056e+09 8.185999999999999943e-01 0.000000000000000000e+00
1.582320222068984985e+09 8.188999999999999613e-01 0.000000000000000000e+00
1.582320222169120073e+09 8.185999999999999943e-01 0.000000000000000000e+00
1.582320222283066988e+09 8.183000000000000274e-01 0.000000000000000000e+00
1.582320222381198883e+09 8.185999999999999943e-01 0.000000000000000000e+00
1.582320222478487968e+09 8.184000000000000163e-01 0.000000000000000000e+00
1.582320222580966949e+09 8.185000000000000053e-01 0.000000000000000000e+00
1.582320222680001974e+09 8.184000000000000163e-01 0.000000000000000000e+00
1.582320222779894114e+09 8.184000000000000163e-01 0.000000000000000000e+00
1.582320222878896952e+09 8.185000000000000053e-01 0.000000000000000000e+00
1.582320222979006052e+09 8.187999999999999723e-01 0.000000000000000000e+00
1.582320223089457035e+09 8.187999999999999723e-01 0.000000000000000000e+00
1.582320223189219952e+09 8.186999999999999833e-01 0.000000000000000000e+00
1.582320223288985014e+09 8.189999999999999503e-01 0.000000000000000000e+00
1.582320223388753891e+09 8.187999999999999723e-01 0.000000000000000000e+00
1.582320223488513947e+09 8.185999999999999943e-01 0.000000000000000000e+00
1.582320223588278055e+09 8.186999999999999833e-01 0.000000000000000000e+00
1.582320223688043118e+09 8.184000000000000163e-01 0.000000000000000000e+00
1.582320223787802935e+09 8.187999999999999723e-01 0.000000000000000000e+00
1.582320223887533903e+09 8.188999999999999613e-01 0.000000000000000000e+00
1.582320224002000093e+09 8.184000000000000163e-01 0.000000000000000000e+00
1.582320224101969004e+09 8.187999999999999723e-01 0.000000000000000000e+00
1.582320224200880051e+09 8.185000000000000053e-01 0.000000000000000000e+00
1.582320224300654888e+09 8.184000000000000163e-01 0.000000000000000000e+00
1.582320224399817944e+09 8.185000000000000053e-01 0.000000000000000000e+00
1.582320224498728991e+09 8.184000000000000163e-01 0.000000000000000000e+00
1.582320224598683119e+09 8.182000000000000384e-01 0.000000000000000000e+00
1.582320224695668936e+09 8.185999999999999943e-01 0.000000000000000000e+00
1.582320224811841965e+09 8.185000000000000053e-01 0.000000000000000000e+00
1.582320224911838055e+09 8.186999999999999833e-01 0.000000000000000000e+00
1.582320225010906935e+09 8.185999999999999943e-01 0.000000000000000000e+00
1.582320225110760927e+09 8.185000000000000053e-01 0.000000000000000000e+00
1.582320225209747076e+09 8.185000000000000053e-01 0.000000000000000000e+00
1.582320225309700012e+09 8.185000000000000053e-01 0.000000000000000000e+00
1.582320225408772945e+09 8.185000000000000053e-01 0.000000000000000000e+00
1.582320225508855104e+09 8.184000000000000163e-01 0.000000000000000000e+00
1.582320225607714891e+09 8.183000000000000274e-01 0.000000000000000000e+00
1.582320225721712112e+09 8.185000000000000053e-01 0.000000000000000000e+00
1.582320225816293955e+09 8.184000000000000163e-01 0.000000000000000000e+00
1.582320225915908098e+09 8.184000000000000163e-01 0.000000000000000000e+00
1.582320226015786886e+09 8.182000000000000384e-01 0.000000000000000000e+00
1.582320226115556002e+09 8.179999999999999494e-01 0.000000000000000000e+00
1.582320226215291977e+09 8.179999999999999494e-01 0.000000000000000000e+00
1.582320226315087080e+09 8.184000000000000163e-01 0.000000000000000000e+00
1.582320226414764881e+09 8.184000000000000163e-01 0.000000000000000000e+00
1.582320226531250954e+09 8.185000000000000053e-01 0.000000000000000000e+00
1.582320226630629063e+09 8.186999999999999833e-01 0.000000000000000000e+00
1.582320226730657101e+09 8.185000000000000053e-01 0.000000000000000000e+00
1.582320226829595089e+09 8.182000000000000384e-01 0.000000000000000000e+00
1.582320226924983978e+09 8.182000000000000384e-01 0.000000000000000000e+00
1.582320227028568029e+09 8.185999999999999943e-01 0.000000000000000000e+00
1.582320227128568888e+09 8.186999999999999833e-01 0.000000000000000000e+00
1.582320227241462946e+09 8.186999999999999833e-01 0.000000000000000000e+00
1.582320227341562033e+09 8.188999999999999613e-01 0.000000000000000000e+00
1.582320227440562963e+09 8.185000000000000053e-01 0.000000000000000000e+00
1.582320227540575981e+09 8.186999999999999833e-01 0.000000000000000000e+00
1.582320227639645100e+09 8.185999999999999943e-01 0.000000000000000000e+00
1.582320227739691019e+09 8.183000000000000274e-01 0.000000000000000000e+00
1.582320227838449001e+09 8.185000000000000053e-01 0.000000000000000000e+00
1.582320227938457966e+09 8.184000000000000163e-01 0.000000000000000000e+00
1.582320228037497997e+09 8.184000000000000163e-01 0.000000000000000000e+00
1.582320228134795904e+09 8.186999999999999833e-01 0.000000000000000000e+00
1.582320228250397921e+09 8.183000000000000274e-01 0.000000000000000000e+00
1.582320228350383043e+09 8.185000000000000053e-01 0.000000000000000000e+00
1.582320228449408054e+09 8.185999999999999943e-01 0.000000000000000000e+00
1.582320228549417019e+09 8.185000000000000053e-01 0.000000000000000000e+00
1.582320228648399115e+09 8.187999999999999723e-01 0.000000000000000000e+00
1.582320228748311996e+09 8.184000000000000163e-01 0.000000000000000000e+00
1.582320228847438097e+09 8.187999999999999723e-01 0.000000000000000000e+00
1.582320228947498083e+09 8.185000000000000053e-01 0.000000000000000000e+00
1.582320229041894913e+09 8.187999999999999723e-01 0.000000000000000000e+00
1.582320229158272982e+09 8.185999999999999943e-01 0.000000000000000000e+00
1.582320229258039951e+09 8.187999999999999723e-01 0.000000000000000000e+00
1.582320229357808113e+09 8.184000000000000163e-01 0.000000000000000000e+00
1.582320229457607031e+09 8.185000000000000053e-01 0.000000000000000000e+00
1.582320229558325052e+09 8.187999999999999723e-01 0.000000000000000000e+00
1.582320229657102108e+09 8.186999999999999833e-01 0.000000000000000000e+00
1.582320229756969929e+09 8.186999999999999833e-01 0.000000000000000000e+00
1.582320229856451035e+09 8.189999999999999503e-01 0.000000000000000000e+00
1.582320229970382929e+09 8.188999999999999613e-01 0.000000000000000000e+00
1.582320230069448948e+09 8.189999999999999503e-01 0.000000000000000000e+00
1.582320230169322014e+09 8.189999999999999503e-01 0.000000000000000000e+00
1.582320230268246889e+09 8.189999999999999503e-01 0.000000000000000000e+00
1.582320230368124008e+09 8.194000000000000172e-01 0.000000000000000000e+00
1.582320230467279911e+09 8.194000000000000172e-01 0.000000000000000000e+00
1.582320230567343950e+09 8.191000000000000503e-01 0.000000000000000000e+00
1.582320230680533886e+09 8.192000000000000393e-01 0.000000000000000000e+00
1.582320230780189037e+09 8.187999999999999723e-01 0.000000000000000000e+00
1.582320230879247904e+09 8.191000000000000503e-01 0.000000000000000000e+00
1.582320230979319096e+09 8.187999999999999723e-01 0.000000000000000000e+00
1.582320231078427076e+09 8.185999999999999943e-01 0.000000000000000000e+00
1.582320231178194046e+09 8.184000000000000163e-01 0.000000000000000000e+00
1.582320231277173042e+09 8.184000000000000163e-01 0.000000000000000000e+00
1.582320231377105951e+09 8.182000000000000384e-01 0.000000000000000000e+00
1.582320231476129055e+09 8.181000000000000494e-01 0.000000000000000000e+00
1.582320231576016903e+09 8.182000000000000384e-01 0.000000000000000000e+00
1.582320231685592890e+09 8.183000000000000274e-01 0.000000000000000000e+00
1.582320231785326004e+09 8.182000000000000384e-01 0.000000000000000000e+00
1.582320231885001898e+09 8.182000000000000384e-01 0.000000000000000000e+00
1.582320231984886885e+09 8.184000000000000163e-01 0.000000000000000000e+00
1.582320232084618092e+09 8.179999999999999494e-01 0.000000000000000000e+00
1.582320232184371948e+09 8.183000000000000274e-01 0.000000000000000000e+00
1.582320232284143925e+09 8.183000000000000274e-01 0.000000000000000000e+00
1.582320232381007910e+09 8.183000000000000274e-01 0.000000000000000000e+00
1.582320232499089003e+09 8.186999999999999833e-01 0.000000000000000000e+00
1.582320232599092960e+09 8.181000000000000494e-01 0.000000000000000000e+00
1.582320232698088884e+09 8.181000000000000494e-01 0.000000000000000000e+00
1.582320232798053026e+09 8.178999999999999604e-01 0.000000000000000000e+00
1.582320232897094011e+09 8.181000000000000494e-01 0.000000000000000000e+00
1.582320232997126102e+09 8.183000000000000274e-01 0.000000000000000000e+00
1.582320233095946074e+09 8.184000000000000163e-01 0.000000000000000000e+00
1.582320233209892988e+09 8.185000000000000053e-01 0.000000000000000000e+00
1.582320233309974909e+09 8.182000000000000384e-01 0.000000000000000000e+00
1.582320233408885002e+09 8.185000000000000053e-01 0.000000000000000000e+00
1.582320233509097099e+09 8.183000000000000274e-01 0.000000000000000000e+00
1.582320233607927084e+09 8.185000000000000053e-01 0.000000000000000000e+00
1.582320233704389095e+09 8.181000000000000494e-01 0.000000000000000000e+00
1.582320233806818008e+09 8.183000000000000274e-01 0.000000000000000000e+00
1.582320233905836105e+09 8.185999999999999943e-01 0.000000000000000000e+00
1.582320234003880024e+09 8.184000000000000163e-01 0.000000000000000000e+00
1.582320234103173018e+09 8.184000000000000163e-01 0.000000000000000000e+00
1.582320234215250969e+09 8.186999999999999833e-01 0.000000000000000000e+00
1.582320234312685966e+09 8.187999999999999723e-01 0.000000000000000000e+00
1.582320234415204048e+09 8.185999999999999943e-01 0.000000000000000000e+00
1.582320234512092113e+09 8.187999999999999723e-01 0.000000000000000000e+00
1.582320234614742994e+09 8.186999999999999833e-01 0.000000000000000000e+00
1.582320234711359978e+09 8.186999999999999833e-01 0.000000000000000000e+00
1.582320234811418056e+09 8.186999999999999833e-01 0.000000000000000000e+00
1.582320234915319920e+09 8.187999999999999723e-01 0.000000000000000000e+00
1.582320235010967970e+09 8.188999999999999613e-01 0.000000000000000000e+00
1.582320235127347946e+09 8.187999999999999723e-01 0.000000000000000000e+00
1.582320235224684954e+09 8.186999999999999833e-01 0.000000000000000000e+00
1.582320235326858997e+09 8.187999999999999723e-01 0.000000000000000000e+00
1.582320235424412966e+09 8.185000000000000053e-01 0.000000000000000000e+00
1.582320235523576975e+09 8.187999999999999723e-01 0.000000000000000000e+00
1.582320235622371912e+09 8.191000000000000503e-01 0.000000000000000000e+00
1.582320235724304914e+09 8.187999999999999723e-01 0.000000000000000000e+00
1.582320235819847107e+09 8.191000000000000503e-01 0.000000000000000000e+00
1.582320235936285019e+09 8.193000000000000282e-01 0.000000000000000000e+00
1.582320236037777901e+09 8.197999999999999732e-01 0.000000000000000000e+00
1.582320236137792110e+09 8.192000000000000393e-01 0.000000000000000000e+00
1.582320236232558966e+09 8.193000000000000282e-01 0.000000000000000000e+00
1.582320236330869913e+09 8.195999999999999952e-01 0.000000000000000000e+00
1.582320236431094885e+09 8.197999999999999732e-01 0.000000000000000000e+00
1.582320236534738064e+09 8.195999999999999952e-01 0.000000000000000000e+00
1.582320236648649931e+09 8.198999999999999622e-01 0.000000000000000000e+00
1.582320236748648882e+09 8.198999999999999622e-01 0.000000000000000000e+00
1.582320236847637892e+09 8.198999999999999622e-01 0.000000000000000000e+00
1.582320236947647095e+09 8.199999999999999512e-01 0.000000000000000000e+00
1.582320237046787024e+09 8.196999999999999842e-01 0.000000000000000000e+00
1.582320237146619081e+09 8.196999999999999842e-01 0.000000000000000000e+00
1.582320237245659113e+09 8.196999999999999842e-01 0.000000000000000000e+00
1.582320237345504999e+09 8.195000000000000062e-01 0.000000000000000000e+00
1.582320237443224907e+09 8.195000000000000062e-01 0.000000000000000000e+00
1.582320237544384003e+09 8.194000000000000172e-01 0.000000000000000000e+00
1.582320237654649973e+09 8.192000000000000393e-01 0.000000000000000000e+00
1.582320237754380941e+09 8.194000000000000172e-01 0.000000000000000000e+00
1.582320237854171991e+09 8.195000000000000062e-01 0.000000000000000000e+00
1.582320237953949928e+09 8.193000000000000282e-01 0.000000000000000000e+00
1.582320238053698063e+09 8.192000000000000393e-01 0.000000000000000000e+00
1.582320238153394938e+09 8.188999999999999613e-01 0.000000000000000000e+00
1.582320238253205061e+09 8.191000000000000503e-01 0.000000000000000000e+00
1.582320238352968931e+09 8.189999999999999503e-01 0.000000000000000000e+00
1.582320238467504978e+09 8.189999999999999503e-01 0.000000000000000000e+00
1.582320238567512989e+09 8.186999999999999833e-01 0.000000000000000000e+00
1.582320238666513920e+09 8.187999999999999723e-01 0.000000000000000000e+00
1.582320238766719103e+09 8.186999999999999833e-01 0.000000000000000000e+00
1.582320238865483999e+09 8.185999999999999943e-01 0.000000000000000000e+00
1.582320238965385914e+09 8.186999999999999833e-01 0.000000000000000000e+00
1.582320239064656973e+09 8.184000000000000163e-01 0.000000000000000000e+00
1.582320239178280115e+09 8.186999999999999833e-01 0.000000000000000000e+00
1.582320239277498960e+09 8.188999999999999613e-01 0.000000000000000000e+00
1.582320239377543926e+09 8.184000000000000163e-01 0.000000000000000000e+00
1.582320239476140976e+09 8.182000000000000384e-01 0.000000000000000000e+00
1.582320239576322079e+09 8.184000000000000163e-01 0.000000000000000000e+00
1.582320239675201893e+09 8.183000000000000274e-01 0.000000000000000000e+00
1.582320239775224924e+09 8.183000000000000274e-01 0.000000000000000000e+00
1.582320239874413967e+09 8.185000000000000053e-01 0.000000000000000000e+00
1.582320239974087954e+09 8.185999999999999943e-01 0.000000000000000000e+00
1.582320240073215961e+09 8.186999999999999833e-01 0.000000000000000000e+00
1.582320240187130928e+09 8.185000000000000053e-01 0.000000000000000000e+00
1.582320240281682968e+09 8.185999999999999943e-01 0.000000000000000000e+00
1.582320240381328106e+09 8.189999999999999503e-01 0.000000000000000000e+00
1.582320240481071949e+09 8.188999999999999613e-01 0.000000000000000000e+00
1.582320240580984116e+09 8.185999999999999943e-01 0.000000000000000000e+00
1.582320240684295893e+09 8.185999999999999943e-01 0.000000000000000000e+00
1.582320240780128956e+09 8.189999999999999503e-01 0.000000000000000000e+00
1.582320240880194902e+09 8.188999999999999613e-01 0.000000000000000000e+00
1.582320240980042934e+09 8.192000000000000393e-01 0.000000000000000000e+00
1.582320241096285105e+09 8.188999999999999613e-01 0.000000000000000000e+00
1.582320241196068048e+09 8.189999999999999503e-01 0.000000000000000000e+00
1.582320241295365095e+09 8.191000000000000503e-01 0.000000000000000000e+00
1.582320241395278931e+09 8.185999999999999943e-01 0.000000000000000000e+00
1.582320241494307995e+09 8.187999999999999723e-01 0.000000000000000000e+00
1.582320241594348907e+09 8.185999999999999943e-01 0.000000000000000000e+00
1.582320241693212986e+09 8.185999999999999943e-01 0.000000000000000000e+00
1.582320241793075085e+09 8.188999999999999613e-01 0.000000000000000000e+00
1.582320241906049967e+09 8.185000000000000053e-01 0.000000000000000000e+00
1.582320242006166935e+09 8.185000000000000053e-01 0.000000000000000000e+00
1.582320242105210066e+09 8.186999999999999833e-01 0.000000000000000000e+00
1.582320242205244064e+09 8.185999999999999943e-01 0.000000000000000000e+00
1.582320242304255962e+09 8.186999999999999833e-01 0.000000000000000000e+00
1.582320242404247999e+09 8.185999999999999943e-01 0.000000000000000000e+00
1.582320242503380060e+09 8.185999999999999943e-01 0.000000000000000000e+00
1.582320242617198944e+09 8.185000000000000053e-01 0.000000000000000000e+00
1.582320242716042042e+09 8.184000000000000163e-01 0.000000000000000000e+00
1.582320242816144943e+09 8.186999999999999833e-01 0.000000000000000000e+00
1.582320242914614916e+09 8.185999999999999943e-01 0.000000000000000000e+00
1.582320243015199900e+09 8.188999999999999613e-01 0.000000000000000000e+00
1.582320243114104033e+09 8.187999999999999723e-01 0.000000000000000000e+00
1.582320243214056969e+09 8.189999999999999503e-01 0.000000000000000000e+00
1.582320243312992096e+09 8.187999999999999723e-01 0.000000000000000000e+00
1.582320243413037062e+09 8.186999999999999833e-01 0.000000000000000000e+00
1.582320243506855011e+09 8.187999999999999723e-01 0.000000000000000000e+00
1.582320243623698950e+09 8.186999999999999833e-01 0.000000000000000000e+00
1.582320243723472118e+09 8.189999999999999503e-01 0.000000000000000000e+00
1.582320243823237896e+09 8.187999999999999723e-01 0.000000000000000000e+00
1.582320243922998905e+09 8.185000000000000053e-01 0.000000000000000000e+00
1.582320244022959948e+09 8.185000000000000053e-01 0.000000000000000000e+00
1.582320244122529030e+09 8.186999999999999833e-01 0.000000000000000000e+00
1.582320244222265959e+09 8.187999999999999723e-01 0.000000000000000000e+00
1.582320244321896076e+09 8.188999999999999613e-01 0.000000000000000000e+00
1.582320244435957909e+09 8.191000000000000503e-01 0.000000000000000000e+00
1.582320244534957886e+09 8.188999999999999613e-01 0.000000000000000000e+00
1.582320244634824991e+09 8.188999999999999613e-01 0.000000000000000000e+00
1.582320244734019995e+09 8.188999999999999613e-01 0.000000000000000000e+00
1.582320244833950043e+09 8.193000000000000282e-01 0.000000000000000000e+00
1.582320244932893991e+09 8.194000000000000172e-01 0.000000000000000000e+00
1.582320245032896042e+09 8.195000000000000062e-01 0.000000000000000000e+00
1.582320245146887064e+09 8.195999999999999952e-01 0.000000000000000000e+00
1.582320245245886087e+09 8.195999999999999952e-01 0.000000000000000000e+00
1.582320245345802069e+09 8.194000000000000172e-01 0.000000000000000000e+00
1.582320245444814920e+09 8.195999999999999952e-01 0.000000000000000000e+00
1.582320245544828892e+09 8.196999999999999842e-01 0.000000000000000000e+00
1.582320245643953085e+09 8.193000000000000282e-01 0.000000000000000000e+00
1.582320245742722034e+09 8.193000000000000282e-01 0.000000000000000000e+00
1.582320245842650890e+09 8.192000000000000393e-01 0.000000000000000000e+00
1.582320245942800999e+09 8.191000000000000503e-01 0.000000000000000000e+00
1.582320246041968107e+09 8.191000000000000503e-01 0.000000000000000000e+00
1.582320246151005030e+09 8.192000000000000393e-01 0.000000000000000000e+00
1.582320246254959106e+09 8.188999999999999613e-01 0.000000000000000000e+00
1.582320246350476027e+09 8.189999999999999503e-01 0.000000000000000000e+00
1.582320246450277090e+09 8.187999999999999723e-01 0.000000000000000000e+00
1.582320246550034046e+09 8.189999999999999503e-01 0.000000000000000000e+00
1.582320246649802923e+09 8.188999999999999613e-01 0.000000000000000000e+00
1.582320246749561071e+09 8.187999999999999723e-01 0.000000000000000000e+00
1.582320246849335909e+09 8.188999999999999613e-01 0.000000000000000000e+00
1.582320246949100018e+09 8.193000000000000282e-01 0.000000000000000000e+00
1.582320247064924002e+09 8.192000000000000393e-01 0.000000000000000000e+00
1.582320247163616896e+09 8.194000000000000172e-01 0.000000000000000000e+00
1.582320247263679981e+09 8.191000000000000503e-01 0.000000000000000000e+00
1.582320247362652063e+09 8.194000000000000172e-01 0.000000000000000000e+00
1.582320247462774038e+09 8.193000000000000282e-01 0.000000000000000000e+00
1.582320247562712908e+09 8.192000000000000393e-01 0.000000000000000000e+00
1.582320247661762953e+09 8.192000000000000393e-01 0.000000000000000000e+00
1.582320247760596991e+09 8.191000000000000503e-01 0.000000000000000000e+00
1.582320247874608040e+09 8.192000000000000393e-01 0.000000000000000000e+00
1.582320247974632978e+09 8.188999999999999613e-01 0.000000000000000000e+00
1.582320248073658943e+09 8.187999999999999723e-01 0.000000000000000000e+00
1.582320248173661947e+09 8.186999999999999833e-01 0.000000000000000000e+00
1.582320248272845030e+09 8.188999999999999613e-01 0.000000000000000000e+00
1.582320248371582031e+09 8.188999999999999613e-01 0.000000000000000000e+00
1.582320248471586943e+09 8.188999999999999613e-01 0.000000000000000000e+00
1.582320248570585966e+09 8.189999999999999503e-01 0.000000000000000000e+00
1.582320248684613943e+09 8.188999999999999613e-01 0.000000000000000000e+00
1.582320248784472942e+09 8.187999999999999723e-01 0.000000000000000000e+00
1.582320248880290985e+09 8.185000000000000053e-01 0.000000000000000000e+00
1.582320248983598948e+09 8.192000000000000393e-01 0.000000000000000000e+00
1.582320249082384109e+09 8.192000000000000393e-01 0.000000000000000000e+00
1.582320249182497978e+09 8.193000000000000282e-01 0.000000000000000000e+00
1.582320249276839972e+09 8.191000000000000503e-01 0.000000000000000000e+00
