# 
# Duration (in s): 30
# Pointing Position of the Horn: Calibrator paddle
# Angle pointing (from vertical): -87.60
# Calibrator used: YES
# Weather: very clear
# Units: tenth microWatt
# Comments: calibration (liquid nitrogen) (thermometer broken)
1.582315414656848907e+09 8.354000000000000314e-01 7.771999999999999886e+01
1.582315414767060995e+09 8.353000000000000425e-01 7.771999999999999886e+01
1.582315414866800070e+09 8.352000000000000535e-01 7.771999999999999886e+01
1.582315414966557980e+09 8.352000000000000535e-01 7.771999999999999886e+01
1.582315415066140890e+09 8.352000000000000535e-01 7.771999999999999886e+01
1.582315415166064024e+09 8.348999999999999755e-01 7.771999999999999886e+01
1.582315415265178919e+09 8.350999999999999535e-01 7.771999999999999886e+01
1.582315415365318060e+09 8.350999999999999535e-01 7.771999999999999886e+01
1.582315415464169979e+09 8.348999999999999755e-01 7.771999999999999886e+01
1.582315415578197002e+09 8.349999999999999645e-01 7.771999999999999886e+01
1.582315415678313971e+09 8.348999999999999755e-01 7.771999999999999886e+01
1.582315415777225971e+09 8.345000000000000195e-01 7.771999999999999886e+01
1.582315415877043962e+09 8.345000000000000195e-01 7.771999999999999886e+01
1.582315415976197004e+09 8.345000000000000195e-01 7.771999999999999886e+01
1.582315416076308966e+09 8.344000000000000306e-01 7.771999999999999886e+01
1.582315416175172091e+09 8.340999999999999526e-01 7.771999999999999886e+01
1.582315416275012970e+09 8.338999999999999746e-01 7.771999999999999886e+01
1.582315416389018059e+09 8.337999999999999856e-01 7.771999999999999886e+01
1.582315416488051891e+09 8.336999999999999966e-01 7.771999999999999886e+01
1.582315416588097095e+09 8.335000000000000187e-01 7.771999999999999886e+01
1.582315416687078953e+09 8.335000000000000187e-01 7.771999999999999886e+01
1.582315416787096977e+09 8.336000000000000076e-01 7.771999999999999886e+01
1.582315416886193037e+09 8.337999999999999856e-01 7.771999999999999886e+01
1.582315416986126900e+09 8.340999999999999526e-01 7.771999999999999886e+01
1.582315417085067987e+09 8.339999999999999636e-01 7.771999999999999886e+01
1.582315417184860945e+09 8.340999999999999526e-01 7.771999999999999886e+01
1.582315417284023046e+09 8.337999999999999856e-01 7.771999999999999886e+01
1.582315417394094944e+09 8.340999999999999526e-01 7.771999999999999886e+01
1.582315417494627953e+09 8.339999999999999636e-01 7.771999999999999886e+01
1.582315417596498966e+09 8.342000000000000526e-01 7.771999999999999886e+01
1.582315417693402052e+09 8.339999999999999636e-01 7.771999999999999886e+01
1.582315417793164968e+09 8.344000000000000306e-01 7.771999999999999886e+01
1.582315417892877102e+09 8.346999999999999975e-01 7.771999999999999886e+01
1.582315417992655039e+09 8.347999999999999865e-01 7.771999999999999886e+01
1.582315418092427015e+09 8.346999999999999975e-01 7.771999999999999886e+01
1.582315418208811998e+09 8.348999999999999755e-01 7.771999999999999886e+01
1.582315418307872057e+09 8.348999999999999755e-01 7.771999999999999886e+01
1.582315418407829046e+09 8.346000000000000085e-01 7.771999999999999886e+01
1.582315418506838083e+09 8.346999999999999975e-01 7.771999999999999886e+01
1.582315418606745005e+09 8.347999999999999865e-01 7.771999999999999886e+01
1.582315418705815077e+09 8.346000000000000085e-01 7.771999999999999886e+01
1.582315418805991888e+09 8.345000000000000195e-01 7.771999999999999886e+01
1.582315418905946016e+09 8.345000000000000195e-01 7.771999999999999886e+01
1.582315419018898010e+09 8.343000000000000416e-01 7.771999999999999886e+01
1.582315419118757963e+09 8.343000000000000416e-01 7.771999999999999886e+01
1.582315419217817068e+09 8.343000000000000416e-01 7.771999999999999886e+01
1.582315419316067934e+09 8.344000000000000306e-01 7.771999999999999886e+01
1.582315419416763067e+09 8.344000000000000306e-01 7.771999999999999886e+01
1.582315419514408112e+09 8.342000000000000526e-01 7.771999999999999886e+01
1.582315419615712881e+09 8.340999999999999526e-01 7.771999999999999886e+01
1.582315419715764999e+09 8.344000000000000306e-01 7.771999999999999886e+01
1.582315419815706015e+09 8.339999999999999636e-01 7.771999999999999886e+01
1.582315419914494038e+09 8.342000000000000526e-01 7.771999999999999886e+01
1.582315420028721094e+09 8.340999999999999526e-01 7.771999999999999886e+01
1.582315420127739906e+09 8.337999999999999856e-01 7.771999999999999886e+01
1.582315420227562904e+09 8.337999999999999856e-01 7.771999999999999886e+01
1.582315420326651096e+09 8.340999999999999526e-01 7.771999999999999886e+01
1.582315420423209906e+09 8.342000000000000526e-01 7.771999999999999886e+01
1.582315420525664091e+09 8.339999999999999636e-01 7.771999999999999886e+01
1.582315420620553970e+09 8.336999999999999966e-01 7.771999999999999886e+01
1.582315420725671053e+09 8.338999999999999746e-01 7.771999999999999886e+01
1.582315420824656963e+09 8.338999999999999746e-01 7.771999999999999886e+01
1.582315420935409069e+09 8.338999999999999746e-01 7.771999999999999886e+01
1.582315421035330057e+09 8.342000000000000526e-01 7.771999999999999886e+01
1.582315421135153055e+09 8.336999999999999966e-01 7.771999999999999886e+01
1.582315421234906912e+09 8.343000000000000416e-01 7.771999999999999886e+01
1.582315421334440947e+09 8.340999999999999526e-01 7.771999999999999886e+01
1.582315421434354067e+09 8.340999999999999526e-01 7.771999999999999886e+01
1.582315421534177065e+09 8.337999999999999856e-01 7.771999999999999886e+01
1.582315421633977890e+09 8.339999999999999636e-01 7.771999999999999886e+01
1.582315421733741045e+09 8.343000000000000416e-01 7.771999999999999886e+01
1.582315421848552942e+09 8.345000000000000195e-01 7.771999999999999886e+01
1.582315421947479010e+09 8.343000000000000416e-01 7.771999999999999886e+01
1.582315422047377110e+09 8.344000000000000306e-01 7.771999999999999886e+01
1.582315422147519112e+09 8.343000000000000416e-01 7.771999999999999886e+01
1.582315422241497993e+09 8.338999999999999746e-01 7.771999999999999886e+01
1.582315422346503973e+09 8.337999999999999856e-01 7.771999999999999886e+01
1.582315422445481062e+09 8.339999999999999636e-01 7.771999999999999886e+01
1.582315422541142941e+09 8.338999999999999746e-01 7.771999999999999886e+01
1.582315422644556046e+09 8.338999999999999746e-01 7.771999999999999886e+01
1.582315422758481979e+09 8.343000000000000416e-01 7.771999999999999886e+01
1.582315422858371973e+09 8.340999999999999526e-01 7.771999999999999886e+01
1.582315422957326889e+09 8.342000000000000526e-01 7.771999999999999886e+01
1.582315423057307005e+09 8.340999999999999526e-01 7.771999999999999886e+01
1.582315423156421900e+09 8.342000000000000526e-01 7.771999999999999886e+01
1.582315423256273031e+09 8.338999999999999746e-01 7.771999999999999886e+01
1.582315423355345011e+09 8.339999999999999636e-01 7.771999999999999886e+01
1.582315423455348969e+09 8.339999999999999636e-01 7.771999999999999886e+01
1.582315423554392099e+09 8.340999999999999526e-01 7.771999999999999886e+01
1.582315423668400049e+09 8.336999999999999966e-01 7.771999999999999886e+01
1.582315423768285990e+09 8.342000000000000526e-01 7.771999999999999886e+01
1.582315423867130041e+09 8.342000000000000526e-01 7.771999999999999886e+01
1.582315423967361927e+09 8.339999999999999636e-01 7.771999999999999886e+01
1.582315424062438965e+09 8.339999999999999636e-01 7.771999999999999886e+01
1.582315424161283016e+09 8.339999999999999636e-01 7.771999999999999886e+01
1.582315424260968924e+09 8.339999999999999636e-01 7.771999999999999886e+01
1.582315424360712051e+09 8.339999999999999636e-01 7.771999999999999886e+01
1.582315424477099895e+09 8.343000000000000416e-01 7.771999999999999886e+01
1.582315424576730967e+09 8.342000000000000526e-01 7.771999999999999886e+01
1.582315424676702976e+09 8.339999999999999636e-01 7.771999999999999886e+01
1.582315424776463032e+09 8.342000000000000526e-01 7.771999999999999886e+01
1.582315424877355099e+09 8.338999999999999746e-01 7.771999999999999886e+01
1.582315424971800089e+09 8.338999999999999746e-01 7.771999999999999886e+01
1.582315425075504065e+09 8.340999999999999526e-01 7.771999999999999886e+01
1.582315425175285101e+09 8.342000000000000526e-01 7.771999999999999886e+01
1.582315425275255919e+09 8.337999999999999856e-01 7.771999999999999886e+01
1.582315425389234066e+09 8.344000000000000306e-01 7.771999999999999886e+01
1.582315425488214016e+09 8.340999999999999526e-01 7.771999999999999886e+01
1.582315425588385105e+09 8.343000000000000416e-01 7.771999999999999886e+01
1.582315425687148094e+09 8.339999999999999636e-01 7.771999999999999886e+01
1.582315425786673069e+09 8.340999999999999526e-01 7.771999999999999886e+01
1.582315425881114960e+09 8.345000000000000195e-01 7.771999999999999886e+01
1.582315425986166954e+09 8.339999999999999636e-01 7.771999999999999886e+01
1.582315426086121082e+09 8.344000000000000306e-01 7.771999999999999886e+01
1.582315426185105085e+09 8.340999999999999526e-01 7.771999999999999886e+01
1.582315426285118103e+09 8.340999999999999526e-01 7.771999999999999886e+01
1.582315426398036003e+09 8.344000000000000306e-01 7.771999999999999886e+01
1.582315426497992992e+09 8.338999999999999746e-01 7.771999999999999886e+01
1.582315426597134113e+09 8.342000000000000526e-01 7.771999999999999886e+01
1.582315426696752071e+09 8.342000000000000526e-01 7.771999999999999886e+01
1.582315426797116041e+09 8.338999999999999746e-01 7.771999999999999886e+01
1.582315426896075010e+09 8.339999999999999636e-01 7.771999999999999886e+01
1.582315426995923996e+09 8.338999999999999746e-01 7.771999999999999886e+01
1.582315427095073938e+09 8.342000000000000526e-01 7.771999999999999886e+01
1.582315427204471111e+09 8.337999999999999856e-01 7.771999999999999886e+01
1.582315427303719044e+09 8.337999999999999856e-01 7.771999999999999886e+01
1.582315427403505087e+09 8.342000000000000526e-01 7.771999999999999886e+01
1.582315427508176088e+09 8.337999999999999856e-01 7.771999999999999886e+01
1.582315427603012085e+09 8.340999999999999526e-01 7.771999999999999886e+01
1.582315427702378988e+09 8.340999999999999526e-01 7.771999999999999886e+01
1.582315427802469015e+09 8.340999999999999526e-01 7.771999999999999886e+01
1.582315427902256012e+09 8.340999999999999526e-01 7.771999999999999886e+01
1.582315428018600941e+09 8.340999999999999526e-01 7.771999999999999886e+01
1.582315428118360043e+09 8.344000000000000306e-01 7.771999999999999886e+01
1.582315428218219995e+09 8.342000000000000526e-01 7.771999999999999886e+01
1.582315428317750931e+09 8.340999999999999526e-01 7.771999999999999886e+01
1.582315428417730093e+09 8.344000000000000306e-01 7.771999999999999886e+01
1.582315428511861086e+09 8.343000000000000416e-01 7.771999999999999886e+01
1.582315428616991997e+09 8.343000000000000416e-01 7.771999999999999886e+01
1.582315428716028929e+09 8.344000000000000306e-01 7.771999999999999886e+01
1.582315428815773964e+09 8.343000000000000416e-01 7.771999999999999886e+01
1.582315428914941072e+09 8.342000000000000526e-01 7.771999999999999886e+01
1.582315429028887987e+09 8.344000000000000306e-01 7.771999999999999886e+01
1.582315429128937006e+09 8.342000000000000526e-01 7.771999999999999886e+01
1.582315429227936983e+09 8.340999999999999526e-01 7.771999999999999886e+01
1.582315429323685884e+09 8.340999999999999526e-01 7.771999999999999886e+01
1.582315429426783085e+09 8.340999999999999526e-01 7.771999999999999886e+01
1.582315429526998043e+09 8.345000000000000195e-01 7.771999999999999886e+01
1.582315429625761986e+09 8.338999999999999746e-01 7.771999999999999886e+01
1.582315429725781918e+09 8.342000000000000526e-01 7.771999999999999886e+01
1.582315429835546970e+09 8.343000000000000416e-01 7.771999999999999886e+01
1.582315429938771009e+09 8.345000000000000195e-01 7.771999999999999886e+01
1.582315430038678885e+09 8.342000000000000526e-01 7.771999999999999886e+01
1.582315430137829065e+09 8.343000000000000416e-01 7.771999999999999886e+01
1.582315430237123966e+09 8.346000000000000085e-01 7.771999999999999886e+01
1.582315430335108042e+09 8.346000000000000085e-01 7.771999999999999886e+01
1.582315430436717987e+09 8.345000000000000195e-01 7.771999999999999886e+01
1.582315430535715103e+09 8.344000000000000306e-01 7.771999999999999886e+01
1.582315430645740986e+09 8.346999999999999975e-01 7.771999999999999886e+01
1.582315430745417118e+09 8.344000000000000306e-01 7.771999999999999886e+01
1.582315430844208002e+09 8.344000000000000306e-01 7.771999999999999886e+01
1.582315430945058107e+09 8.345000000000000195e-01 7.771999999999999886e+01
1.582315431044769049e+09 8.344000000000000306e-01 7.771999999999999886e+01
1.582315431144555092e+09 8.346000000000000085e-01 7.771999999999999886e+01
1.582315431244316101e+09 8.346999999999999975e-01 7.771999999999999886e+01
1.582315431344082117e+09 8.344000000000000306e-01 7.771999999999999886e+01
1.582315431445619106e+09 8.345000000000000195e-01 7.771999999999999886e+01
1.582315431540827990e+09 8.343000000000000416e-01 7.771999999999999886e+01
1.582315431659657955e+09 8.343000000000000416e-01 7.771999999999999886e+01
1.582315431758666992e+09 8.342000000000000526e-01 7.771999999999999886e+01
1.582315431858457088e+09 8.346000000000000085e-01 7.771999999999999886e+01
1.582315431958584070e+09 8.344000000000000306e-01 7.771999999999999886e+01
1.582315432057663918e+09 8.344000000000000306e-01 7.771999999999999886e+01
1.582315432156594992e+09 8.340999999999999526e-01 7.771999999999999886e+01
1.582315432256483078e+09 8.343000000000000416e-01 7.771999999999999886e+01
1.582315432355571985e+09 8.342000000000000526e-01 7.771999999999999886e+01
1.582315432469537020e+09 8.343000000000000416e-01 7.771999999999999886e+01
1.582315432569411993e+09 8.342000000000000526e-01 7.771999999999999886e+01
1.582315432668646097e+09 8.340999999999999526e-01 7.771999999999999886e+01
1.582315432768515110e+09 8.337999999999999856e-01 7.771999999999999886e+01
1.582315432868486881e+09 8.340999999999999526e-01 7.771999999999999886e+01
1.582315432967564106e+09 8.336999999999999966e-01 7.771999999999999886e+01
1.582315433067579031e+09 8.338999999999999746e-01 7.771999999999999886e+01
1.582315433166347980e+09 8.336999999999999966e-01 7.771999999999999886e+01
1.582315433280473948e+09 8.337999999999999856e-01 7.771999999999999886e+01
1.582315433379669905e+09 8.338999999999999746e-01 7.771999999999999886e+01
1.582315433479384899e+09 8.336000000000000076e-01 7.771999999999999886e+01
1.582315433574296951e+09 8.338999999999999746e-01 7.771999999999999886e+01
1.582315433678392887e+09 8.336000000000000076e-01 7.771999999999999886e+01
1.582315433777178049e+09 8.338999999999999746e-01 7.771999999999999886e+01
1.582315433877374887e+09 8.336999999999999966e-01 7.771999999999999886e+01
1.582315433977539062e+09 8.332000000000000517e-01 7.771999999999999886e+01
1.582315434074804068e+09 8.336000000000000076e-01 7.771999999999999886e+01
1.582315434176306009e+09 8.335000000000000187e-01 7.771999999999999886e+01
1.582315434287035942e+09 8.336999999999999966e-01 7.771999999999999886e+01
1.582315434386804104e+09 8.336000000000000076e-01 7.771999999999999886e+01
1.582315434486567020e+09 8.336999999999999966e-01 7.771999999999999886e+01
1.582315434586329937e+09 8.338999999999999746e-01 7.771999999999999886e+01
1.582315434686132908e+09 8.336999999999999966e-01 7.771999999999999886e+01
1.582315434785870075e+09 8.337999999999999856e-01 7.771999999999999886e+01
1.582315434885629892e+09 8.340999999999999526e-01 7.771999999999999886e+01
1.582315434985395908e+09 8.344000000000000306e-01 7.771999999999999886e+01
1.582315435100339890e+09 8.342000000000000526e-01 7.771999999999999886e+01
1.582315435199238062e+09 8.340999999999999526e-01 7.771999999999999886e+01
1.582315435299201012e+09 8.343000000000000416e-01 7.771999999999999886e+01
1.582315435399097919e+09 8.338999999999999746e-01 7.771999999999999886e+01
1.582315435498281956e+09 8.339999999999999636e-01 7.771999999999999886e+01
1.582315435598176956e+09 8.342000000000000526e-01 7.771999999999999886e+01
1.582315435697278023e+09 8.338999999999999746e-01 7.771999999999999886e+01
1.582315435797266006e+09 8.339999999999999636e-01 7.771999999999999886e+01
1.582315435911413908e+09 8.337999999999999856e-01 7.771999999999999886e+01
1.582315436010243893e+09 8.337999999999999856e-01 7.771999999999999886e+01
1.582315436110400915e+09 8.338999999999999746e-01 7.771999999999999886e+01
1.582315436209194899e+09 8.342000000000000526e-01 7.771999999999999886e+01
1.582315436309089899e+09 8.337999999999999856e-01 7.771999999999999886e+01
1.582315436408142090e+09 8.336999999999999966e-01 7.771999999999999886e+01
1.582315436508147955e+09 8.337999999999999856e-01 7.771999999999999886e+01
1.582315436607127905e+09 8.339999999999999636e-01 7.771999999999999886e+01
1.582315436707246065e+09 8.337999999999999856e-01 7.771999999999999886e+01
1.582315436806130886e+09 8.340999999999999526e-01 7.771999999999999886e+01
1.582315436920134068e+09 8.339999999999999636e-01 7.771999999999999886e+01
1.582315437020169973e+09 8.342000000000000526e-01 7.771999999999999886e+01
1.582315437119230032e+09 8.337999999999999856e-01 7.771999999999999886e+01
1.582315437219001055e+09 8.338999999999999746e-01 7.771999999999999886e+01
1.582315437313143969e+09 8.339999999999999636e-01 7.771999999999999886e+01
1.582315437418020964e+09 8.338999999999999746e-01 7.771999999999999886e+01
1.582315437512670040e+09 8.339999999999999636e-01 7.771999999999999886e+01
1.582315437612436056e+09 8.336999999999999966e-01 7.771999999999999886e+01
1.582315437731254101e+09 8.338999999999999746e-01 7.771999999999999886e+01
1.582315437828587055e+09 8.342000000000000526e-01 7.771999999999999886e+01
1.582315437930047035e+09 8.342000000000000526e-01 7.771999999999999886e+01
1.582315438028124094e+09 8.338999999999999746e-01 7.771999999999999886e+01
1.582315438127897024e+09 8.340999999999999526e-01 7.771999999999999886e+01
1.582315438227622986e+09 8.337999999999999856e-01 7.771999999999999886e+01
1.582315438327388048e+09 8.338999999999999746e-01 7.771999999999999886e+01
1.582315438427146912e+09 8.342000000000000526e-01 7.771999999999999886e+01
1.582315438540558100e+09 8.343000000000000416e-01 7.771999999999999886e+01
1.582315438637861967e+09 8.340999999999999526e-01 7.771999999999999886e+01
1.582315438738776922e+09 8.343000000000000416e-01 7.771999999999999886e+01
1.582315438839875937e+09 8.343000000000000416e-01 7.771999999999999886e+01
1.582315438938941002e+09 8.342000000000000526e-01 7.771999999999999886e+01
1.582315439038829088e+09 8.342000000000000526e-01 7.771999999999999886e+01
1.582315439138809919e+09 8.342000000000000526e-01 7.771999999999999886e+01
1.582315439237924099e+09 8.342000000000000526e-01 7.771999999999999886e+01
1.582315439337696075e+09 8.340999999999999526e-01 7.771999999999999886e+01
1.582315439436956882e+09 8.339999999999999636e-01 7.771999999999999886e+01
1.582315439551038980e+09 8.339999999999999636e-01 7.771999999999999886e+01
1.582315439649835110e+09 8.343000000000000416e-01 7.771999999999999886e+01
1.582315439749811888e+09 8.340999999999999526e-01 7.771999999999999886e+01
1.582315439849800110e+09 8.340999999999999526e-01 7.771999999999999886e+01
1.582315439948919058e+09 8.338999999999999746e-01 7.771999999999999886e+01
1.582315440048886061e+09 8.342000000000000526e-01 7.771999999999999886e+01
1.582315440147926092e+09 8.343000000000000416e-01 7.771999999999999886e+01
1.582315440247715950e+09 8.343000000000000416e-01 7.771999999999999886e+01
1.582315440355910063e+09 8.342000000000000526e-01 7.771999999999999886e+01
1.582315440460760117e+09 8.340999999999999526e-01 7.771999999999999886e+01
1.582315440560728073e+09 8.340999999999999526e-01 7.771999999999999886e+01
1.582315440655164003e+09 8.343000000000000416e-01 7.771999999999999886e+01
1.582315440754930019e+09 8.343000000000000416e-01 7.771999999999999886e+01
1.582315440854691029e+09 8.340999999999999526e-01 7.771999999999999886e+01
1.582315440954453945e+09 8.345000000000000195e-01 7.771999999999999886e+01
1.582315441054251909e+09 8.343000000000000416e-01 7.771999999999999886e+01
1.582315441153990030e+09 8.342000000000000526e-01 7.771999999999999886e+01
1.582315441270339012e+09 8.339999999999999636e-01 7.771999999999999886e+01
1.582315441370109081e+09 8.338999999999999746e-01 7.771999999999999886e+01
1.582315441469877005e+09 8.342000000000000526e-01 7.771999999999999886e+01
1.582315441569648027e+09 8.336000000000000076e-01 7.771999999999999886e+01
1.582315441669416904e+09 8.340999999999999526e-01 7.771999999999999886e+01
1.582315441768728971e+09 8.340999999999999526e-01 7.771999999999999886e+01
1.582315441868742943e+09 8.345000000000000195e-01 7.771999999999999886e+01
1.582315441967734098e+09 8.344000000000000306e-01 7.771999999999999886e+01
1.582315442067749023e+09 8.340999999999999526e-01 7.771999999999999886e+01
1.582315442181854963e+09 8.344000000000000306e-01 7.771999999999999886e+01
1.582315442280560017e+09 8.338999999999999746e-01 7.771999999999999886e+01
1.582315442380759001e+09 8.342000000000000526e-01 7.771999999999999886e+01
1.582315442479767084e+09 8.340999999999999526e-01 7.771999999999999886e+01
1.582315442574989080e+09 8.342000000000000526e-01 7.771999999999999886e+01
1.582315442678556919e+09 8.343000000000000416e-01 7.771999999999999886e+01
1.582315442778574944e+09 8.339999999999999636e-01 7.771999999999999886e+01
1.582315442877571106e+09 8.344000000000000306e-01 7.771999999999999886e+01
1.582315442977514029e+09 8.340999999999999526e-01 7.771999999999999886e+01
1.582315443090569019e+09 8.339999999999999636e-01 7.771999999999999886e+01
1.582315443190407038e+09 8.339999999999999636e-01 7.771999999999999886e+01
1.582315443290472031e+09 8.340999999999999526e-01 7.771999999999999886e+01
1.582315443389655113e+09 8.342000000000000526e-01 7.771999999999999886e+01
1.582315443489468098e+09 8.339999999999999636e-01 7.771999999999999886e+01
1.582315443588490009e+09 8.342000000000000526e-01 7.771999999999999886e+01
1.582315443688518047e+09 8.340999999999999526e-01 7.771999999999999886e+01
1.582315443787462950e+09 8.343000000000000416e-01 7.771999999999999886e+01
1.582315443887403965e+09 8.338999999999999746e-01 7.771999999999999886e+01
1.582315443997174978e+09 8.340999999999999526e-01 7.771999999999999886e+01
1.582315444096939087e+09 8.340999999999999526e-01 7.771999999999999886e+01
1.582315444196706057e+09 8.342000000000000526e-01 7.771999999999999886e+01
1.582315444296451092e+09 8.342000000000000526e-01 7.771999999999999886e+01
1.582315444396208048e+09 8.343000000000000416e-01 7.771999999999999886e+01
1.582315444495964050e+09 8.343000000000000416e-01 7.771999999999999886e+01
1.582315444595731020e+09 8.343000000000000416e-01 7.771999999999999886e+01
