# 
# Duration (in s): 10
# Pointing Position of the Horn: Calibrator paddle
# Angle pointing (from vertical): 50.15
# Calibrator used: YES
# Weather: very clear
# Units: microWatt
# Comments: pointing at sky (microwatt) pizza
1.581709906264957905e+09 -1.690000000000000113e-01 2.716999999999999886e+02
1.581709906370596886e+09 -1.690000000000000113e-01 2.716999999999999886e+02
1.581709906470390081e+09 -1.690000000000000113e-01 2.716999999999999886e+02
1.581709906569848061e+09 -1.690000000000000113e-01 2.716999999999999886e+02
1.581709906669809103e+09 -1.690000000000000113e-01 2.716999999999999886e+02
1.581709906769376993e+09 -1.690000000000000113e-01 2.716999999999999886e+02
1.581709906869465113e+09 -1.690000000000000113e-01 2.716999999999999886e+02
1.581709906969227076e+09 -1.688000000000000056e-01 2.716999999999999886e+02
1.581709907068972111e+09 -1.688000000000000056e-01 2.716999999999999886e+02
1.581709907168716908e+09 -1.686999999999999889e-01 2.716999999999999886e+02
1.581709907285186052e+09 -1.688000000000000056e-01 2.716999999999999886e+02
1.581709907384138107e+09 -1.688999999999999946e-01 2.716999999999999886e+02
1.581709907484097958e+09 -1.688999999999999946e-01 2.716999999999999886e+02
1.581709907583022118e+09 -1.688999999999999946e-01 2.717099999999999795e+02
1.581709907683032036e+09 -1.688000000000000056e-01 2.717099999999999795e+02
1.581709907782908916e+09 -1.688000000000000056e-01 2.717099999999999795e+02
1.581709907882069111e+09 -1.688999999999999946e-01 2.717099999999999795e+02
1.581709907981950998e+09 -1.690000000000000113e-01 2.717099999999999795e+02
1.581709908096054077e+09 -1.688999999999999946e-01 2.717099999999999795e+02
1.581709908195012093e+09 -1.690000000000000113e-01 2.717099999999999795e+02
1.581709908294886112e+09 -1.690000000000000113e-01 2.717099999999999795e+02
1.581709908395010948e+09 -1.691000000000000003e-01 2.717099999999999795e+02
1.581709908494038105e+09 -1.688999999999999946e-01 2.717099999999999795e+02
1.581709908594022036e+09 -1.691000000000000003e-01 2.717099999999999795e+02
1.581709908692996025e+09 -1.691000000000000003e-01 2.717099999999999795e+02
1.581709908792985916e+09 -1.690000000000000113e-01 2.717099999999999795e+02
1.581709908891948938e+09 -1.690000000000000113e-01 2.717099999999999795e+02
1.581709908992094994e+09 -1.691000000000000003e-01 2.717099999999999795e+02
1.581709909105731964e+09 -1.691000000000000003e-01 2.717099999999999795e+02
1.581709909205869913e+09 -1.688999999999999946e-01 2.717099999999999795e+02
1.581709909302292109e+09 -1.688999999999999946e-01 2.717099999999999795e+02
1.581709909404830933e+09 -1.688000000000000056e-01 2.717099999999999795e+02
1.581709909503933907e+09 -1.688999999999999946e-01 2.717099999999999795e+02
1.581709909601296902e+09 -1.688999999999999946e-01 2.717099999999999795e+02
1.581709909702846050e+09 -1.688999999999999946e-01 2.717099999999999795e+02
1.581709909802706003e+09 -1.688999999999999946e-01 2.717099999999999795e+02
1.581709909902813911e+09 -1.688999999999999946e-01 2.717099999999999795e+02
1.581709910011967897e+09 -1.688999999999999946e-01 2.717099999999999795e+02
1.581709910111738920e+09 -1.688000000000000056e-01 2.717099999999999795e+02
1.581709910211513042e+09 -1.688000000000000056e-01 2.717099999999999795e+02
1.581709910311269999e+09 -1.688000000000000056e-01 2.717200000000000273e+02
1.581709910411025047e+09 -1.688000000000000056e-01 2.717200000000000273e+02
1.581709910512144089e+09 -1.688000000000000056e-01 2.717200000000000273e+02
1.581709910610553026e+09 -1.688999999999999946e-01 2.717200000000000273e+02
1.581709910710323095e+09 -1.688000000000000056e-01 2.717200000000000273e+02
1.581709910810092926e+09 -1.690000000000000113e-01 2.717200000000000273e+02
1.581709910909912109e+09 -1.690000000000000113e-01 2.717200000000000273e+02
1.581709911026272058e+09 -1.690000000000000113e-01 2.717200000000000273e+02
1.581709911125726938e+09 -1.690000000000000113e-01 2.717200000000000273e+02
1.581709911225692034e+09 -1.691000000000000003e-01 2.717200000000000273e+02
1.581709911325542927e+09 -1.691000000000000003e-01 2.717200000000000273e+02
1.581709911424793005e+09 -1.691000000000000003e-01 2.717200000000000273e+02
1.581709911522404909e+09 -1.691000000000000003e-01 2.717200000000000273e+02
1.581709911623672009e+09 -1.691999999999999893e-01 2.717300000000000182e+02
1.581709911723618031e+09 -1.691000000000000003e-01 2.717300000000000182e+02
1.581709911822689056e+09 -1.690000000000000113e-01 2.717300000000000182e+02
1.581709911936853886e+09 -1.688999999999999946e-01 2.717300000000000182e+02
1.581709912036864996e+09 -1.690000000000000113e-01 2.717300000000000182e+02
1.581709912136712074e+09 -1.688999999999999946e-01 2.717300000000000182e+02
1.581709912235692978e+09 -1.688999999999999946e-01 2.717300000000000182e+02
1.581709912335597992e+09 -1.688999999999999946e-01 2.717300000000000182e+02
1.581709912435672998e+09 -1.688999999999999946e-01 2.717300000000000182e+02
1.581709912534677982e+09 -1.688000000000000056e-01 2.717300000000000182e+02
1.581709912634771109e+09 -1.688999999999999946e-01 2.717300000000000182e+02
1.581709912748600006e+09 -1.690000000000000113e-01 2.717300000000000182e+02
1.581709912847628117e+09 -1.688999999999999946e-01 2.717300000000000182e+02
1.581709912947619915e+09 -1.690000000000000113e-01 2.717400000000000091e+02
1.581709913046647072e+09 -1.690000000000000113e-01 2.717400000000000091e+02
1.581709913146521091e+09 -1.690000000000000113e-01 2.717400000000000091e+02
1.581709913246573925e+09 -1.690000000000000113e-01 2.717400000000000091e+02
1.581709913345705986e+09 -1.691000000000000003e-01 2.717400000000000091e+02
1.581709913445497036e+09 -1.691000000000000003e-01 2.717400000000000091e+02
1.581709913542323112e+09 -1.691999999999999893e-01 2.717400000000000091e+02
1.581709913658515930e+09 -1.691000000000000003e-01 2.717400000000000091e+02
1.581709913758570910e+09 -1.691000000000000003e-01 2.717400000000000091e+02
1.581709913852854967e+09 -1.691000000000000003e-01 2.717400000000000091e+02
1.581709913957532883e+09 -1.691999999999999893e-01 2.717400000000000091e+02
1.581709914057347059e+09 -1.691000000000000003e-01 2.717400000000000091e+02
1.581709914152142048e+09 -1.690000000000000113e-01 2.717400000000000091e+02
1.581709914251938105e+09 -1.690000000000000113e-01 2.717400000000000091e+02
1.581709914351679087e+09 -1.691000000000000003e-01 2.717400000000000091e+02
1.581709914451443911e+09 -1.691000000000000003e-01 2.717400000000000091e+02
1.581709914551192045e+09 -1.690000000000000113e-01 2.717400000000000091e+02
1.581709914650988102e+09 -1.688000000000000056e-01 2.717500000000000000e+02
1.581709914767354965e+09 -1.688999999999999946e-01 2.717500000000000000e+02
1.581709914867120028e+09 -1.688999999999999946e-01 2.717500000000000000e+02
1.581709914966886044e+09 -1.688999999999999946e-01 2.717400000000000091e+02
1.581709915066692114e+09 -1.688999999999999946e-01 2.717500000000000000e+02
1.581709915166429996e+09 -1.688000000000000056e-01 2.717500000000000000e+02
1.581709915266186953e+09 -1.688000000000000056e-01 2.717500000000000000e+02
1.581709915365948915e+09 -1.688999999999999946e-01 2.717500000000000000e+02
1.581709915465404987e+09 -1.688000000000000056e-01 2.717500000000000000e+02
1.581709915565326929e+09 -1.688999999999999946e-01 2.717500000000000000e+02
1.581709915664403915e+09 -1.690000000000000113e-01 2.717500000000000000e+02
1.581709915778412104e+09 -1.688999999999999946e-01 2.717500000000000000e+02
1.581709915878238916e+09 -1.688000000000000056e-01 2.717500000000000000e+02
1.581709915977303982e+09 -1.688000000000000056e-01 2.717500000000000000e+02
1.581709916077460051e+09 -1.690000000000000113e-01 2.717599999999999909e+02
1.581709916177320957e+09 -1.691000000000000003e-01 2.717599999999999909e+02
