# 
# Duration (in s): 10
# Pointing Position of the Horn: Calibrator paddle
# Angle pointing (from vertical): 80.2
# Calibrator used: YES
# Weather: very clear
# Units: microWatt
# Comments: pointing at sky pizza
1.581712743355834007e+09 -1.696999999999999897e-01 2.704499999999999886e+02
1.581712743452246904e+09 -1.698000000000000065e-01 2.704499999999999886e+02
1.581712743568406105e+09 -1.698000000000000065e-01 2.704399999999999977e+02
1.581712743668566942e+09 -1.698999999999999955e-01 2.704399999999999977e+02
1.581712743768243074e+09 -1.698999999999999955e-01 2.704499999999999886e+02
1.581712743867996931e+09 -1.698000000000000065e-01 2.704499999999999886e+02
1.581712743967763901e+09 -1.696999999999999897e-01 2.704399999999999977e+02
1.581712744067507029e+09 -1.698000000000000065e-01 2.704399999999999977e+02
1.581712744167272091e+09 -1.698999999999999955e-01 2.704399999999999977e+02
1.581712744266968966e+09 -1.698000000000000065e-01 2.704399999999999977e+02
1.581712744366811991e+09 -1.698000000000000065e-01 2.704399999999999977e+02
1.581712744464979887e+09 -1.696999999999999897e-01 2.704399999999999977e+02
1.581712744579889059e+09 -1.698000000000000065e-01 2.704399999999999977e+02
1.581712744679861069e+09 -1.698000000000000065e-01 2.704499999999999886e+02
1.581712744779961109e+09 -1.698000000000000065e-01 2.704499999999999886e+02
1.581712744878974915e+09 -1.698000000000000065e-01 2.704399999999999977e+02
1.581712744978887081e+09 -1.696999999999999897e-01 2.704499999999999886e+02
1.581712745077883959e+09 -1.696999999999999897e-01 2.704499999999999886e+02
1.581712745177701950e+09 -1.696000000000000008e-01 2.704499999999999886e+02
1.581712745277641058e+09 -1.696000000000000008e-01 2.704399999999999977e+02
1.581712745390836000e+09 -1.696000000000000008e-01 2.704399999999999977e+02
1.581712745490925074e+09 -1.696000000000000008e-01 2.704399999999999977e+02
1.581712745590754032e+09 -1.695000000000000118e-01 2.704399999999999977e+02
1.581712745689799070e+09 -1.695000000000000118e-01 2.704399999999999977e+02
1.581712745789798021e+09 -1.696000000000000008e-01 2.704399999999999977e+02
1.581712745888623953e+09 -1.696000000000000008e-01 2.704399999999999977e+02
1.581712745988786936e+09 -1.696000000000000008e-01 2.704399999999999977e+02
1.581712746088862896e+09 -1.696000000000000008e-01 2.704399999999999977e+02
1.581712746187712908e+09 -1.696999999999999897e-01 2.704399999999999977e+02
1.581712746287554979e+09 -1.698000000000000065e-01 2.704399999999999977e+02
1.581712746401731014e+09 -1.698000000000000065e-01 2.704499999999999886e+02
1.581712746500694036e+09 -1.698000000000000065e-01 2.704499999999999886e+02
1.581712746600708008e+09 -1.698000000000000065e-01 2.704499999999999886e+02
1.581712746699723959e+09 -1.698999999999999955e-01 2.704399999999999977e+02
1.581712746799637079e+09 -1.698999999999999955e-01 2.704399999999999977e+02
1.581712746899560928e+09 -1.700000000000000122e-01 2.704499999999999886e+02
1.581712746993911982e+09 -1.698999999999999955e-01 2.704499999999999886e+02
1.581712747098802090e+09 -1.698999999999999955e-01 2.704499999999999886e+02
1.581712747193454981e+09 -1.698999999999999955e-01 2.704399999999999977e+02
1.581712747293201923e+09 -1.698000000000000065e-01 2.704499999999999886e+02
1.581712747409591913e+09 -1.696999999999999897e-01 2.704499999999999886e+02
1.581712747509355068e+09 -1.696999999999999897e-01 2.704499999999999886e+02
1.581712747609154940e+09 -1.696999999999999897e-01 2.704499999999999886e+02
1.581712747708884001e+09 -1.696999999999999897e-01 2.704499999999999886e+02
1.581712747808651924e+09 -1.696000000000000008e-01 2.704499999999999886e+02
1.581712747908420086e+09 -1.696999999999999897e-01 2.704499999999999886e+02
1.581712748008166075e+09 -1.696000000000000008e-01 2.704499999999999886e+02
1.581712748107907057e+09 -1.696999999999999897e-01 2.704399999999999977e+02
1.581712748207680941e+09 -1.696999999999999897e-01 2.704399999999999977e+02
1.581712748307436943e+09 -1.696999999999999897e-01 2.704399999999999977e+02
1.581712748421643019e+09 -1.696999999999999897e-01 2.704499999999999886e+02
1.581712748520359993e+09 -1.696999999999999897e-01 2.704499999999999886e+02
1.581712748619677067e+09 -1.696999999999999897e-01 2.704399999999999977e+02
1.581712748719161987e+09 -1.696999999999999897e-01 2.704499999999999886e+02
1.581712748820745945e+09 -1.696999999999999897e-01 2.704499999999999886e+02
1.581712748919588089e+09 -1.696000000000000008e-01 2.704499999999999886e+02
1.581712749019678116e+09 -1.696000000000000008e-01 2.704499999999999886e+02
1.581712749118522882e+09 -1.698999999999999955e-01 2.704499999999999886e+02
1.581712749232395887e+09 -1.698000000000000065e-01 2.704499999999999886e+02
1.581712749332575083e+09 -1.698000000000000065e-01 2.704499999999999886e+02
1.581712749431574106e+09 -1.698999999999999955e-01 2.704499999999999886e+02
1.581712749531527042e+09 -1.698000000000000065e-01 2.704499999999999886e+02
1.581712749631637096e+09 -1.698000000000000065e-01 2.704499999999999886e+02
1.581712749730581999e+09 -1.700000000000000122e-01 2.704499999999999886e+02
1.581712749826262951e+09 -1.698000000000000065e-01 2.704499999999999886e+02
1.581712749927197933e+09 -1.698000000000000065e-01 2.704499999999999886e+02
1.581712750025033951e+09 -1.696000000000000008e-01 2.704599999999999795e+02
1.581712750143501997e+09 -1.696999999999999897e-01 2.704599999999999795e+02
1.581712750241121054e+09 -1.696000000000000008e-01 2.704599999999999795e+02
1.581712750337132931e+09 -1.696000000000000008e-01 2.704599999999999795e+02
1.581712750441101074e+09 -1.696000000000000008e-01 2.704599999999999795e+02
1.581712750537213087e+09 -1.696999999999999897e-01 2.704599999999999795e+02
1.581712750641318083e+09 -1.695000000000000118e-01 2.704599999999999795e+02
1.581712750739128113e+09 -1.696000000000000008e-01 2.704599999999999795e+02
1.581712750835251093e+09 -1.695000000000000118e-01 2.704599999999999795e+02
1.581712750939059973e+09 -1.696000000000000008e-01 2.704599999999999795e+02
1.581712751051151991e+09 -1.696000000000000008e-01 2.704599999999999795e+02
1.581712751150598049e+09 -1.696000000000000008e-01 2.704599999999999795e+02
1.581712751250607967e+09 -1.696000000000000008e-01 2.704599999999999795e+02
1.581712751348974943e+09 -1.698000000000000065e-01 2.704700000000000273e+02
1.581712751447457075e+09 -1.698000000000000065e-01 2.704700000000000273e+02
1.581712751549269915e+09 -1.696000000000000008e-01 2.704599999999999795e+02
1.581712751649420977e+09 -1.698000000000000065e-01 2.704599999999999795e+02
1.581712751765216112e+09 -1.698000000000000065e-01 2.704700000000000273e+02
1.581712751862004995e+09 -1.698000000000000065e-01 2.704599999999999795e+02
1.581712751959259987e+09 -1.698999999999999955e-01 2.704599999999999795e+02
1.581712752063028097e+09 -1.698999999999999955e-01 2.704700000000000273e+02
1.581712752159020901e+09 -1.698000000000000065e-01 2.704700000000000273e+02
1.581712752263024092e+09 -1.698999999999999955e-01 2.704700000000000273e+02
1.581712752358959913e+09 -1.698000000000000065e-01 2.704700000000000273e+02
1.581712752457182884e+09 -1.696999999999999897e-01 2.704700000000000273e+02
1.581712752576417923e+09 -1.696000000000000008e-01 2.704700000000000273e+02
1.581712752675224066e+09 -1.696999999999999897e-01 2.704700000000000273e+02
1.581712752770898104e+09 -1.696999999999999897e-01 2.704700000000000273e+02
1.581712752875480890e+09 -1.696000000000000008e-01 2.704700000000000273e+02
1.581712752974481106e+09 -1.696000000000000008e-01 2.704700000000000273e+02
1.581712753074233055e+09 -1.696000000000000008e-01 2.704700000000000273e+02
1.581712753173470020e+09 -1.696000000000000008e-01 2.704700000000000273e+02
1.581712753273287058e+09 -1.695000000000000118e-01 2.704700000000000273e+02
