# 
# Duration (in s): 10
# Pointing Position of the Horn: Calibrator paddle
# Angle pointing (from vertical): 70.35
# Calibrator used: YES
# Weather: very clear
# Units: microWatt
# Comments: pointing at sky pizza
1.581712526494801044e+09 -1.695000000000000118e-01 2.705400000000000205e+02
1.581712526599050999e+09 -1.695000000000000118e-01 2.705400000000000205e+02
1.581712526699206114e+09 -1.695000000000000118e-01 2.705400000000000205e+02
1.581712526798958063e+09 -1.696000000000000008e-01 2.705400000000000205e+02
1.581712526898042917e+09 -1.696000000000000008e-01 2.705400000000000205e+02
1.581712526996622086e+09 -1.695000000000000118e-01 2.705400000000000205e+02
1.581712527097089052e+09 -1.696000000000000008e-01 2.705400000000000205e+02
1.581712527197123051e+09 -1.696999999999999897e-01 2.705299999999999727e+02
1.581712527310857058e+09 -1.696999999999999897e-01 2.705299999999999727e+02
1.581712527408488035e+09 -1.696999999999999897e-01 2.705400000000000205e+02
1.581712527505095959e+09 -1.696999999999999897e-01 2.705400000000000205e+02
1.581712527610038996e+09 -1.696999999999999897e-01 2.705400000000000205e+02
1.581712527709063053e+09 -1.698000000000000065e-01 2.705299999999999727e+02
1.581712527809072018e+09 -1.696999999999999897e-01 2.705299999999999727e+02
1.581712527908018112e+09 -1.698000000000000065e-01 2.705299999999999727e+02
1.581712528007867098e+09 -1.698000000000000065e-01 2.705400000000000205e+02
1.581712528107827902e+09 -1.698000000000000065e-01 2.705299999999999727e+02
1.581712528207184076e+09 -1.696999999999999897e-01 2.705400000000000205e+02
1.581712528307070017e+09 -1.696000000000000008e-01 2.705400000000000205e+02
1.581712528420985937e+09 -1.696999999999999897e-01 2.705299999999999727e+02
1.581712528518716097e+09 -1.696999999999999897e-01 2.705400000000000205e+02
1.581712528620106936e+09 -1.696000000000000008e-01 2.705400000000000205e+02
1.581712528719011068e+09 -1.696000000000000008e-01 2.705299999999999727e+02
1.581712528819077015e+09 -1.695000000000000118e-01 2.705400000000000205e+02
1.581712528918828964e+09 -1.696000000000000008e-01 2.705400000000000205e+02
1.581712529017930031e+09 -1.696000000000000008e-01 2.705400000000000205e+02
1.581712529117899895e+09 -1.695000000000000118e-01 2.705400000000000205e+02
1.581712529217005014e+09 -1.696000000000000008e-01 2.705400000000000205e+02
1.581712529314640045e+09 -1.696000000000000008e-01 2.705400000000000205e+02
1.581712529427079916e+09 -1.696000000000000008e-01 2.705400000000000205e+02
1.581712529526823997e+09 -1.696000000000000008e-01 2.705400000000000205e+02
1.581712529626521111e+09 -1.696000000000000008e-01 2.705400000000000205e+02
1.581712529729250908e+09 -1.696000000000000008e-01 2.705299999999999727e+02
1.581712529826149940e+09 -1.696999999999999897e-01 2.705299999999999727e+02
1.581712529925796986e+09 -1.696999999999999897e-01 2.705299999999999727e+02
1.581712530025887012e+09 -1.696999999999999897e-01 2.705299999999999727e+02
1.581712530127038956e+09 -1.698000000000000065e-01 2.705400000000000205e+02
1.581712530225095034e+09 -1.698000000000000065e-01 2.705299999999999727e+02
1.581712530340991974e+09 -1.698000000000000065e-01 2.705299999999999727e+02
1.581712530440888882e+09 -1.698000000000000065e-01 2.705299999999999727e+02
1.581712530535761118e+09 -1.698999999999999955e-01 2.705299999999999727e+02
1.581712530639488935e+09 -1.698999999999999955e-01 2.705299999999999727e+02
1.581712530739917040e+09 -1.698999999999999955e-01 2.705299999999999727e+02
1.581712530838833094e+09 -1.698999999999999955e-01 2.705299999999999727e+02
1.581712530936032057e+09 -1.698999999999999955e-01 2.705299999999999727e+02
1.581712531038784027e+09 -1.698000000000000065e-01 2.705299999999999727e+02
1.581712531137784004e+09 -1.696999999999999897e-01 2.705299999999999727e+02
1.581712531249089956e+09 -1.696999999999999897e-01 2.705299999999999727e+02
1.581712531350693941e+09 -1.696000000000000008e-01 2.705299999999999727e+02
1.581712531450570107e+09 -1.695000000000000118e-01 2.705299999999999727e+02
1.581712531545578957e+09 -1.696000000000000008e-01 2.705299999999999727e+02
1.581712531650032997e+09 -1.696000000000000008e-01 2.705299999999999727e+02
1.581712531749728918e+09 -1.696999999999999897e-01 2.705299999999999727e+02
1.581712531849848032e+09 -1.696000000000000008e-01 2.705299999999999727e+02
1.581712531947930098e+09 -1.696000000000000008e-01 2.705299999999999727e+02
1.581712532048716068e+09 -1.696999999999999897e-01 2.705299999999999727e+02
1.581712532158301115e+09 -1.696999999999999897e-01 2.705299999999999727e+02
1.581712532261629105e+09 -1.696999999999999897e-01 2.705299999999999727e+02
1.581712532361746073e+09 -1.696000000000000008e-01 2.705299999999999727e+02
1.581712532461680889e+09 -1.696999999999999897e-01 2.705299999999999727e+02
1.581712532559933901e+09 -1.696999999999999897e-01 2.705299999999999727e+02
1.581712532660607100e+09 -1.698000000000000065e-01 2.705299999999999727e+02
1.581712532759706974e+09 -1.696999999999999897e-01 2.705299999999999727e+02
1.581712532856626034e+09 -1.698000000000000065e-01 2.705199999999999818e+02
1.581712532959651947e+09 -1.698000000000000065e-01 2.705199999999999818e+02
1.581712533068312883e+09 -1.698000000000000065e-01 2.705199999999999818e+02
1.581712533169398069e+09 -1.698000000000000065e-01 2.705199999999999818e+02
1.581712533267956018e+09 -1.698000000000000065e-01 2.705199999999999818e+02
1.581712533367710114e+09 -1.696999999999999897e-01 2.705199999999999818e+02
1.581712533467174053e+09 -1.698000000000000065e-01 2.705199999999999818e+02
1.581712533567274094e+09 -1.696999999999999897e-01 2.705199999999999818e+02
1.581712533667031050e+09 -1.696999999999999897e-01 2.705199999999999818e+02
1.581712533766683102e+09 -1.698000000000000065e-01 2.705199999999999818e+02
1.581712533868729115e+09 -1.696000000000000008e-01 2.705199999999999818e+02
1.581712533982932091e+09 -1.695000000000000118e-01 2.705199999999999818e+02
1.581712534079554081e+09 -1.695000000000000118e-01 2.705199999999999818e+02
1.581712534182616949e+09 -1.696000000000000008e-01 2.705199999999999818e+02
1.581712534282229900e+09 -1.695000000000000118e-01 2.705199999999999818e+02
1.581712534381557941e+09 -1.695000000000000118e-01 2.705199999999999818e+02
1.581712534479515076e+09 -1.695000000000000118e-01 2.705199999999999818e+02
1.581712534581463099e+09 -1.693999999999999950e-01 2.705199999999999818e+02
1.581712534680449963e+09 -1.695000000000000118e-01 2.705199999999999818e+02
1.581712534776695967e+09 -1.695000000000000118e-01 2.705199999999999818e+02
1.581712534894499063e+09 -1.696999999999999897e-01 2.705199999999999818e+02
1.581712534993510008e+09 -1.698000000000000065e-01 2.705199999999999818e+02
1.581712535090603113e+09 -1.696999999999999897e-01 2.705199999999999818e+02
1.581712535192606926e+09 -1.698999999999999955e-01 2.705199999999999818e+02
1.581712535292471886e+09 -1.698000000000000065e-01 2.705199999999999818e+02
1.581712535387217045e+09 -1.698999999999999955e-01 2.705199999999999818e+02
1.581712535491506100e+09 -1.698000000000000065e-01 2.705199999999999818e+02
1.581712535591526985e+09 -1.698999999999999955e-01 2.705199999999999818e+02
1.581712535686038017e+09 -1.698000000000000065e-01 2.705199999999999818e+02
1.581712535785959959e+09 -1.696999999999999897e-01 2.705199999999999818e+02
1.581712535904361963e+09 -1.698000000000000065e-01 2.705299999999999727e+02
1.581712536000926018e+09 -1.696999999999999897e-01 2.705199999999999818e+02
1.581712536103416920e+09 -1.698000000000000065e-01 2.705199999999999818e+02
1.581712536203527927e+09 -1.696000000000000008e-01 2.705199999999999818e+02
1.581712536298259020e+09 -1.696999999999999897e-01 2.705199999999999818e+02
1.581712536402471066e+09 -1.696999999999999897e-01 2.705199999999999818e+02
