# 
# Duration (in s): 60
# Pointing Position of the Horn: Calibrator paddle
# Angle pointing (from vertical): -88.8
# Calibrator used: YES
# Weather: very clear
# Units: tenth microWatt
# Comments: liquid nitrogen calibration
1.582318990383259058e+09 8.247999999999999776e-01 0.000000000000000000e+00
1.582318990517731905e+09 8.245999999999999996e-01 0.000000000000000000e+00
1.582318990616812944e+09 8.245999999999999996e-01 0.000000000000000000e+00
1.582318990715768099e+09 8.247999999999999776e-01 0.000000000000000000e+00
1.582318990815737009e+09 8.244000000000000217e-01 0.000000000000000000e+00
1.582318990914845943e+09 8.246999999999999886e-01 0.000000000000000000e+00
1.582318991013736963e+09 8.245999999999999996e-01 0.000000000000000000e+00
1.582318991113717079e+09 8.245000000000000107e-01 0.000000000000000000e+00
1.582318991225523949e+09 8.243000000000000327e-01 0.000000000000000000e+00
1.582318991326666117e+09 8.242000000000000437e-01 0.000000000000000000e+00
1.582318991426700115e+09 8.241000000000000547e-01 0.000000000000000000e+00
1.582318991525785923e+09 8.243000000000000327e-01 0.000000000000000000e+00
1.582318991625744104e+09 8.241000000000000547e-01 0.000000000000000000e+00
1.582318991724762917e+09 8.236999999999999877e-01 0.000000000000000000e+00
1.582318991824625969e+09 8.235999999999999988e-01 0.000000000000000000e+00
1.582318991922384024e+09 8.235999999999999988e-01 0.000000000000000000e+00
1.582318992023519039e+09 8.235999999999999988e-01 0.000000000000000000e+00
1.582318992132096052e+09 8.234000000000000208e-01 0.000000000000000000e+00
1.582318992234246016e+09 8.233000000000000318e-01 0.000000000000000000e+00
1.582318992331269979e+09 8.235000000000000098e-01 0.000000000000000000e+00
1.582318992431261063e+09 8.234000000000000208e-01 0.000000000000000000e+00
1.582318992531032085e+09 8.235999999999999988e-01 0.000000000000000000e+00
1.582318992630918980e+09 8.233000000000000318e-01 0.000000000000000000e+00
1.582318992733510017e+09 8.232000000000000428e-01 0.000000000000000000e+00
1.582318992829341888e+09 8.233000000000000318e-01 0.000000000000000000e+00
1.582318992929970980e+09 8.229999999999999538e-01 0.000000000000000000e+00
1.582318993046542883e+09 8.231000000000000538e-01 0.000000000000000000e+00
1.582318993145690918e+09 8.233000000000000318e-01 0.000000000000000000e+00
1.582318993245656967e+09 8.233000000000000318e-01 0.000000000000000000e+00
1.582318993344676971e+09 8.232000000000000428e-01 0.000000000000000000e+00
1.582318993444576979e+09 8.231000000000000538e-01 0.000000000000000000e+00
1.582318993543540955e+09 8.235000000000000098e-01 0.000000000000000000e+00
1.582318993639044046e+09 8.235000000000000098e-01 0.000000000000000000e+00
1.582318993738327026e+09 8.235999999999999988e-01 0.000000000000000000e+00
1.582318993856476068e+09 8.234000000000000208e-01 0.000000000000000000e+00
1.582318993955728054e+09 8.235000000000000098e-01 0.000000000000000000e+00
1.582318994055469036e+09 8.234000000000000208e-01 0.000000000000000000e+00
1.582318994154457092e+09 8.235999999999999988e-01 0.000000000000000000e+00
1.582318994254478931e+09 8.234000000000000208e-01 0.000000000000000000e+00
1.582318994354376078e+09 8.232000000000000428e-01 0.000000000000000000e+00
1.582318994453450918e+09 8.233000000000000318e-01 0.000000000000000000e+00
1.582318994548007011e+09 8.233000000000000318e-01 0.000000000000000000e+00
1.582318994652475119e+09 8.235000000000000098e-01 0.000000000000000000e+00
1.582318994765254974e+09 8.234000000000000208e-01 0.000000000000000000e+00
1.582318994861849070e+09 8.235000000000000098e-01 0.000000000000000000e+00
1.582318994959197998e+09 8.235999999999999988e-01 0.000000000000000000e+00
1.582318995064353943e+09 8.237999999999999767e-01 0.000000000000000000e+00
1.582318995160074949e+09 8.238999999999999657e-01 0.000000000000000000e+00
1.582318995263271093e+09 8.235000000000000098e-01 0.000000000000000000e+00
1.582318995357711077e+09 8.235999999999999988e-01 0.000000000000000000e+00
1.582318995461801052e+09 8.238999999999999657e-01 0.000000000000000000e+00
1.582318995562364101e+09 8.235000000000000098e-01 0.000000000000000000e+00
1.582318995673633099e+09 8.232000000000000428e-01 0.000000000000000000e+00
1.582318995769790888e+09 8.235000000000000098e-01 0.000000000000000000e+00
1.582318995873006105e+09 8.233000000000000318e-01 0.000000000000000000e+00
1.582318995972764015e+09 8.233000000000000318e-01 0.000000000000000000e+00
1.582318996072635889e+09 8.231000000000000538e-01 0.000000000000000000e+00
1.582318996172390938e+09 8.227999999999999758e-01 0.000000000000000000e+00
1.582318996271439075e+09 8.229999999999999538e-01 0.000000000000000000e+00
1.582318996371269941e+09 8.231000000000000538e-01 0.000000000000000000e+00
1.582318996466528893e+09 8.231000000000000538e-01 0.000000000000000000e+00
1.582318996584280014e+09 8.228999999999999648e-01 0.000000000000000000e+00
1.582318996684289932e+09 8.231000000000000538e-01 0.000000000000000000e+00
1.582318996784168959e+09 8.233000000000000318e-01 0.000000000000000000e+00
1.582318996883203030e+09 8.234000000000000208e-01 0.000000000000000000e+00
1.582318996982239962e+09 8.235000000000000098e-01 0.000000000000000000e+00
1.582318997082072020e+09 8.236999999999999877e-01 0.000000000000000000e+00
1.582318997181199074e+09 8.238999999999999657e-01 0.000000000000000000e+00
1.582318997281212091e+09 8.234000000000000208e-01 0.000000000000000000e+00
1.582318997395107985e+09 8.234000000000000208e-01 0.000000000000000000e+00
1.582318997494076014e+09 8.233000000000000318e-01 0.000000000000000000e+00
1.582318997594115019e+09 8.236999999999999877e-01 0.000000000000000000e+00
1.582318997693110943e+09 8.235000000000000098e-01 0.000000000000000000e+00
1.582318997793153048e+09 8.235000000000000098e-01 0.000000000000000000e+00
1.582318997886934042e+09 8.233000000000000318e-01 0.000000000000000000e+00
1.582318997992058992e+09 8.236999999999999877e-01 0.000000000000000000e+00
1.582318998090900898e+09 8.235999999999999988e-01 0.000000000000000000e+00
1.582318998200802088e+09 8.235999999999999988e-01 0.000000000000000000e+00
1.582318998300682068e+09 8.231000000000000538e-01 0.000000000000000000e+00
1.582318998402949095e+09 8.235000000000000098e-01 0.000000000000000000e+00
1.582318998499958992e+09 8.236999999999999877e-01 0.000000000000000000e+00
1.582318998599917889e+09 8.233000000000000318e-01 0.000000000000000000e+00
1.582318998699722052e+09 8.234000000000000208e-01 0.000000000000000000e+00
1.582318998799469948e+09 8.233000000000000318e-01 0.000000000000000000e+00
1.582318998899243116e+09 8.235000000000000098e-01 0.000000000000000000e+00
1.582318998996939898e+09 8.235999999999999988e-01 0.000000000000000000e+00
1.582318999113976955e+09 8.235000000000000098e-01 0.000000000000000000e+00
1.582318999214027882e+09 8.234000000000000208e-01 0.000000000000000000e+00
1.582318999313128948e+09 8.241000000000000547e-01 0.000000000000000000e+00
1.582318999411977053e+09 8.238999999999999657e-01 0.000000000000000000e+00
1.582318999511972904e+09 8.241000000000000547e-01 0.000000000000000000e+00
1.582318999611036062e+09 8.237999999999999767e-01 0.000000000000000000e+00
1.582318999711045980e+09 8.237999999999999767e-01 0.000000000000000000e+00
1.582318999808712959e+09 8.241000000000000547e-01 0.000000000000000000e+00
1.582318999910100937e+09 8.238999999999999657e-01 0.000000000000000000e+00
1.582319000023967981e+09 8.239999999999999547e-01 0.000000000000000000e+00
1.582319000122884035e+09 8.238999999999999657e-01 0.000000000000000000e+00
1.582319000219091892e+09 8.237999999999999767e-01 0.000000000000000000e+00
1.582319000321898937e+09 8.239999999999999547e-01 0.000000000000000000e+00
1.582319000421848059e+09 8.235000000000000098e-01 0.000000000000000000e+00
1.582319000519165039e+09 8.238999999999999657e-01 0.000000000000000000e+00
1.582319000620964050e+09 8.236999999999999877e-01 0.000000000000000000e+00
1.582319000717274904e+09 8.235999999999999988e-01 0.000000000000000000e+00
1.582319000819601059e+09 8.235999999999999988e-01 0.000000000000000000e+00
1.582319000932785988e+09 8.236999999999999877e-01 0.000000000000000000e+00
1.582319001032737017e+09 8.237999999999999767e-01 0.000000000000000000e+00
1.582319001127213955e+09 8.237999999999999767e-01 0.000000000000000000e+00
1.582319001226979971e+09 8.234000000000000208e-01 0.000000000000000000e+00
1.582319001330795050e+09 8.239999999999999547e-01 0.000000000000000000e+00
1.582319001426489115e+09 8.238999999999999657e-01 0.000000000000000000e+00
1.582319001526254892e+09 8.235000000000000098e-01 0.000000000000000000e+00
1.582319001626028061e+09 8.237999999999999767e-01 0.000000000000000000e+00
1.582319001725805998e+09 8.238999999999999657e-01 0.000000000000000000e+00
1.582319001842164040e+09 8.236999999999999877e-01 0.000000000000000000e+00
1.582319001941720963e+09 8.236999999999999877e-01 0.000000000000000000e+00
1.582319002041681051e+09 8.238999999999999657e-01 0.000000000000000000e+00
1.582319002140798092e+09 8.236999999999999877e-01 0.000000000000000000e+00
1.582319002240672112e+09 8.239999999999999547e-01 0.000000000000000000e+00
1.582319002339879990e+09 8.238999999999999657e-01 0.000000000000000000e+00
1.582319002439701080e+09 8.237999999999999767e-01 0.000000000000000000e+00
1.582319002538609982e+09 8.236999999999999877e-01 0.000000000000000000e+00
1.582319002652637005e+09 8.236999999999999877e-01 0.000000000000000000e+00
1.582319002751744986e+09 8.235000000000000098e-01 0.000000000000000000e+00
1.582319002851592064e+09 8.233000000000000318e-01 0.000000000000000000e+00
1.582319002950562954e+09 8.233000000000000318e-01 0.000000000000000000e+00
1.582319003050566912e+09 8.232000000000000428e-01 0.000000000000000000e+00
1.582319003149589062e+09 8.234000000000000208e-01 0.000000000000000000e+00
1.582319003249717951e+09 8.235000000000000098e-01 0.000000000000000000e+00
1.582319003362610102e+09 8.233000000000000318e-01 0.000000000000000000e+00
1.582319003459672928e+09 8.235000000000000098e-01 0.000000000000000000e+00
1.582319003557461023e+09 8.234000000000000208e-01 0.000000000000000000e+00
1.582319003661653042e+09 8.233000000000000318e-01 0.000000000000000000e+00
1.582319003760729074e+09 8.233000000000000318e-01 0.000000000000000000e+00
1.582319003860570908e+09 8.235000000000000098e-01 0.000000000000000000e+00
1.582319003955775023e+09 8.234000000000000208e-01 0.000000000000000000e+00
1.582319004059645891e+09 8.235000000000000098e-01 0.000000000000000000e+00
1.582319004158376932e+09 8.232000000000000428e-01 0.000000000000000000e+00
1.582319004253216982e+09 8.232000000000000428e-01 0.000000000000000000e+00
1.582319004371463060e+09 8.234000000000000208e-01 0.000000000000000000e+00
1.582319004469224930e+09 8.234000000000000208e-01 0.000000000000000000e+00
1.582319004568994999e+09 8.233000000000000318e-01 0.000000000000000000e+00
1.582319004668761015e+09 8.233000000000000318e-01 0.000000000000000000e+00
1.582319004768531084e+09 8.231000000000000538e-01 0.000000000000000000e+00
1.582319004868288994e+09 8.233000000000000318e-01 0.000000000000000000e+00
1.582319004968022108e+09 8.232000000000000428e-01 0.000000000000000000e+00
1.582319005067764044e+09 8.235000000000000098e-01 0.000000000000000000e+00
1.582319005181444883e+09 8.234000000000000208e-01 0.000000000000000000e+00
1.582319005281445980e+09 8.232000000000000428e-01 0.000000000000000000e+00
1.582319005380394936e+09 8.234000000000000208e-01 0.000000000000000000e+00
1.582319005480308056e+09 8.227999999999999758e-01 0.000000000000000000e+00
1.582319005579380035e+09 8.229999999999999538e-01 0.000000000000000000e+00
1.582319005679230928e+09 8.233000000000000318e-01 0.000000000000000000e+00
1.582319005778328896e+09 8.236999999999999877e-01 0.000000000000000000e+00
1.582319005892333031e+09 8.233000000000000318e-01 0.000000000000000000e+00
1.582319005992222071e+09 8.235999999999999988e-01 0.000000000000000000e+00
1.582319006091281891e+09 8.238999999999999657e-01 0.000000000000000000e+00
1.582319006191378117e+09 8.241000000000000547e-01 0.000000000000000000e+00
1.582319006290282965e+09 8.238999999999999657e-01 0.000000000000000000e+00
1.582319006389297962e+09 8.239999999999999547e-01 0.000000000000000000e+00
1.582319006489193916e+09 8.242000000000000437e-01 0.000000000000000000e+00
1.582319006588464975e+09 8.239999999999999547e-01 0.000000000000000000e+00
1.582319006688221931e+09 8.239999999999999547e-01 0.000000000000000000e+00
1.582319006787276983e+09 8.238999999999999657e-01 0.000000000000000000e+00
1.582319006896783113e+09 8.235999999999999988e-01 0.000000000000000000e+00
1.582319006996506929e+09 8.236999999999999877e-01 0.000000000000000000e+00
1.582319007100208044e+09 8.237999999999999767e-01 0.000000000000000000e+00
1.582319007199274063e+09 8.235000000000000098e-01 0.000000000000000000e+00
1.582319007299207926e+09 8.239999999999999547e-01 0.000000000000000000e+00
1.582319007398310900e+09 8.237999999999999767e-01 0.000000000000000000e+00
1.582319007495306969e+09 8.237999999999999767e-01 0.000000000000000000e+00
1.582319007595092058e+09 8.238999999999999657e-01 0.000000000000000000e+00
1.582319007697412014e+09 8.241000000000000547e-01 0.000000000000000000e+00
1.582319007811213017e+09 8.238999999999999657e-01 0.000000000000000000e+00
1.582319007910187960e+09 8.239999999999999547e-01 0.000000000000000000e+00
1.582319008009236097e+09 8.237999999999999767e-01 0.000000000000000000e+00
1.582319008109067917e+09 8.235999999999999988e-01 0.000000000000000000e+00
1.582319008208190918e+09 8.236999999999999877e-01 0.000000000000000000e+00
1.582319008308204889e+09 8.238999999999999657e-01 0.000000000000000000e+00
1.582319008407197952e+09 8.236999999999999877e-01 0.000000000000000000e+00
1.582319008507086039e+09 8.238999999999999657e-01 0.000000000000000000e+00
1.582319008621109009e+09 8.238999999999999657e-01 0.000000000000000000e+00
1.582319008720077991e+09 8.235999999999999988e-01 0.000000000000000000e+00
1.582319008820043087e+09 8.236999999999999877e-01 0.000000000000000000e+00
1.582319008919064045e+09 8.237999999999999767e-01 0.000000000000000000e+00
1.582319009018001080e+09 8.237999999999999767e-01 0.000000000000000000e+00
1.582319009118012905e+09 8.237999999999999767e-01 0.000000000000000000e+00
1.582319009216973066e+09 8.236999999999999877e-01 0.000000000000000000e+00
1.582319009330977917e+09 8.238999999999999657e-01 0.000000000000000000e+00
1.582319009431062937e+09 8.239999999999999547e-01 0.000000000000000000e+00
1.582319009529994965e+09 8.236999999999999877e-01 0.000000000000000000e+00
1.582319009630147934e+09 8.237999999999999767e-01 0.000000000000000000e+00
1.582319009729049921e+09 8.236999999999999877e-01 0.000000000000000000e+00
1.582319009829076052e+09 8.236999999999999877e-01 0.000000000000000000e+00
1.582319009927964926e+09 8.235000000000000098e-01 0.000000000000000000e+00
1.582319010027906895e+09 8.235999999999999988e-01 0.000000000000000000e+00
1.582319010126914024e+09 8.237999999999999767e-01 0.000000000000000000e+00
1.582319010222141027e+09 8.235000000000000098e-01 0.000000000000000000e+00
1.582319010339939117e+09 8.235000000000000098e-01 0.000000000000000000e+00
1.582319010438297987e+09 8.238999999999999657e-01 0.000000000000000000e+00
1.582319010538057089e+09 8.235999999999999988e-01 0.000000000000000000e+00
1.582319010637831926e+09 8.235999999999999988e-01 0.000000000000000000e+00
1.582319010737591982e+09 8.237999999999999767e-01 0.000000000000000000e+00
1.582319010837357044e+09 8.236999999999999877e-01 0.000000000000000000e+00
1.582319010937017918e+09 8.237999999999999767e-01 0.000000000000000000e+00
1.582319011035911083e+09 8.239999999999999547e-01 0.000000000000000000e+00
1.582319011149949074e+09 8.237999999999999767e-01 0.000000000000000000e+00
1.582319011249867916e+09 8.237999999999999767e-01 0.000000000000000000e+00
1.582319011348819971e+09 8.237999999999999767e-01 0.000000000000000000e+00
1.582319011447792053e+09 8.235999999999999988e-01 0.000000000000000000e+00
1.582319011547909975e+09 8.239999999999999547e-01 0.000000000000000000e+00
1.582319011646780968e+09 8.235000000000000098e-01 0.000000000000000000e+00
1.582319011746766090e+09 8.235999999999999988e-01 0.000000000000000000e+00
1.582319011860902071e+09 8.236999999999999877e-01 0.000000000000000000e+00
1.582319011955998898e+09 8.238999999999999657e-01 0.000000000000000000e+00
1.582319012059931040e+09 8.237999999999999767e-01 0.000000000000000000e+00
1.582319012158612967e+09 8.238999999999999657e-01 0.000000000000000000e+00
1.582319012255846977e+09 8.236999999999999877e-01 0.000000000000000000e+00
1.582319012357816935e+09 8.237999999999999767e-01 0.000000000000000000e+00
1.582319012455132008e+09 8.236999999999999877e-01 0.000000000000000000e+00
1.582319012556673050e+09 8.239999999999999547e-01 0.000000000000000000e+00
1.582319012656678915e+09 8.236999999999999877e-01 0.000000000000000000e+00
1.582319012755714893e+09 8.241000000000000547e-01 0.000000000000000000e+00
1.582319012865845919e+09 8.238999999999999657e-01 0.000000000000000000e+00
1.582319012965603113e+09 8.236999999999999877e-01 0.000000000000000000e+00
1.582319013068840027e+09 8.238999999999999657e-01 0.000000000000000000e+00
1.582319013165107965e+09 8.238999999999999657e-01 0.000000000000000000e+00
1.582319013264867067e+09 8.237999999999999767e-01 0.000000000000000000e+00
1.582319013364628077e+09 8.235000000000000098e-01 0.000000000000000000e+00
1.582319013464376926e+09 8.235000000000000098e-01 0.000000000000000000e+00
1.582319013564099073e+09 8.235999999999999988e-01 0.000000000000000000e+00
1.582319013663928986e+09 8.236999999999999877e-01 0.000000000000000000e+00
1.582319013778600931e+09 8.237999999999999767e-01 0.000000000000000000e+00
1.582319013878602028e+09 8.234000000000000208e-01 0.000000000000000000e+00
1.582319013977472067e+09 8.237999999999999767e-01 0.000000000000000000e+00
1.582319014077749968e+09 8.238999999999999657e-01 0.000000000000000000e+00
1.582319014176569939e+09 8.237999999999999767e-01 0.000000000000000000e+00
1.582319014276513100e+09 8.238999999999999657e-01 0.000000000000000000e+00
1.582319014375612020e+09 8.238999999999999657e-01 0.000000000000000000e+00
1.582319014475469112e+09 8.241000000000000547e-01 0.000000000000000000e+00
1.582319014588562012e+09 8.239999999999999547e-01 0.000000000000000000e+00
1.582319014688488960e+09 8.238999999999999657e-01 0.000000000000000000e+00
1.582319014787584066e+09 8.237999999999999767e-01 0.000000000000000000e+00
1.582319014887559891e+09 8.243000000000000327e-01 0.000000000000000000e+00
1.582319014986586094e+09 8.241000000000000547e-01 0.000000000000000000e+00
1.582319015086570024e+09 8.239999999999999547e-01 0.000000000000000000e+00
1.582319015185488939e+09 8.238999999999999657e-01 0.000000000000000000e+00
1.582319015299504995e+09 8.241000000000000547e-01 0.000000000000000000e+00
1.582319015398706913e+09 8.238999999999999657e-01 0.000000000000000000e+00
1.582319015498455048e+09 8.239999999999999547e-01 0.000000000000000000e+00
1.582319015592634916e+09 8.238999999999999657e-01 0.000000000000000000e+00
1.582319015697427988e+09 8.236999999999999877e-01 0.000000000000000000e+00
1.582319015792171001e+09 8.232000000000000428e-01 0.000000000000000000e+00
1.582319015891937971e+09 8.237999999999999767e-01 0.000000000000000000e+00
1.582319015991683960e+09 8.237999999999999767e-01 0.000000000000000000e+00
1.582319016095587969e+09 8.237999999999999767e-01 0.000000000000000000e+00
1.582319016191215992e+09 8.239999999999999547e-01 0.000000000000000000e+00
1.582319016307588100e+09 8.239999999999999547e-01 0.000000000000000000e+00
1.582319016407352924e+09 8.239999999999999547e-01 0.000000000000000000e+00
1.582319016507090092e+09 8.241000000000000547e-01 0.000000000000000000e+00
1.582319016606369972e+09 8.236999999999999877e-01 0.000000000000000000e+00
1.582319016706317902e+09 8.236999999999999877e-01 0.000000000000000000e+00
1.582319016805365086e+09 8.236999999999999877e-01 0.000000000000000000e+00
1.582319016905237913e+09 8.242000000000000437e-01 0.000000000000000000e+00
1.582319017004333019e+09 8.236999999999999877e-01 0.000000000000000000e+00
1.582319017118326902e+09 8.233000000000000318e-01 0.000000000000000000e+00
1.582319017217298985e+09 8.236999999999999877e-01 0.000000000000000000e+00
1.582319017317504883e+09 8.238999999999999657e-01 0.000000000000000000e+00
1.582319017416344881e+09 8.234000000000000208e-01 0.000000000000000000e+00
1.582319017516290903e+09 8.237999999999999767e-01 0.000000000000000000e+00
1.582319017615348101e+09 8.235999999999999988e-01 0.000000000000000000e+00
1.582319017715116024e+09 8.237999999999999767e-01 0.000000000000000000e+00
1.582319017829288960e+09 8.239999999999999547e-01 0.000000000000000000e+00
1.582319017928303003e+09 8.236999999999999877e-01 0.000000000000000000e+00
1.582319018028211117e+09 8.236999999999999877e-01 0.000000000000000000e+00
1.582319018127367973e+09 8.238999999999999657e-01 0.000000000000000000e+00
1.582319018226244926e+09 8.236999999999999877e-01 0.000000000000000000e+00
1.582319018326236963e+09 8.236999999999999877e-01 0.000000000000000000e+00
1.582319018421297073e+09 8.235999999999999988e-01 0.000000000000000000e+00
1.582319018525271893e+09 8.234000000000000208e-01 0.000000000000000000e+00
1.582319018624141932e+09 8.234000000000000208e-01 0.000000000000000000e+00
1.582319018724072933e+09 8.234000000000000208e-01 0.000000000000000000e+00
1.582319018836129904e+09 8.235000000000000098e-01 0.000000000000000000e+00
1.582319018934659004e+09 8.236999999999999877e-01 0.000000000000000000e+00
1.582319019034404993e+09 8.234000000000000208e-01 0.000000000000000000e+00
1.582319019134154081e+09 8.235999999999999988e-01 0.000000000000000000e+00
1.582319019233917952e+09 8.236999999999999877e-01 0.000000000000000000e+00
1.582319019333681107e+09 8.236999999999999877e-01 0.000000000000000000e+00
1.582319019433440924e+09 8.233000000000000318e-01 0.000000000000000000e+00
1.582319019533232927e+09 8.235999999999999988e-01 0.000000000000000000e+00
1.582319019632981062e+09 8.233000000000000318e-01 0.000000000000000000e+00
1.582319019747068882e+09 8.237999999999999767e-01 0.000000000000000000e+00
1.582319019846015930e+09 8.237999999999999767e-01 0.000000000000000000e+00
1.582319019946008921e+09 8.238999999999999657e-01 0.000000000000000000e+00
1.582319020045131922e+09 8.237999999999999767e-01 0.000000000000000000e+00
1.582319020144967079e+09 8.234000000000000208e-01 0.000000000000000000e+00
1.582319020244925976e+09 8.237999999999999767e-01 0.000000000000000000e+00
1.582319020344017029e+09 8.238999999999999657e-01 0.000000000000000000e+00
1.582319020443000078e+09 8.236999999999999877e-01 0.000000000000000000e+00
1.582319020557126999e+09 8.236999999999999877e-01 0.000000000000000000e+00
1.582319020657001972e+09 8.236999999999999877e-01 0.000000000000000000e+00
1.582319020755935907e+09 8.236999999999999877e-01 0.000000000000000000e+00
1.582319020855942011e+09 8.238999999999999657e-01 0.000000000000000000e+00
1.582319020954967022e+09 8.237999999999999767e-01 0.000000000000000000e+00
1.582319021053965092e+09 8.236999999999999877e-01 0.000000000000000000e+00
1.582319021153856039e+09 8.236999999999999877e-01 0.000000000000000000e+00
1.582319021267896891e+09 8.235000000000000098e-01 0.000000000000000000e+00
1.582319021362165928e+09 8.235000000000000098e-01 0.000000000000000000e+00
1.582319021466964006e+09 8.234000000000000208e-01 0.000000000000000000e+00
1.582319021561700106e+09 8.233000000000000318e-01 0.000000000000000000e+00
1.582319021661461115e+09 8.233000000000000318e-01 0.000000000000000000e+00
1.582319021761228085e+09 8.232000000000000428e-01 0.000000000000000000e+00
1.582319021860994101e+09 8.235000000000000098e-01 0.000000000000000000e+00
1.582319021960741043e+09 8.236999999999999877e-01 0.000000000000000000e+00
1.582319022063970089e+09 8.233000000000000318e-01 0.000000000000000000e+00
1.582319022162868977e+09 8.236999999999999877e-01 0.000000000000000000e+00
1.582319022276820898e+09 8.237999999999999767e-01 0.000000000000000000e+00
1.582319022375870943e+09 8.235000000000000098e-01 0.000000000000000000e+00
1.582319022475754023e+09 8.241000000000000547e-01 0.000000000000000000e+00
1.582319022574728012e+09 8.236999999999999877e-01 0.000000000000000000e+00
1.582319022674689054e+09 8.242000000000000437e-01 0.000000000000000000e+00
1.582319022773919106e+09 8.237999999999999767e-01 0.000000000000000000e+00
1.582319022874063015e+09 8.239999999999999547e-01 0.000000000000000000e+00
1.582319022972764969e+09 8.233000000000000318e-01 0.000000000000000000e+00
1.582319023086776018e+09 8.235999999999999988e-01 0.000000000000000000e+00
1.582319023185740948e+09 8.236999999999999877e-01 0.000000000000000000e+00
1.582319023285727978e+09 8.235999999999999988e-01 0.000000000000000000e+00
1.582319023384718895e+09 8.234000000000000208e-01 0.000000000000000000e+00
1.582319023483768940e+09 8.236999999999999877e-01 0.000000000000000000e+00
1.582319023583738089e+09 8.239999999999999547e-01 0.000000000000000000e+00
1.582319023682744980e+09 8.238999999999999657e-01 0.000000000000000000e+00
1.582319023782592058e+09 8.236999999999999877e-01 0.000000000000000000e+00
1.582319023882642031e+09 8.237999999999999767e-01 0.000000000000000000e+00
1.582319023995646954e+09 8.235999999999999988e-01 0.000000000000000000e+00
1.582319024095632076e+09 8.236999999999999877e-01 0.000000000000000000e+00
1.582319024194628954e+09 8.239999999999999547e-01 0.000000000000000000e+00
1.582319024294490099e+09 8.236999999999999877e-01 0.000000000000000000e+00
1.582319024393590927e+09 8.237999999999999767e-01 0.000000000000000000e+00
1.582319024493511915e+09 8.241000000000000547e-01 0.000000000000000000e+00
1.582319024592672110e+09 8.239999999999999547e-01 0.000000000000000000e+00
1.582319024692572117e+09 8.235999999999999988e-01 0.000000000000000000e+00
1.582319024803957939e+09 8.239999999999999547e-01 0.000000000000000000e+00
1.582319024903717041e+09 8.237999999999999767e-01 0.000000000000000000e+00
1.582319025003480911e+09 8.236999999999999877e-01 0.000000000000000000e+00
1.582319025103255033e+09 8.236999999999999877e-01 0.000000000000000000e+00
1.582319025202986002e+09 8.242000000000000437e-01 0.000000000000000000e+00
1.582319025302740097e+09 8.239999999999999547e-01 0.000000000000000000e+00
1.582319025402502060e+09 8.236999999999999877e-01 0.000000000000000000e+00
1.582319025502274036e+09 8.235000000000000098e-01 0.000000000000000000e+00
1.582319025615364075e+09 8.234000000000000208e-01 0.000000000000000000e+00
1.582319025715405941e+09 8.237999999999999767e-01 0.000000000000000000e+00
1.582319025814610958e+09 8.235000000000000098e-01 0.000000000000000000e+00
1.582319025914444923e+09 8.236999999999999877e-01 0.000000000000000000e+00
1.582319026013485909e+09 8.233000000000000318e-01 0.000000000000000000e+00
1.582319026113364935e+09 8.237999999999999767e-01 0.000000000000000000e+00
1.582319026212471008e+09 8.236999999999999877e-01 0.000000000000000000e+00
1.582319026312469959e+09 8.236999999999999877e-01 0.000000000000000000e+00
1.582319026421013117e+09 8.236999999999999877e-01 0.000000000000000000e+00
1.582319026525403023e+09 8.237999999999999767e-01 0.000000000000000000e+00
1.582319026624444008e+09 8.237999999999999767e-01 0.000000000000000000e+00
1.582319026724386930e+09 8.235000000000000098e-01 0.000000000000000000e+00
1.582319026823465109e+09 8.235999999999999988e-01 0.000000000000000000e+00
1.582319026921015024e+09 8.235000000000000098e-01 0.000000000000000000e+00
1.582319027022284985e+09 8.239999999999999547e-01 0.000000000000000000e+00
1.582319027131733894e+09 8.238999999999999657e-01 0.000000000000000000e+00
1.582319027236515045e+09 8.236999999999999877e-01 0.000000000000000000e+00
1.582319027331226110e+09 8.238999999999999657e-01 0.000000000000000000e+00
1.582319027430988073e+09 8.235999999999999988e-01 0.000000000000000000e+00
1.582319027530844927e+09 8.236999999999999877e-01 0.000000000000000000e+00
1.582319027630522013e+09 8.235000000000000098e-01 0.000000000000000000e+00
1.582319027730289936e+09 8.235999999999999988e-01 0.000000000000000000e+00
1.582319027830076933e+09 8.237999999999999767e-01 0.000000000000000000e+00
1.582319027946301937e+09 8.238999999999999657e-01 0.000000000000000000e+00
1.582319028045285940e+09 8.234000000000000208e-01 0.000000000000000000e+00
1.582319028145191908e+09 8.235999999999999988e-01 0.000000000000000000e+00
1.582319028244256020e+09 8.235999999999999988e-01 0.000000000000000000e+00
1.582319028344202042e+09 8.236999999999999877e-01 0.000000000000000000e+00
1.582319028443336010e+09 8.236999999999999877e-01 0.000000000000000000e+00
1.582319028543216944e+09 8.236999999999999877e-01 0.000000000000000000e+00
1.582319028642205954e+09 8.236999999999999877e-01 0.000000000000000000e+00
1.582319028742105007e+09 8.237999999999999767e-01 0.000000000000000000e+00
1.582319028856251955e+09 8.237999999999999767e-01 0.000000000000000000e+00
1.582319028954631090e+09 8.234000000000000208e-01 0.000000000000000000e+00
1.582319029054136992e+09 8.234000000000000208e-01 0.000000000000000000e+00
1.582319029154103994e+09 8.236999999999999877e-01 0.000000000000000000e+00
1.582319029253257036e+09 8.235999999999999988e-01 0.000000000000000000e+00
1.582319029353116035e+09 8.235000000000000098e-01 0.000000000000000000e+00
1.582319029452130079e+09 8.236999999999999877e-01 0.000000000000000000e+00
1.582319029552186012e+09 8.235999999999999988e-01 0.000000000000000000e+00
1.582319029666229963e+09 8.235000000000000098e-01 0.000000000000000000e+00
1.582319029765113115e+09 8.238999999999999657e-01 0.000000000000000000e+00
1.582319029865159988e+09 8.234000000000000208e-01 0.000000000000000000e+00
1.582319029964052916e+09 8.235999999999999988e-01 0.000000000000000000e+00
1.582319030064053059e+09 8.238999999999999657e-01 0.000000000000000000e+00
1.582319030163063049e+09 8.236999999999999877e-01 0.000000000000000000e+00
1.582319030257571936e+09 8.237999999999999767e-01 0.000000000000000000e+00
1.582319030357322931e+09 8.236999999999999877e-01 0.000000000000000000e+00
1.582319030456974030e+09 8.238999999999999657e-01 0.000000000000000000e+00
1.582319030573478937e+09 8.237999999999999767e-01 0.000000000000000000e+00
1.582319030673242092e+09 8.237999999999999767e-01 0.000000000000000000e+00
1.582319030773014069e+09 8.234000000000000208e-01 0.000000000000000000e+00
1.582319030872775078e+09 8.235999999999999988e-01 0.000000000000000000e+00
1.582319030972527027e+09 8.235000000000000098e-01 0.000000000000000000e+00
1.582319031071980953e+09 8.238999999999999657e-01 0.000000000000000000e+00
1.582319031172063112e+09 8.238999999999999657e-01 0.000000000000000000e+00
1.582319031271086931e+09 8.237999999999999767e-01 0.000000000000000000e+00
1.582319031370960951e+09 8.236999999999999877e-01 0.000000000000000000e+00
1.582319031483887911e+09 8.235000000000000098e-01 0.000000000000000000e+00
1.582319031583946943e+09 8.233000000000000318e-01 0.000000000000000000e+00
1.582319031682949066e+09 8.235999999999999988e-01 0.000000000000000000e+00
1.582319031782831907e+09 8.235000000000000098e-01 0.000000000000000000e+00
1.582319031881897926e+09 8.234000000000000208e-01 0.000000000000000000e+00
1.582319031981976032e+09 8.237999999999999767e-01 0.000000000000000000e+00
1.582319032080884933e+09 8.235000000000000098e-01 0.000000000000000000e+00
1.582319032180922031e+09 8.236999999999999877e-01 0.000000000000000000e+00
1.582319032280846119e+09 8.239999999999999547e-01 0.000000000000000000e+00
1.582319032393786907e+09 8.238999999999999657e-01 0.000000000000000000e+00
1.582319032493875980e+09 8.235999999999999988e-01 0.000000000000000000e+00
1.582319032592789888e+09 8.237999999999999767e-01 0.000000000000000000e+00
1.582319032692873001e+09 8.235999999999999988e-01 0.000000000000000000e+00
1.582319032791785955e+09 8.237999999999999767e-01 0.000000000000000000e+00
1.582319032890876055e+09 8.236999999999999877e-01 0.000000000000000000e+00
1.582319032991043091e+09 8.241000000000000547e-01 0.000000000000000000e+00
1.582319033089704037e+09 8.235999999999999988e-01 0.000000000000000000e+00
1.582319033189837933e+09 8.235999999999999988e-01 0.000000000000000000e+00
1.582319033303899050e+09 8.237999999999999767e-01 0.000000000000000000e+00
1.582319033402901888e+09 8.236999999999999877e-01 0.000000000000000000e+00
1.582319033499808073e+09 8.235999999999999988e-01 0.000000000000000000e+00
1.582319033599198103e+09 8.236999999999999877e-01 0.000000000000000000e+00
1.582319033699306965e+09 8.237999999999999767e-01 0.000000000000000000e+00
1.582319033799065113e+09 8.234000000000000208e-01 0.000000000000000000e+00
1.582319033897963047e+09 8.238999999999999657e-01 0.000000000000000000e+00
1.582319033998039007e+09 8.235999999999999988e-01 0.000000000000000000e+00
1.582319034111300945e+09 8.236999999999999877e-01 0.000000000000000000e+00
1.582319034211240053e+09 8.235999999999999988e-01 0.000000000000000000e+00
1.582319034310956001e+09 8.235999999999999988e-01 0.000000000000000000e+00
1.582319034408394098e+09 8.235000000000000098e-01 0.000000000000000000e+00
1.582319034511766911e+09 8.234000000000000208e-01 0.000000000000000000e+00
1.582319034610954046e+09 8.234000000000000208e-01 0.000000000000000000e+00
1.582319034708389997e+09 8.234000000000000208e-01 0.000000000000000000e+00
1.582319034809613943e+09 8.235000000000000098e-01 0.000000000000000000e+00
1.582319034909524918e+09 8.229999999999999538e-01 0.000000000000000000e+00
1.582319035022675991e+09 8.231000000000000538e-01 0.000000000000000000e+00
1.582319035122747898e+09 8.232000000000000428e-01 0.000000000000000000e+00
1.582319035221443892e+09 8.229999999999999538e-01 0.000000000000000000e+00
1.582319035321778059e+09 8.229999999999999538e-01 0.000000000000000000e+00
1.582319035420320988e+09 8.235999999999999988e-01 0.000000000000000000e+00
1.582319035517966032e+09 8.228999999999999648e-01 0.000000000000000000e+00
1.582319035619398117e+09 8.229999999999999538e-01 0.000000000000000000e+00
1.582319035719439030e+09 8.232000000000000428e-01 0.000000000000000000e+00
1.582319035829698086e+09 8.235000000000000098e-01 0.000000000000000000e+00
1.582319035927510977e+09 8.233000000000000318e-01 0.000000000000000000e+00
1.582319036029865980e+09 8.236999999999999877e-01 0.000000000000000000e+00
1.582319036126838923e+09 8.236999999999999877e-01 0.000000000000000000e+00
1.582319036225872040e+09 8.235999999999999988e-01 0.000000000000000000e+00
1.582319036326340914e+09 8.234000000000000208e-01 0.000000000000000000e+00
1.582319036429404974e+09 8.237999999999999767e-01 0.000000000000000000e+00
1.582319036526057959e+09 8.236999999999999877e-01 0.000000000000000000e+00
1.582319036625663996e+09 8.238999999999999657e-01 0.000000000000000000e+00
1.582319036742067099e+09 8.241000000000000547e-01 0.000000000000000000e+00
1.582319036841551065e+09 8.245000000000000107e-01 0.000000000000000000e+00
1.582319036941461086e+09 8.237999999999999767e-01 0.000000000000000000e+00
1.582319037040539026e+09 8.238999999999999657e-01 0.000000000000000000e+00
1.582319037140515089e+09 8.235999999999999988e-01 0.000000000000000000e+00
1.582319037239420891e+09 8.241000000000000547e-01 0.000000000000000000e+00
1.582319037339328051e+09 8.238999999999999657e-01 0.000000000000000000e+00
1.582319037438474894e+09 8.238999999999999657e-01 0.000000000000000000e+00
1.582319037552628994e+09 8.241000000000000547e-01 0.000000000000000000e+00
1.582319037651371002e+09 8.238999999999999657e-01 0.000000000000000000e+00
1.582319037751224995e+09 8.239999999999999547e-01 0.000000000000000000e+00
1.582319037850337029e+09 8.237999999999999767e-01 0.000000000000000000e+00
1.582319037950308084e+09 8.236999999999999877e-01 0.000000000000000000e+00
1.582319038049369097e+09 8.237999999999999767e-01 0.000000000000000000e+00
1.582319038149426937e+09 8.235000000000000098e-01 0.000000000000000000e+00
1.582319038248361111e+09 8.234000000000000208e-01 0.000000000000000000e+00
1.582319038362436056e+09 8.232000000000000428e-01 0.000000000000000000e+00
1.582319038461354971e+09 8.232000000000000428e-01 0.000000000000000000e+00
1.582319038561216116e+09 8.234000000000000208e-01 0.000000000000000000e+00
1.582319038660263062e+09 8.228999999999999648e-01 0.000000000000000000e+00
1.582319038760246038e+09 8.226999999999999869e-01 0.000000000000000000e+00
1.582319038859249115e+09 8.231000000000000538e-01 0.000000000000000000e+00
1.582319038954705954e+09 8.228999999999999648e-01 0.000000000000000000e+00
1.582319039058311939e+09 8.228999999999999648e-01 0.000000000000000000e+00
1.582319039158364058e+09 8.231000000000000538e-01 0.000000000000000000e+00
1.582319039252748966e+09 8.226999999999999869e-01 0.000000000000000000e+00
1.582319039371176958e+09 8.229999999999999538e-01 0.000000000000000000e+00
1.582319039468866110e+09 8.233000000000000318e-01 0.000000000000000000e+00
1.582319039568636894e+09 8.228999999999999648e-01 0.000000000000000000e+00
1.582319039668402910e+09 8.235000000000000098e-01 0.000000000000000000e+00
1.582319039768131971e+09 8.235000000000000098e-01 0.000000000000000000e+00
1.582319039867924929e+09 8.235000000000000098e-01 0.000000000000000000e+00
1.582319039967686892e+09 8.234000000000000208e-01 0.000000000000000000e+00
1.582319040067188025e+09 8.235000000000000098e-01 0.000000000000000000e+00
1.582319040167058945e+09 8.234000000000000208e-01 0.000000000000000000e+00
1.582319040280164003e+09 8.233000000000000318e-01 0.000000000000000000e+00
1.582319040380109072e+09 8.232000000000000428e-01 0.000000000000000000e+00
1.582319040479123116e+09 8.234000000000000208e-01 0.000000000000000000e+00
1.582319040579066038e+09 8.234000000000000208e-01 0.000000000000000000e+00
1.582319040678124905e+09 8.235999999999999988e-01 0.000000000000000000e+00
1.582319040778028011e+09 8.235000000000000098e-01 0.000000000000000000e+00
1.582319040877114058e+09 8.233000000000000318e-01 0.000000000000000000e+00
1.582319040976991892e+09 8.236999999999999877e-01 0.000000000000000000e+00
1.582319041076035976e+09 8.235000000000000098e-01 0.000000000000000000e+00
1.582319041190155029e+09 8.232000000000000428e-01 0.000000000000000000e+00
1.582319041289072037e+09 8.235999999999999988e-01 0.000000000000000000e+00
1.582319041389127970e+09 8.235999999999999988e-01 0.000000000000000000e+00
1.582319041487952948e+09 8.235000000000000098e-01 0.000000000000000000e+00
1.582319041588047981e+09 8.235999999999999988e-01 0.000000000000000000e+00
1.582319041687056065e+09 8.234000000000000208e-01 0.000000000000000000e+00
1.582319041787017107e+09 8.237999999999999767e-01 0.000000000000000000e+00
1.582319041885940075e+09 8.232000000000000428e-01 0.000000000000000000e+00
1.582319041996171951e+09 8.233000000000000318e-01 0.000000000000000000e+00
1.582319042095944881e+09 8.235000000000000098e-01 0.000000000000000000e+00
1.582319042195710897e+09 8.238999999999999657e-01 0.000000000000000000e+00
1.582319042295497894e+09 8.235000000000000098e-01 0.000000000000000000e+00
1.582319042395205975e+09 8.236999999999999877e-01 0.000000000000000000e+00
1.582319042494970083e+09 8.235000000000000098e-01 0.000000000000000000e+00
1.582319042594734907e+09 8.236999999999999877e-01 0.000000000000000000e+00
1.582319042694504023e+09 8.234000000000000208e-01 0.000000000000000000e+00
1.582319042809947014e+09 8.235999999999999988e-01 0.000000000000000000e+00
1.582319042908854961e+09 8.234000000000000208e-01 0.000000000000000000e+00
1.582319043008790970e+09 8.234000000000000208e-01 0.000000000000000000e+00
1.582319043107949972e+09 8.235999999999999988e-01 0.000000000000000000e+00
1.582319043207837105e+09 8.235000000000000098e-01 0.000000000000000000e+00
1.582319043307830095e+09 8.234000000000000208e-01 0.000000000000000000e+00
1.582319043406935930e+09 8.234000000000000208e-01 0.000000000000000000e+00
1.582319043505774021e+09 8.232000000000000428e-01 0.000000000000000000e+00
1.582319043619883060e+09 8.234000000000000208e-01 0.000000000000000000e+00
1.582319043718641043e+09 8.234000000000000208e-01 0.000000000000000000e+00
1.582319043818783998e+09 8.234000000000000208e-01 0.000000000000000000e+00
1.582319043917897940e+09 8.235000000000000098e-01 0.000000000000000000e+00
1.582319044017821074e+09 8.237999999999999767e-01 0.000000000000000000e+00
1.582319044116725922e+09 8.236999999999999877e-01 0.000000000000000000e+00
1.582319044216698885e+09 8.235000000000000098e-01 0.000000000000000000e+00
1.582319044315802097e+09 8.235000000000000098e-01 0.000000000000000000e+00
1.582319044429955959e+09 8.235000000000000098e-01 0.000000000000000000e+00
1.582319044529819965e+09 8.235000000000000098e-01 0.000000000000000000e+00
1.582319044628676891e+09 8.233000000000000318e-01 0.000000000000000000e+00
1.582319044728615999e+09 8.235000000000000098e-01 0.000000000000000000e+00
1.582319044822738886e+09 8.236999999999999877e-01 0.000000000000000000e+00
1.582319044927726030e+09 8.237999999999999767e-01 0.000000000000000000e+00
1.582319045022274017e+09 8.235000000000000098e-01 0.000000000000000000e+00
1.582319045122041941e+09 8.236999999999999877e-01 0.000000000000000000e+00
1.582319045221801043e+09 8.235000000000000098e-01 0.000000000000000000e+00
1.582319045339755058e+09 8.235000000000000098e-01 0.000000000000000000e+00
1.582319045437931061e+09 8.234000000000000208e-01 0.000000000000000000e+00
1.582319045537700891e+09 8.234000000000000208e-01 0.000000000000000000e+00
1.582319045637821913e+09 8.235000000000000098e-01 0.000000000000000000e+00
1.582319045737643957e+09 8.234000000000000208e-01 0.000000000000000000e+00
1.582319045836625099e+09 8.235999999999999988e-01 0.000000000000000000e+00
1.582319045936562061e+09 8.236999999999999877e-01 0.000000000000000000e+00
1.582319046035612106e+09 8.234000000000000208e-01 0.000000000000000000e+00
1.582319046149599075e+09 8.236999999999999877e-01 0.000000000000000000e+00
1.582319046248531103e+09 8.235000000000000098e-01 0.000000000000000000e+00
1.582319046348563910e+09 8.233000000000000318e-01 0.000000000000000000e+00
1.582319046447670937e+09 8.234000000000000208e-01 0.000000000000000000e+00
1.582319046547621965e+09 8.235000000000000098e-01 0.000000000000000000e+00
1.582319046646568060e+09 8.233000000000000318e-01 0.000000000000000000e+00
1.582319046746649027e+09 8.234000000000000208e-01 0.000000000000000000e+00
1.582319046845403910e+09 8.235000000000000098e-01 0.000000000000000000e+00
1.582319046959486008e+09 8.233000000000000318e-01 0.000000000000000000e+00
1.582319047058520079e+09 8.232000000000000428e-01 0.000000000000000000e+00
1.582319047158338070e+09 8.237999999999999767e-01 0.000000000000000000e+00
1.582319047257503033e+09 8.233000000000000318e-01 0.000000000000000000e+00
1.582319047357323885e+09 8.232000000000000428e-01 0.000000000000000000e+00
1.582319047456433058e+09 8.235999999999999988e-01 0.000000000000000000e+00
1.582319047555373907e+09 8.239999999999999547e-01 0.000000000000000000e+00
1.582319047655263901e+09 8.235999999999999988e-01 0.000000000000000000e+00
1.582319047769613981e+09 8.235000000000000098e-01 0.000000000000000000e+00
1.582319047865464926e+09 8.236999999999999877e-01 0.000000000000000000e+00
1.582319047965240955e+09 8.235999999999999988e-01 0.000000000000000000e+00
1.582319048064989090e+09 8.233000000000000318e-01 0.000000000000000000e+00
1.582319048164764881e+09 8.236999999999999877e-01 0.000000000000000000e+00
1.582319048264535904e+09 8.237999999999999767e-01 0.000000000000000000e+00
1.582319048364303112e+09 8.235000000000000098e-01 0.000000000000000000e+00
1.582319048465514898e+09 8.235999999999999988e-01 0.000000000000000000e+00
1.582319048579442024e+09 8.235999999999999988e-01 0.000000000000000000e+00
1.582319048678381920e+09 8.234000000000000208e-01 0.000000000000000000e+00
1.582319048778321981e+09 8.232000000000000428e-01 0.000000000000000000e+00
1.582319048877329111e+09 8.234000000000000208e-01 0.000000000000000000e+00
1.582319048977255106e+09 8.236999999999999877e-01 0.000000000000000000e+00
1.582319049076273918e+09 8.236999999999999877e-01 0.000000000000000000e+00
1.582319049176282883e+09 8.235999999999999988e-01 0.000000000000000000e+00
1.582319049275273085e+09 8.237999999999999767e-01 0.000000000000000000e+00
1.582319049375226974e+09 8.232000000000000428e-01 0.000000000000000000e+00
1.582319049488192081e+09 8.235000000000000098e-01 0.000000000000000000e+00
1.582319049588450909e+09 8.234000000000000208e-01 0.000000000000000000e+00
1.582319049687208891e+09 8.235000000000000098e-01 0.000000000000000000e+00
1.582319049787184954e+09 8.236999999999999877e-01 0.000000000000000000e+00
1.582319049886307955e+09 8.235999999999999988e-01 0.000000000000000000e+00
1.582319049986296892e+09 8.236999999999999877e-01 0.000000000000000000e+00
1.582319050085230112e+09 8.236999999999999877e-01 0.000000000000000000e+00
1.582319050185189009e+09 8.235000000000000098e-01 0.000000000000000000e+00
1.582319050298121929e+09 8.236999999999999877e-01 0.000000000000000000e+00
