# 
# Duration (in s): 60
# Pointing Position of the Horn: Calibrator paddle
# Angle pointing (from vertical): 60.15
# Calibrator used: YES
# Weather: very clear
# Units: microWatt
# Comments: sky dip 60 pizza
1.582317214011399984e+09 1.567000000000000060e-01 0.000000000000000000e+00
1.582317214111217976e+09 1.569000000000000117e-01 0.000000000000000000e+00
1.582317214196363926e+09 1.570999999999999897e-01 0.000000000000000000e+00
1.582317214296432972e+09 1.567999999999999949e-01 0.000000000000000000e+00
1.582317214395185947e+09 1.567000000000000060e-01 0.000000000000000000e+00
1.582317214495292902e+09 1.567999999999999949e-01 0.000000000000000000e+00
1.582317214594542027e+09 1.565999999999999892e-01 0.000000000000000000e+00
1.582317214691111088e+09 1.567999999999999949e-01 0.000000000000000000e+00
1.582317214803299904e+09 1.567999999999999949e-01 0.000000000000000000e+00
1.582317214907094955e+09 1.567999999999999949e-01 0.000000000000000000e+00
1.582317215005026102e+09 1.567999999999999949e-01 0.000000000000000000e+00
1.582317215101414919e+09 1.567999999999999949e-01 0.000000000000000000e+00
1.582317215201668978e+09 1.567999999999999949e-01 0.000000000000000000e+00
1.582317215300859928e+09 1.567000000000000060e-01 0.000000000000000000e+00
1.582317215404920101e+09 1.567000000000000060e-01 0.000000000000000000e+00
1.582317215500859022e+09 1.567999999999999949e-01 0.000000000000000000e+00
1.582317215612749100e+09 1.569000000000000117e-01 0.000000000000000000e+00
1.582317215713989973e+09 1.569000000000000117e-01 0.000000000000000000e+00
1.582317215813414097e+09 1.569000000000000117e-01 0.000000000000000000e+00
1.582317215917083979e+09 1.567999999999999949e-01 0.000000000000000000e+00
1.582317216015058041e+09 1.567999999999999949e-01 0.000000000000000000e+00
1.582317216110852957e+09 1.567999999999999949e-01 0.000000000000000000e+00
1.582317216210450888e+09 1.567999999999999949e-01 0.000000000000000000e+00
1.582317216310560942e+09 1.567000000000000060e-01 0.000000000000000000e+00
1.582317216409122944e+09 1.567999999999999949e-01 0.000000000000000000e+00
1.582317216526547909e+09 1.569000000000000117e-01 0.000000000000000000e+00
1.582317216626125097e+09 1.569000000000000117e-01 0.000000000000000000e+00
1.582317216723740101e+09 1.567999999999999949e-01 0.000000000000000000e+00
1.582317216825907946e+09 1.567999999999999949e-01 0.000000000000000000e+00
1.582317216921063900e+09 1.567999999999999949e-01 0.000000000000000000e+00
1.582317217021084070e+09 1.567999999999999949e-01 0.000000000000000000e+00
1.582317217124979019e+09 1.569000000000000117e-01 0.000000000000000000e+00
1.582317217224941969e+09 1.567999999999999949e-01 0.000000000000000000e+00
1.582317217324692011e+09 1.569000000000000117e-01 0.000000000000000000e+00
1.582317217438034058e+09 1.569000000000000117e-01 0.000000000000000000e+00
1.582317217537863970e+09 1.567999999999999949e-01 0.000000000000000000e+00
1.582317217633496046e+09 1.567999999999999949e-01 0.000000000000000000e+00
1.582317217732973099e+09 1.567999999999999949e-01 0.000000000000000000e+00
1.582317217835849047e+09 1.567999999999999949e-01 0.000000000000000000e+00
1.582317217936005116e+09 1.567999999999999949e-01 0.000000000000000000e+00
1.582317218035758018e+09 1.569000000000000117e-01 0.000000000000000000e+00
1.582317218135179996e+09 1.567000000000000060e-01 0.000000000000000000e+00
1.582317218232182980e+09 1.569000000000000117e-01 0.000000000000000000e+00
1.582317218343548059e+09 1.569000000000000117e-01 0.000000000000000000e+00
1.582317218447984934e+09 1.569000000000000117e-01 0.000000000000000000e+00
1.582317218546015978e+09 1.570000000000000007e-01 0.000000000000000000e+00
1.582317218646754026e+09 1.569000000000000117e-01 0.000000000000000000e+00
1.582317218746138096e+09 1.567999999999999949e-01 0.000000000000000000e+00
1.582317218840816021e+09 1.569000000000000117e-01 0.000000000000000000e+00
1.582317218945728064e+09 1.567999999999999949e-01 0.000000000000000000e+00
1.582317219040735006e+09 1.569000000000000117e-01 0.000000000000000000e+00
1.582317219153690100e+09 1.569000000000000117e-01 0.000000000000000000e+00
1.582317219253402948e+09 1.569000000000000117e-01 0.000000000000000000e+00
1.582317219353482962e+09 1.567999999999999949e-01 0.000000000000000000e+00
1.582317219455705881e+09 1.569000000000000117e-01 0.000000000000000000e+00
1.582317219552475929e+09 1.567000000000000060e-01 0.000000000000000000e+00
1.582317219652355909e+09 1.567999999999999949e-01 0.000000000000000000e+00
1.582317219752358913e+09 1.567999999999999949e-01 0.000000000000000000e+00
1.582317219855228901e+09 1.567999999999999949e-01 0.000000000000000000e+00
1.582317219951780081e+09 1.567999999999999949e-01 0.000000000000000000e+00
1.582317220064778090e+09 1.569000000000000117e-01 0.000000000000000000e+00
1.582317220168039083e+09 1.569000000000000117e-01 0.000000000000000000e+00
1.582317220267611027e+09 1.567999999999999949e-01 0.000000000000000000e+00
1.582317220367342949e+09 1.569000000000000117e-01 0.000000000000000000e+00
1.582317220463880062e+09 1.567999999999999949e-01 0.000000000000000000e+00
1.582317220566751957e+09 1.567999999999999949e-01 0.000000000000000000e+00
1.582317220661555052e+09 1.567000000000000060e-01 0.000000000000000000e+00
1.582317220765590906e+09 1.567999999999999949e-01 0.000000000000000000e+00
1.582317220863444090e+09 1.567000000000000060e-01 0.000000000000000000e+00
1.582317220964567900e+09 1.567999999999999949e-01 0.000000000000000000e+00
1.582317221078524113e+09 1.569000000000000117e-01 0.000000000000000000e+00
1.582317221176381111e+09 1.567999999999999949e-01 0.000000000000000000e+00
1.582317221276496887e+09 1.567999999999999949e-01 0.000000000000000000e+00
1.582317221376562119e+09 1.567999999999999949e-01 0.000000000000000000e+00
1.582317221472563982e+09 1.567999999999999949e-01 0.000000000000000000e+00
1.582317221575751066e+09 1.569000000000000117e-01 0.000000000000000000e+00
1.582317221675473928e+09 1.567999999999999949e-01 0.000000000000000000e+00
1.582317221774405003e+09 1.567999999999999949e-01 0.000000000000000000e+00
1.582317221888489008e+09 1.567999999999999949e-01 0.000000000000000000e+00
1.582317221987252951e+09 1.567999999999999949e-01 0.000000000000000000e+00
1.582317222082941055e+09 1.567999999999999949e-01 0.000000000000000000e+00
1.582317222187593937e+09 1.567999999999999949e-01 0.000000000000000000e+00
1.582317222286436081e+09 1.567999999999999949e-01 0.000000000000000000e+00
1.582317222381072998e+09 1.567999999999999949e-01 0.000000000000000000e+00
1.582317222481384039e+09 1.567999999999999949e-01 0.000000000000000000e+00
1.582317222581341028e+09 1.570000000000000007e-01 0.000000000000000000e+00
1.582317222695144892e+09 1.569000000000000117e-01 0.000000000000000000e+00
1.582317222795032978e+09 1.569000000000000117e-01 0.000000000000000000e+00
1.582317222896177053e+09 1.569000000000000117e-01 0.000000000000000000e+00
1.582317222994431973e+09 1.569000000000000117e-01 0.000000000000000000e+00
1.582317223094017029e+09 1.567999999999999949e-01 0.000000000000000000e+00
1.582317223193994999e+09 1.567999999999999949e-01 0.000000000000000000e+00
1.582317223293765068e+09 1.567999999999999949e-01 0.000000000000000000e+00
1.582317223395699024e+09 1.567999999999999949e-01 0.000000000000000000e+00
1.582317223493190050e+09 1.569000000000000117e-01 0.000000000000000000e+00
1.582317223592941046e+09 1.569000000000000117e-01 0.000000000000000000e+00
1.582317223708290100e+09 1.569000000000000117e-01 0.000000000000000000e+00
1.582317223806381941e+09 1.569000000000000117e-01 0.000000000000000000e+00
1.582317223907274961e+09 1.569000000000000117e-01 0.000000000000000000e+00
1.582317224007363081e+09 1.567999999999999949e-01 0.000000000000000000e+00
1.582317224102986097e+09 1.567999999999999949e-01 0.000000000000000000e+00
1.582317224206324100e+09 1.569000000000000117e-01 0.000000000000000000e+00
1.582317224304594994e+09 1.567999999999999949e-01 0.000000000000000000e+00
1.582317224405169964e+09 1.567999999999999949e-01 0.000000000000000000e+00
1.582317224514504910e+09 1.569000000000000117e-01 0.000000000000000000e+00
1.582317224618302107e+09 1.569000000000000117e-01 0.000000000000000000e+00
1.582317224714109898e+09 1.570000000000000007e-01 0.000000000000000000e+00
1.582317224816379070e+09 1.570000000000000007e-01 0.000000000000000000e+00
1.582317224912663937e+09 1.569000000000000117e-01 0.000000000000000000e+00
1.582317225015216112e+09 1.569000000000000117e-01 0.000000000000000000e+00
1.582317225116365910e+09 1.569000000000000117e-01 0.000000000000000000e+00
1.582317225216392040e+09 1.569000000000000117e-01 0.000000000000000000e+00
1.582317225326200962e+09 1.569000000000000117e-01 0.000000000000000000e+00
1.582317225429038048e+09 1.569000000000000117e-01 0.000000000000000000e+00
1.582317225529145002e+09 1.569000000000000117e-01 0.000000000000000000e+00
1.582317225625653028e+09 1.569000000000000117e-01 0.000000000000000000e+00
1.582317225727154016e+09 1.569000000000000117e-01 0.000000000000000000e+00
1.582317225827007055e+09 1.567999999999999949e-01 0.000000000000000000e+00
1.582317225923027039e+09 1.567999999999999949e-01 0.000000000000000000e+00
1.582317226026143074e+09 1.569000000000000117e-01 0.000000000000000000e+00
1.582317226126096964e+09 1.567999999999999949e-01 0.000000000000000000e+00
1.582317226221302032e+09 1.569000000000000117e-01 0.000000000000000000e+00
1.582317226336440086e+09 1.570000000000000007e-01 0.000000000000000000e+00
1.582317226436194897e+09 1.570000000000000007e-01 0.000000000000000000e+00
1.582317226535646915e+09 1.567999999999999949e-01 0.000000000000000000e+00
1.582317226635732889e+09 1.569000000000000117e-01 0.000000000000000000e+00
1.582317226735500097e+09 1.569000000000000117e-01 0.000000000000000000e+00
1.582317226835161924e+09 1.569000000000000117e-01 0.000000000000000000e+00
1.582317226935069084e+09 1.569000000000000117e-01 0.000000000000000000e+00
1.582317227034802914e+09 1.569000000000000117e-01 0.000000000000000000e+00
1.582317227146131039e+09 1.569000000000000117e-01 0.000000000000000000e+00
1.582317227248908997e+09 1.569000000000000117e-01 0.000000000000000000e+00
1.582317227349071026e+09 1.569000000000000117e-01 0.000000000000000000e+00
1.582317227447969913e+09 1.569000000000000117e-01 0.000000000000000000e+00
1.582317227545182943e+09 1.569000000000000117e-01 0.000000000000000000e+00
1.582317227646925926e+09 1.567999999999999949e-01 0.000000000000000000e+00
1.582317227746921062e+09 1.569000000000000117e-01 0.000000000000000000e+00
1.582317227842211008e+09 1.567999999999999949e-01 0.000000000000000000e+00
1.582317227960000038e+09 1.570000000000000007e-01 0.000000000000000000e+00
1.582317228060076952e+09 1.570000000000000007e-01 0.000000000000000000e+00
1.582317228154892921e+09 1.569000000000000117e-01 0.000000000000000000e+00
1.582317228258985043e+09 1.569000000000000117e-01 0.000000000000000000e+00
1.582317228357956886e+09 1.569000000000000117e-01 0.000000000000000000e+00
1.582317228457916021e+09 1.567999999999999949e-01 0.000000000000000000e+00
1.582317228554228067e+09 1.567999999999999949e-01 0.000000000000000000e+00
1.582317228656799078e+09 1.569000000000000117e-01 0.000000000000000000e+00
1.582317228756097078e+09 1.567999999999999949e-01 0.000000000000000000e+00
1.582317228851845026e+09 1.569000000000000117e-01 0.000000000000000000e+00
1.582317228969952106e+09 1.569000000000000117e-01 0.000000000000000000e+00
1.582317229068849087e+09 1.570000000000000007e-01 0.000000000000000000e+00
1.582317229166970015e+09 1.569000000000000117e-01 0.000000000000000000e+00
1.582317229267884970e+09 1.569000000000000117e-01 0.000000000000000000e+00
1.582317229367748976e+09 1.569000000000000117e-01 0.000000000000000000e+00
1.582317229463507891e+09 1.569000000000000117e-01 0.000000000000000000e+00
1.582317229566454887e+09 1.569000000000000117e-01 0.000000000000000000e+00
1.582317229661824942e+09 1.569000000000000117e-01 0.000000000000000000e+00
1.582317229777014971e+09 1.567999999999999949e-01 0.000000000000000000e+00
1.582317229877991915e+09 1.569000000000000117e-01 0.000000000000000000e+00
1.582317229977740049e+09 1.567999999999999949e-01 0.000000000000000000e+00
1.582317230075459957e+09 1.569000000000000117e-01 0.000000000000000000e+00
1.582317230177289009e+09 1.569000000000000117e-01 0.000000000000000000e+00
1.582317230276787996e+09 1.569000000000000117e-01 0.000000000000000000e+00
1.582317230373198032e+09 1.569000000000000117e-01 0.000000000000000000e+00
1.582317230476702929e+09 1.569000000000000117e-01 0.000000000000000000e+00
1.582317230590858936e+09 1.570000000000000007e-01 0.000000000000000000e+00
1.582317230685580969e+09 1.569000000000000117e-01 0.000000000000000000e+00
1.582317230789711952e+09 1.570000000000000007e-01 0.000000000000000000e+00
1.582317230888606071e+09 1.569000000000000117e-01 0.000000000000000000e+00
1.582317230984496117e+09 1.569000000000000117e-01 0.000000000000000000e+00
1.582317231087599993e+09 1.569000000000000117e-01 0.000000000000000000e+00
1.582317231187614918e+09 1.569000000000000117e-01 0.000000000000000000e+00
1.582317231287661076e+09 1.569000000000000117e-01 0.000000000000000000e+00
1.582317231385788918e+09 1.569000000000000117e-01 0.000000000000000000e+00
1.582317231486685038e+09 1.567999999999999949e-01 0.000000000000000000e+00
1.582317231594677925e+09 1.570000000000000007e-01 0.000000000000000000e+00
1.582317231699754953e+09 1.569000000000000117e-01 0.000000000000000000e+00
1.582317231798547029e+09 1.570000000000000007e-01 0.000000000000000000e+00
1.582317231893481016e+09 1.569000000000000117e-01 0.000000000000000000e+00
1.582317231997950077e+09 1.569000000000000117e-01 0.000000000000000000e+00
1.582317232097589970e+09 1.569000000000000117e-01 0.000000000000000000e+00
1.582317232197514057e+09 1.569000000000000117e-01 0.000000000000000000e+00
1.582317232294718981e+09 1.567999999999999949e-01 0.000000000000000000e+00
1.582317232410442114e+09 1.569000000000000117e-01 0.000000000000000000e+00
1.582317232505189896e+09 1.569000000000000117e-01 0.000000000000000000e+00
1.582317232604787111e+09 1.570000000000000007e-01 0.000000000000000000e+00
1.582317232704551935e+09 1.569000000000000117e-01 0.000000000000000000e+00
1.582317232804423094e+09 1.569000000000000117e-01 0.000000000000000000e+00
1.582317232904088974e+09 1.567999999999999949e-01 0.000000000000000000e+00
1.582317233003854990e+09 1.569000000000000117e-01 0.000000000000000000e+00
1.582317233103509903e+09 1.569000000000000117e-01 0.000000000000000000e+00
1.582317233220016956e+09 1.569000000000000117e-01 0.000000000000000000e+00
1.582317233319746971e+09 1.569000000000000117e-01 0.000000000000000000e+00
1.582317233417732000e+09 1.570000000000000007e-01 0.000000000000000000e+00
1.582317233514615059e+09 1.569000000000000117e-01 0.000000000000000000e+00
1.582317233619144917e+09 1.569000000000000117e-01 0.000000000000000000e+00
1.582317233713807106e+09 1.570000000000000007e-01 0.000000000000000000e+00
1.582317233818505049e+09 1.569000000000000117e-01 0.000000000000000000e+00
1.582317233914859056e+09 1.569000000000000117e-01 0.000000000000000000e+00
1.582317234014655113e+09 1.569000000000000117e-01 0.000000000000000000e+00
1.582317234111907959e+09 1.569000000000000117e-01 0.000000000000000000e+00
1.582317234230235100e+09 1.567999999999999949e-01 0.000000000000000000e+00
1.582317234330004930e+09 1.567999999999999949e-01 0.000000000000000000e+00
1.582317234426677942e+09 1.569000000000000117e-01 0.000000000000000000e+00
1.582317234526737928e+09 1.569000000000000117e-01 0.000000000000000000e+00
1.582317234627353907e+09 1.570000000000000007e-01 0.000000000000000000e+00
1.582317234725892067e+09 1.569000000000000117e-01 0.000000000000000000e+00
1.582317234825839996e+09 1.570000000000000007e-01 0.000000000000000000e+00
1.582317234926671982e+09 1.569000000000000117e-01 0.000000000000000000e+00
1.582317235041300058e+09 1.569000000000000117e-01 0.000000000000000000e+00
1.582317235140269041e+09 1.569000000000000117e-01 0.000000000000000000e+00
1.582317235239427090e+09 1.569000000000000117e-01 0.000000000000000000e+00
1.582317235339212894e+09 1.569000000000000117e-01 0.000000000000000000e+00
1.582317235438649893e+09 1.569000000000000117e-01 0.000000000000000000e+00
1.582317235536542892e+09 1.569000000000000117e-01 0.000000000000000000e+00
1.582317235633114100e+09 1.569000000000000117e-01 0.000000000000000000e+00
1.582317235732095957e+09 1.567999999999999949e-01 0.000000000000000000e+00
1.582317235831957102e+09 1.567999999999999949e-01 0.000000000000000000e+00
1.582317235949265957e+09 1.569000000000000117e-01 0.000000000000000000e+00
1.582317236046401024e+09 1.570000000000000007e-01 0.000000000000000000e+00
1.582317236145730019e+09 1.569000000000000117e-01 0.000000000000000000e+00
1.582317236246279955e+09 1.569000000000000117e-01 0.000000000000000000e+00
1.582317236346041918e+09 1.569000000000000117e-01 0.000000000000000000e+00
1.582317236445565939e+09 1.569000000000000117e-01 0.000000000000000000e+00
1.582317236544747114e+09 1.569000000000000117e-01 0.000000000000000000e+00
1.582317236644428968e+09 1.569000000000000117e-01 0.000000000000000000e+00
1.582317236744913101e+09 1.570000000000000007e-01 0.000000000000000000e+00
1.582317236861160040e+09 1.569000000000000117e-01 0.000000000000000000e+00
1.582317236957720995e+09 1.570000000000000007e-01 0.000000000000000000e+00
1.582317237060067892e+09 1.570000000000000007e-01 0.000000000000000000e+00
1.582317237158983946e+09 1.569000000000000117e-01 0.000000000000000000e+00
1.582317237255469084e+09 1.570000000000000007e-01 0.000000000000000000e+00
1.582317237358163118e+09 1.570000000000000007e-01 0.000000000000000000e+00
1.582317237458054066e+09 1.570000000000000007e-01 0.000000000000000000e+00
1.582317237557970047e+09 1.570000000000000007e-01 0.000000000000000000e+00
1.582317237656507969e+09 1.570000000000000007e-01 0.000000000000000000e+00
1.582317237771133900e+09 1.570000000000000007e-01 0.000000000000000000e+00
1.582317237867151022e+09 1.570000000000000007e-01 0.000000000000000000e+00
1.582317237969948053e+09 1.569000000000000117e-01 0.000000000000000000e+00
1.582317238069109917e+09 1.570000000000000007e-01 0.000000000000000000e+00
1.582317238163866997e+09 1.570000000000000007e-01 0.000000000000000000e+00
1.582317238268114090e+09 1.569000000000000117e-01 0.000000000000000000e+00
1.582317238367966890e+09 1.569000000000000117e-01 0.000000000000000000e+00
1.582317238467808008e+09 1.569000000000000117e-01 0.000000000000000000e+00
1.582317238566165924e+09 1.570000000000000007e-01 0.000000000000000000e+00
1.582317238680927038e+09 1.569000000000000117e-01 0.000000000000000000e+00
1.582317238775604010e+09 1.569000000000000117e-01 0.000000000000000000e+00
1.582317238880136013e+09 1.570000000000000007e-01 0.000000000000000000e+00
1.582317238979826927e+09 1.570000000000000007e-01 0.000000000000000000e+00
1.582317239078887939e+09 1.569000000000000117e-01 0.000000000000000000e+00
1.582317239175899982e+09 1.569000000000000117e-01 0.000000000000000000e+00
1.582317239277909040e+09 1.569000000000000117e-01 0.000000000000000000e+00
1.582317239377775908e+09 1.570000000000000007e-01 0.000000000000000000e+00
1.582317239488497019e+09 1.570000000000000007e-01 0.000000000000000000e+00
1.582317239588100910e+09 1.569000000000000117e-01 0.000000000000000000e+00
1.582317239687845945e+09 1.570000000000000007e-01 0.000000000000000000e+00
1.582317239785034895e+09 1.570000000000000007e-01 0.000000000000000000e+00
1.582317239887398958e+09 1.569000000000000117e-01 0.000000000000000000e+00
1.582317239987159967e+09 1.569000000000000117e-01 0.000000000000000000e+00
1.582317240086810112e+09 1.569000000000000117e-01 0.000000000000000000e+00
1.582317240186698914e+09 1.569000000000000117e-01 0.000000000000000000e+00
1.582317240286456108e+09 1.567999999999999949e-01 0.000000000000000000e+00
1.582317240397085905e+09 1.569000000000000117e-01 0.000000000000000000e+00
1.582317240500875950e+09 1.569000000000000117e-01 0.000000000000000000e+00
1.582317240600737095e+09 1.569000000000000117e-01 0.000000000000000000e+00
1.582317240699683905e+09 1.569000000000000117e-01 0.000000000000000000e+00
1.582317240797097921e+09 1.567999999999999949e-01 0.000000000000000000e+00
1.582317240898791075e+09 1.569000000000000117e-01 0.000000000000000000e+00
1.582317240998656034e+09 1.570000000000000007e-01 0.000000000000000000e+00
1.582317241094942093e+09 1.569000000000000117e-01 0.000000000000000000e+00
1.582317241197679996e+09 1.569000000000000117e-01 0.000000000000000000e+00
1.582317241296700001e+09 1.570000000000000007e-01 0.000000000000000000e+00
1.582317241410022974e+09 1.570999999999999897e-01 0.000000000000000000e+00
1.582317241510688066e+09 1.570000000000000007e-01 0.000000000000000000e+00
1.582317241609595060e+09 1.569000000000000117e-01 0.000000000000000000e+00
1.582317241706830978e+09 1.569000000000000117e-01 0.000000000000000000e+00
1.582317241808655024e+09 1.569000000000000117e-01 0.000000000000000000e+00
1.582317241908581972e+09 1.569000000000000117e-01 0.000000000000000000e+00
1.582317242003806114e+09 1.570000000000000007e-01 0.000000000000000000e+00
1.582317242107666016e+09 1.570000000000000007e-01 0.000000000000000000e+00
1.582317242221528053e+09 1.569000000000000117e-01 0.000000000000000000e+00
1.582317242317876101e+09 1.570000000000000007e-01 0.000000000000000000e+00
1.582317242420526981e+09 1.569000000000000117e-01 0.000000000000000000e+00
1.582317242514422894e+09 1.569000000000000117e-01 0.000000000000000000e+00
1.582317242616367102e+09 1.569000000000000117e-01 0.000000000000000000e+00
1.582317242713967085e+09 1.569000000000000117e-01 0.000000000000000000e+00
1.582317242813613892e+09 1.569000000000000117e-01 0.000000000000000000e+00
1.582317242913675070e+09 1.570000000000000007e-01 0.000000000000000000e+00
1.582317243029858112e+09 1.570000000000000007e-01 0.000000000000000000e+00
1.582317243129642963e+09 1.570000000000000007e-01 0.000000000000000000e+00
1.582317243229008913e+09 1.569000000000000117e-01 0.000000000000000000e+00
1.582317243329185009e+09 1.569000000000000117e-01 0.000000000000000000e+00
1.582317243428930998e+09 1.570000000000000007e-01 0.000000000000000000e+00
1.582317243526863098e+09 1.569000000000000117e-01 0.000000000000000000e+00
1.582317243628433943e+09 1.570000000000000007e-01 0.000000000000000000e+00
1.582317243728212118e+09 1.567999999999999949e-01 0.000000000000000000e+00
1.582317243824064016e+09 1.569000000000000117e-01 0.000000000000000000e+00
1.582317243927815914e+09 1.570000000000000007e-01 0.000000000000000000e+00
1.582317244041426897e+09 1.569000000000000117e-01 0.000000000000000000e+00
1.582317244136562109e+09 1.569000000000000117e-01 0.000000000000000000e+00
1.582317244240456104e+09 1.570000000000000007e-01 0.000000000000000000e+00
1.582317244340306997e+09 1.569000000000000117e-01 0.000000000000000000e+00
1.582317244439430952e+09 1.569000000000000117e-01 0.000000000000000000e+00
1.582317244539127111e+09 1.570000000000000007e-01 0.000000000000000000e+00
1.582317244638402939e+09 1.570000000000000007e-01 0.000000000000000000e+00
1.582317244737338066e+09 1.569000000000000117e-01 0.000000000000000000e+00
1.582317244851264000e+09 1.569000000000000117e-01 0.000000000000000000e+00
1.582317244949825048e+09 1.570999999999999897e-01 0.000000000000000000e+00
1.582317245047713995e+09 1.570000000000000007e-01 0.000000000000000000e+00
1.582317245150290966e+09 1.570000000000000007e-01 0.000000000000000000e+00
1.582317245250560999e+09 1.570000000000000007e-01 0.000000000000000000e+00
1.582317245345478058e+09 1.570000000000000007e-01 0.000000000000000000e+00
1.582317245449187040e+09 1.570000000000000007e-01 0.000000000000000000e+00
1.582317245548228979e+09 1.570999999999999897e-01 0.000000000000000000e+00
1.582317245659533024e+09 1.570999999999999897e-01 0.000000000000000000e+00
1.582317245762248993e+09 1.570000000000000007e-01 0.000000000000000000e+00
1.582317245856336117e+09 1.570000000000000007e-01 0.000000000000000000e+00
1.582317245958355904e+09 1.570999999999999897e-01 0.000000000000000000e+00
1.582317246055974007e+09 1.570999999999999897e-01 0.000000000000000000e+00
1.582317246155630112e+09 1.570999999999999897e-01 0.000000000000000000e+00
1.582317246256620884e+09 1.569000000000000117e-01 0.000000000000000000e+00
1.582317246355290890e+09 1.570000000000000007e-01 0.000000000000000000e+00
1.582317246468221903e+09 1.569000000000000117e-01 0.000000000000000000e+00
1.582317246571607113e+09 1.570000000000000007e-01 0.000000000000000000e+00
1.582317246671158075e+09 1.569000000000000117e-01 0.000000000000000000e+00
1.582317246770909071e+09 1.570000000000000007e-01 0.000000000000000000e+00
1.582317246868345022e+09 1.570000000000000007e-01 0.000000000000000000e+00
1.582317246970197916e+09 1.569000000000000117e-01 0.000000000000000000e+00
1.582317247069998026e+09 1.569000000000000117e-01 0.000000000000000000e+00
1.582317247165235996e+09 1.570000000000000007e-01 0.000000000000000000e+00
1.582317247269242048e+09 1.570000000000000007e-01 0.000000000000000000e+00
1.582317247368221045e+09 1.570000000000000007e-01 0.000000000000000000e+00
1.582317247480211020e+09 1.570000000000000007e-01 0.000000000000000000e+00
1.582317247581394911e+09 1.570999999999999897e-01 0.000000000000000000e+00
1.582317247681132078e+09 1.570000000000000007e-01 0.000000000000000000e+00
1.582317247781054974e+09 1.570000000000000007e-01 0.000000000000000000e+00
1.582317247879291058e+09 1.570000000000000007e-01 0.000000000000000000e+00
1.582317247980025053e+09 1.570000000000000007e-01 0.000000000000000000e+00
1.582317248079056978e+09 1.570000000000000007e-01 0.000000000000000000e+00
1.582317248176146030e+09 1.570999999999999897e-01 0.000000000000000000e+00
1.582317248292994022e+09 1.570000000000000007e-01 0.000000000000000000e+00
1.582317248387052059e+09 1.570000000000000007e-01 0.000000000000000000e+00
1.582317248491993904e+09 1.570000000000000007e-01 0.000000000000000000e+00
1.582317248590995073e+09 1.570999999999999897e-01 0.000000000000000000e+00
1.582317248691004038e+09 1.569000000000000117e-01 0.000000000000000000e+00
1.582317248787213087e+09 1.570000000000000007e-01 0.000000000000000000e+00
1.582317248889971972e+09 1.570000000000000007e-01 0.000000000000000000e+00
1.582317248989881992e+09 1.569000000000000117e-01 0.000000000000000000e+00
1.582317249101787090e+09 1.569000000000000117e-01 0.000000000000000000e+00
1.582317249198472977e+09 1.569000000000000117e-01 0.000000000000000000e+00
1.582317249298130989e+09 1.569000000000000117e-01 0.000000000000000000e+00
1.582317249399279118e+09 1.570000000000000007e-01 0.000000000000000000e+00
1.582317249497776985e+09 1.570999999999999897e-01 0.000000000000000000e+00
1.582317249597518921e+09 1.569000000000000117e-01 0.000000000000000000e+00
1.582317249697320938e+09 1.570000000000000007e-01 0.000000000000000000e+00
1.582317249797032118e+09 1.570000000000000007e-01 0.000000000000000000e+00
1.582317249896790981e+09 1.569000000000000117e-01 0.000000000000000000e+00
1.582317249996344090e+09 1.569000000000000117e-01 0.000000000000000000e+00
1.582317250112901926e+09 1.570000000000000007e-01 0.000000000000000000e+00
1.582317250206845045e+09 1.570000000000000007e-01 0.000000000000000000e+00
1.582317250311990976e+09 1.570000000000000007e-01 0.000000000000000000e+00
1.582317250410934925e+09 1.570000000000000007e-01 0.000000000000000000e+00
1.582317250510941029e+09 1.570000000000000007e-01 0.000000000000000000e+00
1.582317250607139111e+09 1.570000000000000007e-01 0.000000000000000000e+00
1.582317250710006952e+09 1.570000000000000007e-01 0.000000000000000000e+00
1.582317250809835911e+09 1.570000000000000007e-01 0.000000000000000000e+00
1.582317250920033932e+09 1.569000000000000117e-01 0.000000000000000000e+00
1.582317251022718906e+09 1.569000000000000117e-01 0.000000000000000000e+00
1.582317251122822046e+09 1.569000000000000117e-01 0.000000000000000000e+00
1.582317251217616081e+09 1.569000000000000117e-01 0.000000000000000000e+00
1.582317251320786953e+09 1.570999999999999897e-01 0.000000000000000000e+00
1.582317251420732975e+09 1.570000000000000007e-01 0.000000000000000000e+00
1.582317251520677090e+09 1.569000000000000117e-01 0.000000000000000000e+00
1.582317251618993044e+09 1.570000000000000007e-01 0.000000000000000000e+00
1.582317251719655037e+09 1.570999999999999897e-01 0.000000000000000000e+00
1.582317251818695068e+09 1.570000000000000007e-01 0.000000000000000000e+00
1.582317251932760954e+09 1.570000000000000007e-01 0.000000000000000000e+00
1.582317252032643080e+09 1.570999999999999897e-01 0.000000000000000000e+00
1.582317252131688118e+09 1.570000000000000007e-01 0.000000000000000000e+00
1.582317252230066061e+09 1.570000000000000007e-01 0.000000000000000000e+00
1.582317252327625036e+09 1.570000000000000007e-01 0.000000000000000000e+00
1.582317252430648088e+09 1.569000000000000117e-01 0.000000000000000000e+00
1.582317252528594017e+09 1.570000000000000007e-01 0.000000000000000000e+00
1.582317252629573107e+09 1.570000000000000007e-01 0.000000000000000000e+00
1.582317252738806009e+09 1.569000000000000117e-01 0.000000000000000000e+00
1.582317252839750051e+09 1.570000000000000007e-01 0.000000000000000000e+00
1.582317252939512968e+09 1.570000000000000007e-01 0.000000000000000000e+00
1.582317253037678003e+09 1.569000000000000117e-01 0.000000000000000000e+00
1.582317253139041901e+09 1.569000000000000117e-01 0.000000000000000000e+00
1.582317253238801956e+09 1.570000000000000007e-01 0.000000000000000000e+00
1.582317253338474989e+09 1.570000000000000007e-01 0.000000000000000000e+00
1.582317253438342094e+09 1.570000000000000007e-01 0.000000000000000000e+00
1.582317253553627968e+09 1.569000000000000117e-01 0.000000000000000000e+00
1.582317253649712086e+09 1.570000000000000007e-01 0.000000000000000000e+00
1.582317253752578974e+09 1.570000000000000007e-01 0.000000000000000000e+00
1.582317253852475882e+09 1.569000000000000117e-01 0.000000000000000000e+00
1.582317253946546078e+09 1.570000000000000007e-01 0.000000000000000000e+00
1.582317254050843000e+09 1.569000000000000117e-01 0.000000000000000000e+00
1.582317254150707006e+09 1.569000000000000117e-01 0.000000000000000000e+00
1.582317254250426054e+09 1.570000000000000007e-01 0.000000000000000000e+00
1.582317254348838091e+09 1.570000000000000007e-01 0.000000000000000000e+00
1.582317254449532986e+09 1.570000000000000007e-01 0.000000000000000000e+00
1.582317254558681011e+09 1.570999999999999897e-01 0.000000000000000000e+00
1.582317254662338972e+09 1.570999999999999897e-01 0.000000000000000000e+00
1.582317254762553930e+09 1.570999999999999897e-01 0.000000000000000000e+00
1.582317254856472969e+09 1.570000000000000007e-01 0.000000000000000000e+00
1.582317254960937977e+09 1.570999999999999897e-01 0.000000000000000000e+00
1.582317255060543060e+09 1.569000000000000117e-01 0.000000000000000000e+00
1.582317255160317898e+09 1.570000000000000007e-01 0.000000000000000000e+00
1.582317255255739927e+09 1.570000000000000007e-01 0.000000000000000000e+00
1.582317255373410940e+09 1.570000000000000007e-01 0.000000000000000000e+00
1.582317255473366022e+09 1.570000000000000007e-01 0.000000000000000000e+00
1.582317255569631100e+09 1.570000000000000007e-01 0.000000000000000000e+00
1.582317255672305107e+09 1.570000000000000007e-01 0.000000000000000000e+00
1.582317255771245956e+09 1.570000000000000007e-01 0.000000000000000000e+00
1.582317255867983103e+09 1.570000000000000007e-01 0.000000000000000000e+00
1.582317255965611935e+09 1.570000000000000007e-01 0.000000000000000000e+00
1.582317256065268040e+09 1.570000000000000007e-01 0.000000000000000000e+00
1.582317256181770086e+09 1.570000000000000007e-01 0.000000000000000000e+00
1.582317256281536102e+09 1.570000000000000007e-01 0.000000000000000000e+00
1.582317256378236055e+09 1.570000000000000007e-01 0.000000000000000000e+00
1.582317256480014086e+09 1.570000000000000007e-01 0.000000000000000000e+00
1.582317256577291012e+09 1.569000000000000117e-01 0.000000000000000000e+00
1.582317256680578947e+09 1.570000000000000007e-01 0.000000000000000000e+00
1.582317256780498028e+09 1.570000000000000007e-01 0.000000000000000000e+00
1.582317256880084991e+09 1.570000000000000007e-01 0.000000000000000000e+00
1.582317256979739904e+09 1.569000000000000117e-01 0.000000000000000000e+00
1.582317257078589916e+09 1.569000000000000117e-01 0.000000000000000000e+00
1.582317257193200111e+09 1.570000000000000007e-01 0.000000000000000000e+00
1.582317257288219929e+09 1.570999999999999897e-01 0.000000000000000000e+00
1.582317257392288923e+09 1.570000000000000007e-01 0.000000000000000000e+00
1.582317257492098093e+09 1.570000000000000007e-01 0.000000000000000000e+00
1.582317257592148066e+09 1.570999999999999897e-01 0.000000000000000000e+00
1.582317257688370943e+09 1.570000000000000007e-01 0.000000000000000000e+00
1.582317257790143013e+09 1.570000000000000007e-01 0.000000000000000000e+00
1.582317257890161037e+09 1.569000000000000117e-01 0.000000000000000000e+00
1.582317258003789902e+09 1.570000000000000007e-01 0.000000000000000000e+00
1.582317258103183985e+09 1.569000000000000117e-01 0.000000000000000000e+00
1.582317258197916985e+09 1.570999999999999897e-01 0.000000000000000000e+00
1.582317258302378893e+09 1.570999999999999897e-01 0.000000000000000000e+00
1.582317258402216911e+09 1.570000000000000007e-01 0.000000000000000000e+00
1.582317258501094103e+09 1.570000000000000007e-01 0.000000000000000000e+00
1.582317258600465059e+09 1.570999999999999897e-01 0.000000000000000000e+00
1.582317258701041937e+09 1.570000000000000007e-01 0.000000000000000000e+00
1.582317258811136007e+09 1.570000000000000007e-01 0.000000000000000000e+00
1.582317258914005995e+09 1.570000000000000007e-01 0.000000000000000000e+00
1.582317259013361931e+09 1.570000000000000007e-01 0.000000000000000000e+00
1.582317259109148979e+09 1.570999999999999897e-01 0.000000000000000000e+00
1.582317259207875967e+09 1.570000000000000007e-01 0.000000000000000000e+00
1.582317259307629108e+09 1.570000000000000007e-01 0.000000000000000000e+00
1.582317259406893015e+09 1.570000000000000007e-01 0.000000000000000000e+00
1.582317259507162094e+09 1.570999999999999897e-01 0.000000000000000000e+00
1.582317259606914997e+09 1.570999999999999897e-01 0.000000000000000000e+00
1.582317259706576109e+09 1.570000000000000007e-01 0.000000000000000000e+00
1.582317259823081970e+09 1.569000000000000117e-01 0.000000000000000000e+00
1.582317259922806978e+09 1.570000000000000007e-01 0.000000000000000000e+00
1.582317260022567034e+09 1.570000000000000007e-01 0.000000000000000000e+00
1.582317260119359970e+09 1.570000000000000007e-01 0.000000000000000000e+00
1.582317260221921921e+09 1.569000000000000117e-01 0.000000000000000000e+00
1.582317260319391012e+09 1.570999999999999897e-01 0.000000000000000000e+00
1.582317260416910887e+09 1.570999999999999897e-01 0.000000000000000000e+00
1.582317260521127939e+09 1.570000000000000007e-01 0.000000000000000000e+00
1.582317260633860111e+09 1.570000000000000007e-01 0.000000000000000000e+00
1.582317260729881048e+09 1.569000000000000117e-01 0.000000000000000000e+00
1.582317260833976984e+09 1.570999999999999897e-01 0.000000000000000000e+00
1.582317260932841063e+09 1.570000000000000007e-01 0.000000000000000000e+00
1.582317261032839060e+09 1.570000000000000007e-01 0.000000000000000000e+00
1.582317261132074118e+09 1.570000000000000007e-01 0.000000000000000000e+00
1.582317261231842041e+09 1.570999999999999897e-01 0.000000000000000000e+00
1.582317261330818892e+09 1.570999999999999897e-01 0.000000000000000000e+00
1.582317261430135012e+09 1.570000000000000007e-01 0.000000000000000000e+00
1.582317261544819117e+09 1.569000000000000117e-01 0.000000000000000000e+00
1.582317261640144110e+09 1.569000000000000117e-01 0.000000000000000000e+00
1.582317261743962049e+09 1.570000000000000007e-01 0.000000000000000000e+00
1.582317261842856884e+09 1.569000000000000117e-01 0.000000000000000000e+00
1.582317261937762976e+09 1.570999999999999897e-01 0.000000000000000000e+00
1.582317262041816950e+09 1.570000000000000007e-01 0.000000000000000000e+00
1.582317262141630888e+09 1.570000000000000007e-01 0.000000000000000000e+00
1.582317262240741014e+09 1.570000000000000007e-01 0.000000000000000000e+00
1.582317262337801933e+09 1.570999999999999897e-01 0.000000000000000000e+00
1.582317262450113058e+09 1.570000000000000007e-01 0.000000000000000000e+00
1.582317262548841953e+09 1.570999999999999897e-01 0.000000000000000000e+00
1.582317262652827978e+09 1.570000000000000007e-01 0.000000000000000000e+00
1.582317262749417067e+09 1.570000000000000007e-01 0.000000000000000000e+00
1.582317262849168062e+09 1.570000000000000007e-01 0.000000000000000000e+00
1.582317262949083090e+09 1.570999999999999897e-01 0.000000000000000000e+00
1.582317263048671961e+09 1.570000000000000007e-01 0.000000000000000000e+00
1.582317263148438931e+09 1.570000000000000007e-01 0.000000000000000000e+00
1.582317263247953892e+09 1.570000000000000007e-01 0.000000000000000000e+00
1.582317263364612103e+09 1.570000000000000007e-01 0.000000000000000000e+00
1.582317263458713055e+09 1.570000000000000007e-01 0.000000000000000000e+00
1.582317263563893080e+09 1.570000000000000007e-01 0.000000000000000000e+00
1.582317263662678003e+09 1.570000000000000007e-01 0.000000000000000000e+00
1.582317263762572050e+09 1.570000000000000007e-01 0.000000000000000000e+00
1.582317263860809088e+09 1.570000000000000007e-01 0.000000000000000000e+00
1.582317263961647987e+09 1.570999999999999897e-01 0.000000000000000000e+00
1.582317264061666965e+09 1.570000000000000007e-01 0.000000000000000000e+00
1.582317264156526089e+09 1.570000000000000007e-01 0.000000000000000000e+00
1.582317264274669886e+09 1.570000000000000007e-01 0.000000000000000000e+00
1.582317264373456955e+09 1.570000000000000007e-01 0.000000000000000000e+00
1.582317264470989943e+09 1.570999999999999897e-01 0.000000000000000000e+00
1.582317264573451042e+09 1.570999999999999897e-01 0.000000000000000000e+00
1.582317264672455072e+09 1.570000000000000007e-01 0.000000000000000000e+00
1.582317264768515110e+09 1.570000000000000007e-01 0.000000000000000000e+00
1.582317264871540070e+09 1.570000000000000007e-01 0.000000000000000000e+00
1.582317264971539021e+09 1.569000000000000117e-01 0.000000000000000000e+00
1.582317265082873106e+09 1.570000000000000007e-01 0.000000000000000000e+00
1.582317265184442043e+09 1.570000000000000007e-01 0.000000000000000000e+00
1.582317265283435106e+09 1.570000000000000007e-01 0.000000000000000000e+00
1.582317265380589962e+09 1.570000000000000007e-01 0.000000000000000000e+00
1.582317265479659081e+09 1.570000000000000007e-01 0.000000000000000000e+00
1.582317265577433109e+09 1.570999999999999897e-01 0.000000000000000000e+00
1.582317265678864956e+09 1.570000000000000007e-01 0.000000000000000000e+00
1.582317265781510115e+09 1.570999999999999897e-01 0.000000000000000000e+00
1.582317265881356955e+09 1.570000000000000007e-01 0.000000000000000000e+00
1.582317265992840052e+09 1.570000000000000007e-01 0.000000000000000000e+00
1.582317266091419935e+09 1.570999999999999897e-01 0.000000000000000000e+00
1.582317266191148043e+09 1.570000000000000007e-01 0.000000000000000000e+00
1.582317266290669918e+09 1.570000000000000007e-01 0.000000000000000000e+00
1.582317266390713930e+09 1.570000000000000007e-01 0.000000000000000000e+00
1.582317266490451097e+09 1.569000000000000117e-01 0.000000000000000000e+00
1.582317266589570999e+09 1.570999999999999897e-01 0.000000000000000000e+00
1.582317266690000057e+09 1.569000000000000117e-01 0.000000000000000000e+00
1.582317266789748907e+09 1.570000000000000007e-01 0.000000000000000000e+00
1.582317266886512041e+09 1.570999999999999897e-01 0.000000000000000000e+00
1.582317267004395008e+09 1.570999999999999897e-01 0.000000000000000000e+00
1.582317267104300022e+09 1.570000000000000007e-01 0.000000000000000000e+00
1.582317267200571060e+09 1.570999999999999897e-01 0.000000000000000000e+00
1.582317267303252935e+09 1.570000000000000007e-01 0.000000000000000000e+00
1.582317267402257919e+09 1.570000000000000007e-01 0.000000000000000000e+00
1.582317267497514009e+09 1.570000000000000007e-01 0.000000000000000000e+00
1.582317267601248026e+09 1.570000000000000007e-01 0.000000000000000000e+00
1.582317267701323986e+09 1.570000000000000007e-01 0.000000000000000000e+00
1.582317267812684059e+09 1.569000000000000117e-01 0.000000000000000000e+00
1.582317267914199114e+09 1.570999999999999897e-01 0.000000000000000000e+00
1.582317268013459921e+09 1.570999999999999897e-01 0.000000000000000000e+00
1.582317268110445023e+09 1.570999999999999897e-01 0.000000000000000000e+00
1.582317268213201046e+09 1.570000000000000007e-01 0.000000000000000000e+00
1.582317268312160969e+09 1.570000000000000007e-01 0.000000000000000000e+00
1.582317268408176899e+09 1.570000000000000007e-01 0.000000000000000000e+00
1.582317268512028933e+09 1.570000000000000007e-01 0.000000000000000000e+00
1.582317268625006914e+09 1.570000000000000007e-01 0.000000000000000000e+00
1.582317268721117020e+09 1.570000000000000007e-01 0.000000000000000000e+00
1.582317268824142933e+09 1.570000000000000007e-01 0.000000000000000000e+00
1.582317268924036026e+09 1.570999999999999897e-01 0.000000000000000000e+00
1.582317269017770052e+09 1.570000000000000007e-01 0.000000000000000000e+00
1.582317269122297049e+09 1.570000000000000007e-01 0.000000000000000000e+00
1.582317269222959995e+09 1.570000000000000007e-01 0.000000000000000000e+00
1.582317269322000980e+09 1.570000000000000007e-01 0.000000000000000000e+00
1.582317269419080019e+09 1.570000000000000007e-01 0.000000000000000000e+00
1.582317269516464949e+09 1.570000000000000007e-01 0.000000000000000000e+00
1.582317269630125046e+09 1.570999999999999897e-01 0.000000000000000000e+00
1.582317269732954025e+09 1.570999999999999897e-01 0.000000000000000000e+00
1.582317269832489014e+09 1.570000000000000007e-01 0.000000000000000000e+00
1.582317269932254076e+09 1.570000000000000007e-01 0.000000000000000000e+00
1.582317270029798985e+09 1.570000000000000007e-01 0.000000000000000000e+00
1.582317270131748915e+09 1.570000000000000007e-01 0.000000000000000000e+00
1.582317270231497049e+09 1.570000000000000007e-01 0.000000000000000000e+00
1.582317270328983068e+09 1.570000000000000007e-01 0.000000000000000000e+00
1.582317270445022106e+09 1.570000000000000007e-01 0.000000000000000000e+00
1.582317270544859886e+09 1.570999999999999897e-01 0.000000000000000000e+00
1.582317270644212961e+09 1.570000000000000007e-01 0.000000000000000000e+00
1.582317270743829012e+09 1.570000000000000007e-01 0.000000000000000000e+00
1.582317270843933105e+09 1.570999999999999897e-01 0.000000000000000000e+00
1.582317270940301895e+09 1.570000000000000007e-01 0.000000000000000000e+00
1.582317271042814016e+09 1.569000000000000117e-01 0.000000000000000000e+00
1.582317271142097950e+09 1.570000000000000007e-01 0.000000000000000000e+00
1.582317271255337000e+09 1.570999999999999897e-01 0.000000000000000000e+00
1.582317271355896950e+09 1.570999999999999897e-01 0.000000000000000000e+00
1.582317271454832077e+09 1.570999999999999897e-01 0.000000000000000000e+00
1.582317271552225113e+09 1.570000000000000007e-01 0.000000000000000000e+00
1.582317271653851986e+09 1.570000000000000007e-01 0.000000000000000000e+00
1.582317271753783941e+09 1.570000000000000007e-01 0.000000000000000000e+00
1.582317271849452972e+09 1.570000000000000007e-01 0.000000000000000000e+00
1.582317271952788115e+09 1.570000000000000007e-01 0.000000000000000000e+00
1.582317272051719904e+09 1.570000000000000007e-01 0.000000000000000000e+00
1.582317272151766062e+09 1.570000000000000007e-01 0.000000000000000000e+00
1.582317272259982109e+09 1.570999999999999897e-01 0.000000000000000000e+00
1.582317272364860058e+09 1.570000000000000007e-01 0.000000000000000000e+00
1.582317272463079929e+09 1.570000000000000007e-01 0.000000000000000000e+00
1.582317272559283972e+09 1.570000000000000007e-01 0.000000000000000000e+00
1.582317272658935070e+09 1.570000000000000007e-01 0.000000000000000000e+00
1.582317272760051966e+09 1.570000000000000007e-01 0.000000000000000000e+00
1.582317272858591080e+09 1.570999999999999897e-01 0.000000000000000000e+00
1.582317272958343029e+09 1.570000000000000007e-01 0.000000000000000000e+00
1.582317273074902058e+09 1.570999999999999897e-01 0.000000000000000000e+00
1.582317273174472094e+09 1.570999999999999897e-01 0.000000000000000000e+00
1.582317273274224997e+09 1.570999999999999897e-01 0.000000000000000000e+00
1.582317273374026060e+09 1.570000000000000007e-01 0.000000000000000000e+00
1.582317273473762035e+09 1.570000000000000007e-01 0.000000000000000000e+00
1.582317273573513031e+09 1.570999999999999897e-01 0.000000000000000000e+00
1.582317273672060966e+09 1.570000000000000007e-01 0.000000000000000000e+00
1.582317273772715092e+09 1.570000000000000007e-01 0.000000000000000000e+00
1.582317273883766890e+09 1.570000000000000007e-01 0.000000000000000000e+00
1.582317273985713005e+09 1.570000000000000007e-01 0.000000000000000000e+00
