# 
# Duration (in s): 60
# Pointing Position of the Horn: Calibrator paddle
# Angle pointing (from vertical): 70.05
# Calibrator used: YES
# Weather: very clear
# Units: microWatt
# Comments: sky dip 70 pizza
1.582316739123876095e+09 1.575000000000000011e-01 0.000000000000000000e+00
1.582316739217545033e+09 1.575000000000000011e-01 0.000000000000000000e+00
1.582316739317228079e+09 1.575000000000000011e-01 0.000000000000000000e+00
1.582316739417115927e+09 1.574000000000000121e-01 0.000000000000000000e+00
1.582316739516874075e+09 1.572999999999999954e-01 0.000000000000000000e+00
1.582316739616641998e+09 1.575000000000000011e-01 0.000000000000000000e+00
1.582316739732947111e+09 1.574000000000000121e-01 0.000000000000000000e+00
1.582316739832843065e+09 1.575000000000000011e-01 0.000000000000000000e+00
1.582316739932610989e+09 1.574000000000000121e-01 0.000000000000000000e+00
1.582316740031111002e+09 1.575000000000000011e-01 0.000000000000000000e+00
1.582316740127063036e+09 1.574000000000000121e-01 0.000000000000000000e+00
1.582316740231645107e+09 1.574000000000000121e-01 0.000000000000000000e+00
1.582316740330621958e+09 1.575000000000000011e-01 0.000000000000000000e+00
1.582316740430634022e+09 1.575000000000000011e-01 0.000000000000000000e+00
1.582316740544533968e+09 1.575000000000000011e-01 0.000000000000000000e+00
1.582316740643688917e+09 1.574000000000000121e-01 0.000000000000000000e+00
1.582316740743601084e+09 1.574000000000000121e-01 0.000000000000000000e+00
1.582316740842648029e+09 1.575000000000000011e-01 0.000000000000000000e+00
1.582316740939223051e+09 1.575000000000000011e-01 0.000000000000000000e+00
1.582316741041474104e+09 1.574000000000000121e-01 0.000000000000000000e+00
1.582316741141530037e+09 1.574000000000000121e-01 0.000000000000000000e+00
1.582316741241513014e+09 1.575000000000000011e-01 0.000000000000000000e+00
1.582316741354408979e+09 1.575000000000000011e-01 0.000000000000000000e+00
1.582316741454521894e+09 1.575000000000000011e-01 0.000000000000000000e+00
1.582316741553463936e+09 1.575000000000000011e-01 0.000000000000000000e+00
1.582316741653434038e+09 1.575000000000000011e-01 0.000000000000000000e+00
1.582316741752340078e+09 1.574000000000000121e-01 0.000000000000000000e+00
1.582316741847779989e+09 1.575000000000000011e-01 0.000000000000000000e+00
1.582316741948812962e+09 1.574000000000000121e-01 0.000000000000000000e+00
1.582316742046436071e+09 1.575000000000000011e-01 0.000000000000000000e+00
1.582316742150448084e+09 1.575000000000000011e-01 0.000000000000000000e+00
1.582316742250232935e+09 1.574000000000000121e-01 0.000000000000000000e+00
1.582316742360088110e+09 1.574000000000000121e-01 0.000000000000000000e+00
1.582316742459813118e+09 1.574000000000000121e-01 0.000000000000000000e+00
1.582316742559644938e+09 1.574000000000000121e-01 0.000000000000000000e+00
1.582316742659410000e+09 1.575000000000000011e-01 0.000000000000000000e+00
1.582316742757293940e+09 1.574000000000000121e-01 0.000000000000000000e+00
1.582316742858900070e+09 1.575000000000000011e-01 0.000000000000000000e+00
1.582316742958642006e+09 1.575000000000000011e-01 0.000000000000000000e+00
1.582316743058429956e+09 1.574000000000000121e-01 0.000000000000000000e+00
1.582316743174381971e+09 1.575000000000000011e-01 0.000000000000000000e+00
1.582316743274483919e+09 1.575000000000000011e-01 0.000000000000000000e+00
1.582316743373399019e+09 1.574000000000000121e-01 0.000000000000000000e+00
1.582316743473347902e+09 1.575000000000000011e-01 0.000000000000000000e+00
1.582316743571986914e+09 1.574000000000000121e-01 0.000000000000000000e+00
1.582316743672244072e+09 1.574000000000000121e-01 0.000000000000000000e+00
1.582316743772368908e+09 1.574000000000000121e-01 0.000000000000000000e+00
1.582316743871311903e+09 1.574000000000000121e-01 0.000000000000000000e+00
1.582316743971168041e+09 1.575000000000000011e-01 0.000000000000000000e+00
1.582316744083513975e+09 1.575000000000000011e-01 0.000000000000000000e+00
1.582316744184340954e+09 1.574000000000000121e-01 0.000000000000000000e+00
1.582316744283212900e+09 1.575000000000000011e-01 0.000000000000000000e+00
1.582316744379679918e+09 1.575000000000000011e-01 0.000000000000000000e+00
1.582316744483205080e+09 1.574000000000000121e-01 0.000000000000000000e+00
1.582316744582377911e+09 1.574000000000000121e-01 0.000000000000000000e+00
1.582316744682209969e+09 1.575000000000000011e-01 0.000000000000000000e+00
1.582316744780960083e+09 1.575000000000000011e-01 0.000000000000000000e+00
1.582316744881050110e+09 1.574000000000000121e-01 0.000000000000000000e+00
1.582316744989116907e+09 1.574000000000000121e-01 0.000000000000000000e+00
1.582316745089222908e+09 1.575000000000000011e-01 0.000000000000000000e+00
1.582316745194004059e+09 1.575000000000000011e-01 0.000000000000000000e+00
1.582316745288608074e+09 1.575000000000000011e-01 0.000000000000000000e+00
1.582316745388169050e+09 1.575000000000000011e-01 0.000000000000000000e+00
1.582316745487471104e+09 1.575000000000000011e-01 0.000000000000000000e+00
1.582316745590343952e+09 1.575000000000000011e-01 0.000000000000000000e+00
1.582316745691040993e+09 1.575000000000000011e-01 0.000000000000000000e+00
1.582316745791218042e+09 1.575000000000000011e-01 0.000000000000000000e+00
1.582316745885267973e+09 1.575000000000000011e-01 0.000000000000000000e+00
1.582316746001296043e+09 1.575999999999999901e-01 0.000000000000000000e+00
1.582316746101191044e+09 1.575000000000000011e-01 0.000000000000000000e+00
1.582316746198117971e+09 1.575999999999999901e-01 0.000000000000000000e+00
1.582316746300569057e+09 1.575000000000000011e-01 0.000000000000000000e+00
1.582316746400365114e+09 1.575999999999999901e-01 0.000000000000000000e+00
1.582316746497042894e+09 1.575999999999999901e-01 0.000000000000000000e+00
1.582316746599973917e+09 1.575000000000000011e-01 0.000000000000000000e+00
1.582316746699701071e+09 1.575000000000000011e-01 0.000000000000000000e+00
1.582316746815129042e+09 1.575000000000000011e-01 0.000000000000000000e+00
1.582316746913830042e+09 1.575000000000000011e-01 0.000000000000000000e+00
1.582316747014002085e+09 1.575000000000000011e-01 0.000000000000000000e+00
1.582316747108010054e+09 1.575999999999999901e-01 0.000000000000000000e+00
1.582316747212966919e+09 1.575000000000000011e-01 0.000000000000000000e+00
1.582316747311942101e+09 1.575000000000000011e-01 0.000000000000000000e+00
1.582316747412034035e+09 1.575000000000000011e-01 0.000000000000000000e+00
1.582316747510957956e+09 1.575000000000000011e-01 0.000000000000000000e+00
1.582316747610512972e+09 1.575999999999999901e-01 0.000000000000000000e+00
1.582316747724956036e+09 1.574000000000000121e-01 0.000000000000000000e+00
1.582316747823801041e+09 1.575000000000000011e-01 0.000000000000000000e+00
1.582316747923949003e+09 1.575000000000000011e-01 0.000000000000000000e+00
1.582316748018433094e+09 1.575000000000000011e-01 0.000000000000000000e+00
1.582316748123023033e+09 1.575000000000000011e-01 0.000000000000000000e+00
1.582316748221951962e+09 1.574000000000000121e-01 0.000000000000000000e+00
1.582316748321932077e+09 1.575000000000000011e-01 0.000000000000000000e+00
1.582316748421717882e+09 1.575000000000000011e-01 0.000000000000000000e+00
1.582316748517467022e+09 1.575000000000000011e-01 0.000000000000000000e+00
1.582316748619796991e+09 1.575999999999999901e-01 0.000000000000000000e+00
1.582316748733778000e+09 1.575000000000000011e-01 0.000000000000000000e+00
1.582316748831451893e+09 1.575000000000000011e-01 0.000000000000000000e+00
1.582316748929816008e+09 1.575000000000000011e-01 0.000000000000000000e+00
1.582316749030473948e+09 1.575000000000000011e-01 0.000000000000000000e+00
1.582316749127214909e+09 1.575000000000000011e-01 0.000000000000000000e+00
1.582316749226979017e+09 1.575000000000000011e-01 0.000000000000000000e+00
1.582316749326790094e+09 1.574000000000000121e-01 0.000000000000000000e+00
1.582316749426501036e+09 1.575000000000000011e-01 0.000000000000000000e+00
1.582316749542947054e+09 1.575999999999999901e-01 0.000000000000000000e+00
1.582316749642615080e+09 1.575000000000000011e-01 0.000000000000000000e+00
1.582316749742438078e+09 1.575000000000000011e-01 0.000000000000000000e+00
1.582316749842797041e+09 1.575999999999999901e-01 0.000000000000000000e+00
1.582316749941965103e+09 1.575000000000000011e-01 0.000000000000000000e+00
1.582316750041724920e+09 1.575000000000000011e-01 0.000000000000000000e+00
1.582316750141498089e+09 1.575999999999999901e-01 0.000000000000000000e+00
1.582316750241281986e+09 1.575999999999999901e-01 0.000000000000000000e+00
1.582316750354768991e+09 1.575000000000000011e-01 0.000000000000000000e+00
1.582316750454786062e+09 1.575999999999999901e-01 0.000000000000000000e+00
1.582316750554672003e+09 1.575000000000000011e-01 0.000000000000000000e+00
1.582316750653600931e+09 1.575000000000000011e-01 0.000000000000000000e+00
1.582316750752743006e+09 1.575000000000000011e-01 0.000000000000000000e+00
1.582316750852592945e+09 1.574000000000000121e-01 0.000000000000000000e+00
1.582316750952600002e+09 1.575999999999999901e-01 0.000000000000000000e+00
1.582316751051671028e+09 1.575000000000000011e-01 0.000000000000000000e+00
1.582316751151603937e+09 1.575999999999999901e-01 0.000000000000000000e+00
1.582316751250622988e+09 1.574000000000000121e-01 0.000000000000000000e+00
1.582316751364515066e+09 1.574000000000000121e-01 0.000000000000000000e+00
1.582316751463629007e+09 1.574000000000000121e-01 0.000000000000000000e+00
1.582316751563522100e+09 1.575000000000000011e-01 0.000000000000000000e+00
1.582316751663521051e+09 1.575000000000000011e-01 0.000000000000000000e+00
1.582316751762517929e+09 1.575000000000000011e-01 0.000000000000000000e+00
1.582316751862407923e+09 1.575999999999999901e-01 0.000000000000000000e+00
1.582316751961473942e+09 1.575000000000000011e-01 0.000000000000000000e+00
1.582316752061424971e+09 1.575000000000000011e-01 0.000000000000000000e+00
1.582316752169981003e+09 1.575000000000000011e-01 0.000000000000000000e+00
1.582316752269737005e+09 1.575000000000000011e-01 0.000000000000000000e+00
1.582316752374496937e+09 1.575999999999999901e-01 0.000000000000000000e+00
1.582316752469240904e+09 1.575999999999999901e-01 0.000000000000000000e+00
1.582316752569010019e+09 1.575000000000000011e-01 0.000000000000000000e+00
1.582316752672521114e+09 1.575000000000000011e-01 0.000000000000000000e+00
1.582316752772610903e+09 1.575000000000000011e-01 0.000000000000000000e+00
1.582316752868297100e+09 1.575000000000000011e-01 0.000000000000000000e+00
1.582316752984693050e+09 1.575000000000000011e-01 0.000000000000000000e+00
1.582316753085544109e+09 1.575000000000000011e-01 0.000000000000000000e+00
1.582316753184217930e+09 1.575999999999999901e-01 0.000000000000000000e+00
1.582316753283973932e+09 1.575999999999999901e-01 0.000000000000000000e+00
1.582316753383527040e+09 1.575000000000000011e-01 0.000000000000000000e+00
1.582316753483474970e+09 1.575000000000000011e-01 0.000000000000000000e+00
1.582316753578958988e+09 1.575000000000000011e-01 0.000000000000000000e+00
1.582316753682449102e+09 1.575000000000000011e-01 0.000000000000000000e+00
1.582316753781348944e+09 1.574000000000000121e-01 0.000000000000000000e+00
1.582316753881436110e+09 1.575000000000000011e-01 0.000000000000000000e+00
1.582316753995162010e+09 1.575000000000000011e-01 0.000000000000000000e+00
1.582316754089051962e+09 1.575000000000000011e-01 0.000000000000000000e+00
1.582316754192559004e+09 1.575000000000000011e-01 0.000000000000000000e+00
1.582316754294239044e+09 1.575000000000000011e-01 0.000000000000000000e+00
1.582316754393517971e+09 1.574000000000000121e-01 0.000000000000000000e+00
1.582316754492300034e+09 1.575000000000000011e-01 0.000000000000000000e+00
1.582316754591588974e+09 1.575000000000000011e-01 0.000000000000000000e+00
1.582316754691102028e+09 1.575000000000000011e-01 0.000000000000000000e+00
1.582316754805259943e+09 1.575000000000000011e-01 0.000000000000000000e+00
1.582316754900871038e+09 1.575000000000000011e-01 0.000000000000000000e+00
1.582316755004384041e+09 1.575999999999999901e-01 0.000000000000000000e+00
1.582316755104219913e+09 1.575000000000000011e-01 0.000000000000000000e+00
1.582316755203036070e+09 1.575000000000000011e-01 0.000000000000000000e+00
1.582316755298969984e+09 1.575000000000000011e-01 0.000000000000000000e+00
1.582316755403156996e+09 1.575999999999999901e-01 0.000000000000000000e+00
1.582316755501966000e+09 1.575000000000000011e-01 0.000000000000000000e+00
1.582316755611941099e+09 1.575000000000000011e-01 0.000000000000000000e+00
1.582316755711632013e+09 1.574000000000000121e-01 0.000000000000000000e+00
1.582316755811153889e+09 1.575000000000000011e-01 0.000000000000000000e+00
1.582316755910933971e+09 1.575000000000000011e-01 0.000000000000000000e+00
1.582316756012198925e+09 1.575000000000000011e-01 0.000000000000000000e+00
1.582316756109626055e+09 1.575000000000000011e-01 0.000000000000000000e+00
1.582316756210232973e+09 1.575000000000000011e-01 0.000000000000000000e+00
1.582316756309149981e+09 1.575999999999999901e-01 0.000000000000000000e+00
1.582316756409852028e+09 1.575000000000000011e-01 0.000000000000000000e+00
1.582316756509654045e+09 1.575000000000000011e-01 0.000000000000000000e+00
1.582316756625052929e+09 1.575000000000000011e-01 0.000000000000000000e+00
1.582316756725018978e+09 1.574000000000000121e-01 0.000000000000000000e+00
1.582316756824143887e+09 1.575000000000000011e-01 0.000000000000000000e+00
1.582316756924109936e+09 1.575000000000000011e-01 0.000000000000000000e+00
1.582316757023993015e+09 1.575000000000000011e-01 0.000000000000000000e+00
1.582316757123069048e+09 1.575000000000000011e-01 0.000000000000000000e+00
1.582316757222951889e+09 1.575999999999999901e-01 0.000000000000000000e+00
1.582316757321989059e+09 1.575000000000000011e-01 0.000000000000000000e+00
1.582316757435942888e+09 1.575000000000000011e-01 0.000000000000000000e+00
1.582316757530296087e+09 1.575000000000000011e-01 0.000000000000000000e+00
1.582316757634998083e+09 1.574000000000000121e-01 0.000000000000000000e+00
1.582316757734841108e+09 1.575000000000000011e-01 0.000000000000000000e+00
1.582316757834120035e+09 1.575000000000000011e-01 0.000000000000000000e+00
1.582316757934073925e+09 1.575999999999999901e-01 0.000000000000000000e+00
1.582316758031138897e+09 1.575000000000000011e-01 0.000000000000000000e+00
1.582316758132922888e+09 1.575000000000000011e-01 0.000000000000000000e+00
1.582316758245829105e+09 1.574000000000000121e-01 0.000000000000000000e+00
1.582316758345854044e+09 1.575000000000000011e-01 0.000000000000000000e+00
1.582316758446062088e+09 1.575000000000000011e-01 0.000000000000000000e+00
1.582316758544852972e+09 1.575000000000000011e-01 0.000000000000000000e+00
1.582316758645000935e+09 1.575999999999999901e-01 0.000000000000000000e+00
1.582316758743886948e+09 1.575000000000000011e-01 0.000000000000000000e+00
1.582316758843696117e+09 1.575999999999999901e-01 0.000000000000000000e+00
1.582316758942781925e+09 1.575000000000000011e-01 0.000000000000000000e+00
1.582316759042854071e+09 1.575999999999999901e-01 0.000000000000000000e+00
1.582316759141891956e+09 1.574000000000000121e-01 0.000000000000000000e+00
1.582316759255917072e+09 1.574000000000000121e-01 0.000000000000000000e+00
1.582316759352833986e+09 1.575999999999999901e-01 0.000000000000000000e+00
1.582316759452539921e+09 1.575000000000000011e-01 0.000000000000000000e+00
1.582316759552326918e+09 1.575000000000000011e-01 0.000000000000000000e+00
1.582316759653820992e+09 1.575999999999999901e-01 0.000000000000000000e+00
1.582316759751836061e+09 1.575000000000000011e-01 0.000000000000000000e+00
1.582316759852803946e+09 1.575000000000000011e-01 0.000000000000000000e+00
1.582316759952898979e+09 1.575000000000000011e-01 0.000000000000000000e+00
1.582316760066785097e+09 1.575000000000000011e-01 0.000000000000000000e+00
1.582316760165823936e+09 1.575999999999999901e-01 0.000000000000000000e+00
1.582316760265695095e+09 1.575999999999999901e-01 0.000000000000000000e+00
1.582316760364829063e+09 1.575999999999999901e-01 0.000000000000000000e+00
1.582316760464740992e+09 1.575999999999999901e-01 0.000000000000000000e+00
1.582316760563720942e+09 1.575999999999999901e-01 0.000000000000000000e+00
1.582316760663666010e+09 1.575999999999999901e-01 0.000000000000000000e+00
1.582316760762635946e+09 1.575000000000000011e-01 0.000000000000000000e+00
1.582316760876708984e+09 1.575000000000000011e-01 0.000000000000000000e+00
1.582316760976756096e+09 1.575000000000000011e-01 0.000000000000000000e+00
1.582316761075645924e+09 1.575999999999999901e-01 0.000000000000000000e+00
1.582316761175630093e+09 1.575999999999999901e-01 0.000000000000000000e+00
1.582316761274178028e+09 1.575999999999999901e-01 0.000000000000000000e+00
1.582316761374600887e+09 1.575000000000000011e-01 0.000000000000000000e+00
1.582316761473643064e+09 1.574000000000000121e-01 0.000000000000000000e+00
1.582316761573748112e+09 1.575000000000000011e-01 0.000000000000000000e+00
1.582316761672517061e+09 1.575000000000000011e-01 0.000000000000000000e+00
1.582316761772573948e+09 1.575000000000000011e-01 0.000000000000000000e+00
1.582316761886615992e+09 1.575000000000000011e-01 0.000000000000000000e+00
1.582316761985589981e+09 1.575000000000000011e-01 0.000000000000000000e+00
1.582316762085585117e+09 1.575999999999999901e-01 0.000000000000000000e+00
1.582316762185441017e+09 1.575000000000000011e-01 0.000000000000000000e+00
1.582316762284702063e+09 1.574000000000000121e-01 0.000000000000000000e+00
1.582316762378912926e+09 1.575999999999999901e-01 0.000000000000000000e+00
1.582316762483588934e+09 1.575000000000000011e-01 0.000000000000000000e+00
1.582316762583545923e+09 1.575999999999999901e-01 0.000000000000000000e+00
1.582316762694946051e+09 1.575000000000000011e-01 0.000000000000000000e+00
1.582316762794572115e+09 1.575000000000000011e-01 0.000000000000000000e+00
1.582316762894332886e+09 1.575000000000000011e-01 0.000000000000000000e+00
1.582316762994088888e+09 1.572999999999999954e-01 0.000000000000000000e+00
1.582316763093864918e+09 1.575000000000000011e-01 0.000000000000000000e+00
1.582316763193619967e+09 1.574000000000000121e-01 0.000000000000000000e+00
1.582316763293389082e+09 1.575000000000000011e-01 0.000000000000000000e+00
1.582316763393155098e+09 1.575999999999999901e-01 0.000000000000000000e+00
1.582316763507586956e+09 1.575000000000000011e-01 0.000000000000000000e+00
1.582316763606334925e+09 1.574000000000000121e-01 0.000000000000000000e+00
1.582316763706309080e+09 1.574000000000000121e-01 0.000000000000000000e+00
1.582316763805541992e+09 1.575000000000000011e-01 0.000000000000000000e+00
1.582316763905411959e+09 1.574000000000000121e-01 0.000000000000000000e+00
1.582316764005377054e+09 1.575000000000000011e-01 0.000000000000000000e+00
1.582316764104367018e+09 1.575999999999999901e-01 0.000000000000000000e+00
1.582316764204364061e+09 1.575000000000000011e-01 0.000000000000000000e+00
1.582316764303364992e+09 1.575999999999999901e-01 0.000000000000000000e+00
1.582316764403305054e+09 1.575000000000000011e-01 0.000000000000000000e+00
1.582316764516355038e+09 1.575000000000000011e-01 0.000000000000000000e+00
1.582316764616267920e+09 1.575000000000000011e-01 0.000000000000000000e+00
1.582316764716279984e+09 1.575999999999999901e-01 0.000000000000000000e+00
1.582316764815298080e+09 1.575000000000000011e-01 0.000000000000000000e+00
1.582316764915312052e+09 1.575000000000000011e-01 0.000000000000000000e+00
1.582316765014324903e+09 1.575000000000000011e-01 0.000000000000000000e+00
1.582316765114186049e+09 1.575999999999999901e-01 0.000000000000000000e+00
1.582316765213273048e+09 1.574000000000000121e-01 0.000000000000000000e+00
1.582316765327272892e+09 1.574000000000000121e-01 0.000000000000000000e+00
1.582316765421638966e+09 1.575000000000000011e-01 0.000000000000000000e+00
1.582316765521408081e+09 1.575000000000000011e-01 0.000000000000000000e+00
1.582316765626230955e+09 1.575000000000000011e-01 0.000000000000000000e+00
1.582316765720896959e+09 1.575999999999999901e-01 0.000000000000000000e+00
1.582316765820666075e+09 1.575999999999999901e-01 0.000000000000000000e+00
1.582316765920432091e+09 1.575999999999999901e-01 0.000000000000000000e+00
1.582316766020195961e+09 1.575000000000000011e-01 0.000000000000000000e+00
1.582316766136586905e+09 1.575000000000000011e-01 0.000000000000000000e+00
1.582316766236351967e+09 1.575000000000000011e-01 0.000000000000000000e+00
1.582316766336113930e+09 1.575999999999999901e-01 0.000000000000000000e+00
1.582316766435879946e+09 1.575000000000000011e-01 0.000000000000000000e+00
1.582316766535634041e+09 1.575999999999999901e-01 0.000000000000000000e+00
1.582316766635162115e+09 1.575000000000000011e-01 0.000000000000000000e+00
1.582316766735028028e+09 1.575000000000000011e-01 0.000000000000000000e+00
1.582316766834903002e+09 1.575000000000000011e-01 0.000000000000000000e+00
1.582316766934217930e+09 1.575000000000000011e-01 0.000000000000000000e+00
1.582316767030563116e+09 1.575999999999999901e-01 0.000000000000000000e+00
1.582316767147108078e+09 1.575999999999999901e-01 0.000000000000000000e+00
1.582316767247030973e+09 1.575000000000000011e-01 0.000000000000000000e+00
1.582316767346054077e+09 1.575000000000000011e-01 0.000000000000000000e+00
1.582316767446024895e+09 1.575999999999999901e-01 0.000000000000000000e+00
1.582316767545054913e+09 1.575000000000000011e-01 0.000000000000000000e+00
1.582316767645006895e+09 1.575000000000000011e-01 0.000000000000000000e+00
1.582316767743978977e+09 1.575999999999999901e-01 0.000000000000000000e+00
1.582316767843971014e+09 1.575000000000000011e-01 0.000000000000000000e+00
1.582316767954471111e+09 1.575000000000000011e-01 0.000000000000000000e+00
1.582316768056983948e+09 1.575999999999999901e-01 0.000000000000000000e+00
1.582316768157004118e+09 1.575999999999999901e-01 0.000000000000000000e+00
1.582316768256069899e+09 1.575000000000000011e-01 0.000000000000000000e+00
1.582316768355871916e+09 1.575000000000000011e-01 0.000000000000000000e+00
1.582316768455077887e+09 1.575000000000000011e-01 0.000000000000000000e+00
1.582316768554991007e+09 1.575000000000000011e-01 0.000000000000000000e+00
1.582316768654973984e+09 1.575000000000000011e-01 0.000000000000000000e+00
1.582316768767920017e+09 1.575999999999999901e-01 0.000000000000000000e+00
1.582316768863382101e+09 1.575999999999999901e-01 0.000000000000000000e+00
1.582316768963155985e+09 1.575000000000000011e-01 0.000000000000000000e+00
1.582316769062913895e+09 1.575000000000000011e-01 0.000000000000000000e+00
1.582316769162688017e+09 1.574000000000000121e-01 0.000000000000000000e+00
1.582316769262444019e+09 1.575999999999999901e-01 0.000000000000000000e+00
1.582316769362209082e+09 1.575999999999999901e-01 0.000000000000000000e+00
1.582316769461978912e+09 1.575000000000000011e-01 0.000000000000000000e+00
1.582316769561741114e+09 1.575000000000000011e-01 0.000000000000000000e+00
1.582316769661525965e+09 1.577000000000000068e-01 0.000000000000000000e+00
1.582316769777858019e+09 1.575999999999999901e-01 0.000000000000000000e+00
1.582316769876796007e+09 1.575000000000000011e-01 0.000000000000000000e+00
1.582316769976739883e+09 1.575000000000000011e-01 0.000000000000000000e+00
1.582316770076764107e+09 1.575000000000000011e-01 0.000000000000000000e+00
1.582316770175806046e+09 1.575000000000000011e-01 0.000000000000000000e+00
1.582316770275774002e+09 1.575000000000000011e-01 0.000000000000000000e+00
1.582316770374800920e+09 1.574000000000000121e-01 0.000000000000000000e+00
1.582316770474790096e+09 1.575999999999999901e-01 0.000000000000000000e+00
1.582316770587732077e+09 1.575000000000000011e-01 0.000000000000000000e+00
1.582316770685854912e+09 1.575999999999999901e-01 0.000000000000000000e+00
1.582316770787811995e+09 1.575000000000000011e-01 0.000000000000000000e+00
1.582316770886610985e+09 1.575000000000000011e-01 0.000000000000000000e+00
1.582316770986614943e+09 1.575999999999999901e-01 0.000000000000000000e+00
1.582316771085475922e+09 1.575000000000000011e-01 0.000000000000000000e+00
1.582316771185789108e+09 1.575000000000000011e-01 0.000000000000000000e+00
1.582316771284658909e+09 1.575999999999999901e-01 0.000000000000000000e+00
1.582316771398691893e+09 1.575000000000000011e-01 0.000000000000000000e+00
1.582316771496128082e+09 1.575000000000000011e-01 0.000000000000000000e+00
1.582316771593410969e+09 1.575000000000000011e-01 0.000000000000000000e+00
1.582316771697643995e+09 1.575000000000000011e-01 0.000000000000000000e+00
1.582316771796740055e+09 1.575999999999999901e-01 0.000000000000000000e+00
1.582316771896662951e+09 1.575000000000000011e-01 0.000000000000000000e+00
1.582316771995491028e+09 1.575999999999999901e-01 0.000000000000000000e+00
1.582316772095454931e+09 1.577000000000000068e-01 0.000000000000000000e+00
1.582316772194549084e+09 1.577000000000000068e-01 0.000000000000000000e+00
1.582316772294540882e+09 1.575000000000000011e-01 0.000000000000000000e+00
1.582316772404939890e+09 1.575000000000000011e-01 0.000000000000000000e+00
1.582316772504697084e+09 1.575999999999999901e-01 0.000000000000000000e+00
1.582316772604778051e+09 1.575000000000000011e-01 0.000000000000000000e+00
1.582316772704217911e+09 1.574000000000000121e-01 0.000000000000000000e+00
1.582316772803961992e+09 1.575000000000000011e-01 0.000000000000000000e+00
1.582316772905637980e+09 1.575999999999999901e-01 0.000000000000000000e+00
1.582316773003492117e+09 1.575999999999999901e-01 0.000000000000000000e+00
1.582316773103261948e+09 1.575000000000000011e-01 0.000000000000000000e+00
1.582316773218529940e+09 1.575000000000000011e-01 0.000000000000000000e+00
1.582316773313535929e+09 1.575000000000000011e-01 0.000000000000000000e+00
1.582316773417444944e+09 1.575999999999999901e-01 0.000000000000000000e+00
1.582316773517424107e+09 1.575999999999999901e-01 0.000000000000000000e+00
1.582316773616558075e+09 1.575999999999999901e-01 0.000000000000000000e+00
1.582316773716444016e+09 1.577000000000000068e-01 0.000000000000000000e+00
1.582316773815411091e+09 1.577000000000000068e-01 0.000000000000000000e+00
1.582316773915342093e+09 1.575000000000000011e-01 0.000000000000000000e+00
1.582316774027201891e+09 1.575999999999999901e-01 0.000000000000000000e+00
1.582316774128653049e+09 1.575000000000000011e-01 0.000000000000000000e+00
1.582316774228487968e+09 1.575000000000000011e-01 0.000000000000000000e+00
1.582316774327253103e+09 1.577000000000000068e-01 0.000000000000000000e+00
1.582316774427366972e+09 1.575999999999999901e-01 0.000000000000000000e+00
1.582316774526392937e+09 1.575999999999999901e-01 0.000000000000000000e+00
1.582316774626275063e+09 1.575000000000000011e-01 0.000000000000000000e+00
1.582316774726320028e+09 1.579000000000000126e-01 0.000000000000000000e+00
1.582316774825385094e+09 1.575999999999999901e-01 0.000000000000000000e+00
1.582316774924293995e+09 1.575000000000000011e-01 0.000000000000000000e+00
1.582316775038341045e+09 1.575999999999999901e-01 0.000000000000000000e+00
1.582316775138340950e+09 1.575000000000000011e-01 0.000000000000000000e+00
1.582316775237379074e+09 1.575999999999999901e-01 0.000000000000000000e+00
1.582316775337455988e+09 1.575999999999999901e-01 0.000000000000000000e+00
1.582316775436372042e+09 1.575999999999999901e-01 0.000000000000000000e+00
1.582316775536417961e+09 1.575000000000000011e-01 0.000000000000000000e+00
1.582316775630567074e+09 1.575000000000000011e-01 0.000000000000000000e+00
1.582316775735297918e+09 1.575999999999999901e-01 0.000000000000000000e+00
1.582316775849278927e+09 1.575000000000000011e-01 0.000000000000000000e+00
1.582316775948287010e+09 1.575999999999999901e-01 0.000000000000000000e+00
1.582316776046210051e+09 1.575999999999999901e-01 0.000000000000000000e+00
1.582316776145973921e+09 1.575999999999999901e-01 0.000000000000000000e+00
1.582316776247242928e+09 1.575000000000000011e-01 0.000000000000000000e+00
1.582316776346251965e+09 1.575000000000000011e-01 0.000000000000000000e+00
1.582316776445240021e+09 1.575000000000000011e-01 0.000000000000000000e+00
1.582316776545037031e+09 1.575999999999999901e-01 0.000000000000000000e+00
1.582316776659198046e+09 1.575000000000000011e-01 0.000000000000000000e+00
1.582316776759176970e+09 1.575000000000000011e-01 0.000000000000000000e+00
1.582316776859122992e+09 1.579000000000000126e-01 0.000000000000000000e+00
1.582316776958143950e+09 1.575000000000000011e-01 0.000000000000000000e+00
1.582316777057262897e+09 1.575999999999999901e-01 0.000000000000000000e+00
1.582316777157109022e+09 1.575000000000000011e-01 0.000000000000000000e+00
1.582316777257082939e+09 1.577000000000000068e-01 0.000000000000000000e+00
1.582316777356089115e+09 1.575000000000000011e-01 0.000000000000000000e+00
1.582316777456108093e+09 1.575000000000000011e-01 0.000000000000000000e+00
1.582316777555123091e+09 1.575999999999999901e-01 0.000000000000000000e+00
1.582316777669116020e+09 1.575999999999999901e-01 0.000000000000000000e+00
1.582316777769068003e+09 1.575000000000000011e-01 0.000000000000000000e+00
1.582316777868177891e+09 1.575999999999999901e-01 0.000000000000000000e+00
1.582316777964550018e+09 1.577000000000000068e-01 0.000000000000000000e+00
1.582316778067065954e+09 1.575000000000000011e-01 0.000000000000000000e+00
1.582316778166973114e+09 1.575000000000000011e-01 0.000000000000000000e+00
1.582316778266000986e+09 1.575000000000000011e-01 0.000000000000000000e+00
1.582316778365874052e+09 1.579000000000000126e-01 0.000000000000000000e+00
1.582316778478909016e+09 1.575000000000000011e-01 0.000000000000000000e+00
1.582316778578979015e+09 1.575000000000000011e-01 0.000000000000000000e+00
1.582316778678951025e+09 1.575000000000000011e-01 0.000000000000000000e+00
1.582316778773051023e+09 1.575999999999999901e-01 0.000000000000000000e+00
1.582316778873049021e+09 1.575000000000000011e-01 0.000000000000000000e+00
1.582316778976870060e+09 1.575999999999999901e-01 0.000000000000000000e+00
1.582316779072300911e+09 1.575999999999999901e-01 0.000000000000000000e+00
1.582316779172071934e+09 1.577000000000000068e-01 0.000000000000000000e+00
1.582316779288470030e+09 1.575999999999999901e-01 0.000000000000000000e+00
1.582316779388228893e+09 1.575000000000000011e-01 0.000000000000000000e+00
1.582316779487993002e+09 1.574000000000000121e-01 0.000000000000000000e+00
1.582316779587759018e+09 1.575000000000000011e-01 0.000000000000000000e+00
1.582316779687525988e+09 1.575000000000000011e-01 0.000000000000000000e+00
1.582316779787290096e+09 1.575000000000000011e-01 0.000000000000000000e+00
1.582316779887061119e+09 1.575000000000000011e-01 0.000000000000000000e+00
1.582316779986793041e+09 1.575000000000000011e-01 0.000000000000000000e+00
1.582316780085930109e+09 1.575999999999999901e-01 0.000000000000000000e+00
1.582316780185794115e+09 1.575000000000000011e-01 0.000000000000000000e+00
1.582316780297168970e+09 1.575000000000000011e-01 0.000000000000000000e+00
1.582316780398895025e+09 1.575999999999999901e-01 0.000000000000000000e+00
1.582316780495835066e+09 1.575000000000000011e-01 0.000000000000000000e+00
1.582316780593734026e+09 1.575000000000000011e-01 0.000000000000000000e+00
1.582316780697885990e+09 1.575000000000000011e-01 0.000000000000000000e+00
1.582316780796890020e+09 1.575999999999999901e-01 0.000000000000000000e+00
1.582316780896927118e+09 1.577999999999999958e-01 0.000000000000000000e+00
1.582316780995632887e+09 1.575000000000000011e-01 0.000000000000000000e+00
1.582316781109895945e+09 1.575000000000000011e-01 0.000000000000000000e+00
1.582316781209991932e+09 1.575999999999999901e-01 0.000000000000000000e+00
1.582316781308900118e+09 1.575999999999999901e-01 0.000000000000000000e+00
1.582316781408776045e+09 1.575999999999999901e-01 0.000000000000000000e+00
1.582316781508699894e+09 1.575999999999999901e-01 0.000000000000000000e+00
1.582316781607795954e+09 1.575999999999999901e-01 0.000000000000000000e+00
1.582316781706716061e+09 1.575999999999999901e-01 0.000000000000000000e+00
1.582316781806782961e+09 1.577000000000000068e-01 0.000000000000000000e+00
1.582316781920640945e+09 1.575000000000000011e-01 0.000000000000000000e+00
1.582316782015275955e+09 1.575000000000000011e-01 0.000000000000000000e+00
1.582316782119755983e+09 1.575000000000000011e-01 0.000000000000000000e+00
1.582316782214807987e+09 1.577000000000000068e-01 0.000000000000000000e+00
1.582316782314595938e+09 1.575999999999999901e-01 0.000000000000000000e+00
1.582316782417675972e+09 1.575000000000000011e-01 0.000000000000000000e+00
1.582316782514101028e+09 1.575999999999999901e-01 0.000000000000000000e+00
1.582316782613864899e+09 1.575000000000000011e-01 0.000000000000000000e+00
1.582316782716608047e+09 1.575999999999999901e-01 0.000000000000000000e+00
1.582316782816602945e+09 1.575999999999999901e-01 0.000000000000000000e+00
1.582316782929831028e+09 1.575999999999999901e-01 0.000000000000000000e+00
1.582316783029434919e+09 1.575999999999999901e-01 0.000000000000000000e+00
1.582316783128586054e+09 1.577000000000000068e-01 0.000000000000000000e+00
1.582316783228574038e+09 1.577000000000000068e-01 0.000000000000000000e+00
1.582316783328517914e+09 1.577000000000000068e-01 0.000000000000000000e+00
1.582316783427702904e+09 1.575999999999999901e-01 0.000000000000000000e+00
1.582316783527529001e+09 1.575999999999999901e-01 0.000000000000000000e+00
1.582316783626602888e+09 1.575999999999999901e-01 0.000000000000000000e+00
1.582316783740540028e+09 1.577000000000000068e-01 0.000000000000000000e+00
1.582316783839833975e+09 1.575999999999999901e-01 0.000000000000000000e+00
1.582316783939625025e+09 1.575999999999999901e-01 0.000000000000000000e+00
1.582316784039520979e+09 1.575999999999999901e-01 0.000000000000000000e+00
1.582316784138550997e+09 1.577000000000000068e-01 0.000000000000000000e+00
1.582316784238490105e+09 1.575999999999999901e-01 0.000000000000000000e+00
1.582316784337551117e+09 1.575000000000000011e-01 0.000000000000000000e+00
1.582316784437324047e+09 1.575999999999999901e-01 0.000000000000000000e+00
1.582316784550357103e+09 1.575000000000000011e-01 0.000000000000000000e+00
1.582316784650470972e+09 1.575999999999999901e-01 0.000000000000000000e+00
1.582316784750420094e+09 1.575999999999999901e-01 0.000000000000000000e+00
1.582316784849421024e+09 1.575999999999999901e-01 0.000000000000000000e+00
1.582316784949444056e+09 1.575999999999999901e-01 0.000000000000000000e+00
1.582316785048401117e+09 1.575000000000000011e-01 0.000000000000000000e+00
1.582316785148509026e+09 1.575000000000000011e-01 0.000000000000000000e+00
1.582316785247276068e+09 1.575000000000000011e-01 0.000000000000000000e+00
1.582316785347296000e+09 1.575000000000000011e-01 0.000000000000000000e+00
1.582316785446330070e+09 1.575999999999999901e-01 0.000000000000000000e+00
1.582316785556830883e+09 1.575999999999999901e-01 0.000000000000000000e+00
1.582316785660590887e+09 1.575999999999999901e-01 0.000000000000000000e+00
1.582316785759270906e+09 1.575999999999999901e-01 0.000000000000000000e+00
1.582316785856138945e+09 1.575000000000000011e-01 0.000000000000000000e+00
1.582316785955854893e+09 1.575999999999999901e-01 0.000000000000000000e+00
1.582316786055620909e+09 1.575000000000000011e-01 0.000000000000000000e+00
1.582316786157366037e+09 1.575999999999999901e-01 0.000000000000000000e+00
1.582316786257407904e+09 1.577000000000000068e-01 0.000000000000000000e+00
1.582316786371264935e+09 1.575999999999999901e-01 0.000000000000000000e+00
1.582316786470290899e+09 1.575999999999999901e-01 0.000000000000000000e+00
1.582316786570251942e+09 1.575999999999999901e-01 0.000000000000000000e+00
1.582316786669323921e+09 1.575000000000000011e-01 0.000000000000000000e+00
1.582316786769434929e+09 1.575000000000000011e-01 0.000000000000000000e+00
1.582316786868119955e+09 1.574000000000000121e-01 0.000000000000000000e+00
1.582316786968445063e+09 1.575000000000000011e-01 0.000000000000000000e+00
1.582316787067158937e+09 1.575999999999999901e-01 0.000000000000000000e+00
1.582316787181153059e+09 1.575000000000000011e-01 0.000000000000000000e+00
1.582316787281114101e+09 1.575999999999999901e-01 0.000000000000000000e+00
1.582316787380362988e+09 1.575000000000000011e-01 0.000000000000000000e+00
1.582316787480098963e+09 1.575000000000000011e-01 0.000000000000000000e+00
1.582316787579256058e+09 1.575000000000000011e-01 0.000000000000000000e+00
1.582316787679347038e+09 1.575999999999999901e-01 0.000000000000000000e+00
1.582316787778181076e+09 1.575000000000000011e-01 0.000000000000000000e+00
1.582316787878088951e+09 1.575999999999999901e-01 0.000000000000000000e+00
1.582316787977133989e+09 1.575999999999999901e-01 0.000000000000000000e+00
1.582316788077079058e+09 1.575999999999999901e-01 0.000000000000000000e+00
1.582316788191109896e+09 1.577000000000000068e-01 0.000000000000000000e+00
1.582316788290038109e+09 1.575999999999999901e-01 0.000000000000000000e+00
1.582316788390029907e+09 1.575000000000000011e-01 0.000000000000000000e+00
1.582316788490122080e+09 1.575000000000000011e-01 0.000000000000000000e+00
1.582316788589082003e+09 1.575999999999999901e-01 0.000000000000000000e+00
1.582316788684519053e+09 1.575000000000000011e-01 0.000000000000000000e+00
1.582316788788072109e+09 1.575999999999999901e-01 0.000000000000000000e+00
1.582316788882200956e+09 1.575999999999999901e-01 0.000000000000000000e+00
1.582316788995843887e+09 1.575000000000000011e-01 0.000000000000000000e+00
1.582316789101025105e+09 1.574000000000000121e-01 0.000000000000000000e+00
1.582316789199971914e+09 1.575000000000000011e-01 0.000000000000000000e+00
1.582316789297877073e+09 1.575999999999999901e-01 0.000000000000000000e+00
1.582316789397638083e+09 1.575000000000000011e-01 0.000000000000000000e+00
1.582316789495554924e+09 1.577000000000000068e-01 0.000000000000000000e+00
1.582316789597059011e+09 1.575999999999999901e-01 0.000000000000000000e+00
1.582316789696938038e+09 1.575000000000000011e-01 0.000000000000000000e+00
1.582316789811994076e+09 1.575999999999999901e-01 0.000000000000000000e+00
1.582316789906555891e+09 1.575999999999999901e-01 0.000000000000000000e+00
1.582316790010957003e+09 1.575000000000000011e-01 0.000000000000000000e+00
1.582316790109986067e+09 1.577000000000000068e-01 0.000000000000000000e+00
1.582316790209925890e+09 1.575000000000000011e-01 0.000000000000000000e+00
1.582316790308963060e+09 1.575999999999999901e-01 0.000000000000000000e+00
1.582316790409086943e+09 1.575999999999999901e-01 0.000000000000000000e+00
1.582316790508811951e+09 1.577000000000000068e-01 0.000000000000000000e+00
1.582316790608025074e+09 1.575999999999999901e-01 0.000000000000000000e+00
1.582316790707927942e+09 1.575000000000000011e-01 0.000000000000000000e+00
1.582316790820972919e+09 1.575999999999999901e-01 0.000000000000000000e+00
1.582316790920839071e+09 1.575999999999999901e-01 0.000000000000000000e+00
1.582316791019932032e+09 1.577000000000000068e-01 0.000000000000000000e+00
1.582316791119822025e+09 1.577000000000000068e-01 0.000000000000000000e+00
1.582316791219769001e+09 1.575999999999999901e-01 0.000000000000000000e+00
1.582316791318774939e+09 1.577000000000000068e-01 0.000000000000000000e+00
1.582316791418695927e+09 1.577000000000000068e-01 0.000000000000000000e+00
1.582316791517777920e+09 1.575000000000000011e-01 0.000000000000000000e+00
1.582316791631735086e+09 1.575000000000000011e-01 0.000000000000000000e+00
1.582316791730930090e+09 1.577000000000000068e-01 0.000000000000000000e+00
1.582316791830739975e+09 1.575000000000000011e-01 0.000000000000000000e+00
1.582316791930531979e+09 1.575999999999999901e-01 0.000000000000000000e+00
1.582316792029725075e+09 1.575999999999999901e-01 0.000000000000000000e+00
1.582316792129754066e+09 1.575999999999999901e-01 0.000000000000000000e+00
1.582316792228795052e+09 1.575999999999999901e-01 0.000000000000000000e+00
1.582316792323998928e+09 1.575999999999999901e-01 0.000000000000000000e+00
1.582316792440371990e+09 1.575999999999999901e-01 0.000000000000000000e+00
1.582316792540127039e+09 1.577000000000000068e-01 0.000000000000000000e+00
1.582316792639992952e+09 1.575999999999999901e-01 0.000000000000000000e+00
1.582316792739660978e+09 1.577000000000000068e-01 0.000000000000000000e+00
1.582316792839394093e+09 1.575999999999999901e-01 0.000000000000000000e+00
1.582316792939455032e+09 1.577000000000000068e-01 0.000000000000000000e+00
1.582316793039738894e+09 1.575999999999999901e-01 0.000000000000000000e+00
1.582316793139864922e+09 1.575000000000000011e-01 0.000000000000000000e+00
1.582316793238470078e+09 1.577000000000000068e-01 0.000000000000000000e+00
1.582316793352801085e+09 1.575999999999999901e-01 0.000000000000000000e+00
1.582316793451647997e+09 1.575999999999999901e-01 0.000000000000000000e+00
1.582316793551676035e+09 1.575999999999999901e-01 0.000000000000000000e+00
1.582316793650583982e+09 1.575000000000000011e-01 0.000000000000000000e+00
1.582316793750523090e+09 1.575999999999999901e-01 0.000000000000000000e+00
1.582316793849581003e+09 1.575000000000000011e-01 0.000000000000000000e+00
1.582316793949547052e+09 1.575999999999999901e-01 0.000000000000000000e+00
1.582316794048563004e+09 1.575000000000000011e-01 0.000000000000000000e+00
1.582316794148441076e+09 1.577000000000000068e-01 0.000000000000000000e+00
1.582316794262528896e+09 1.577000000000000068e-01 0.000000000000000000e+00
1.582316794361495018e+09 1.575999999999999901e-01 0.000000000000000000e+00
1.582316794461474895e+09 1.575999999999999901e-01 0.000000000000000000e+00
1.582316794560540915e+09 1.575999999999999901e-01 0.000000000000000000e+00
1.582316794660444021e+09 1.575999999999999901e-01 0.000000000000000000e+00
1.582316794759407997e+09 1.575999999999999901e-01 0.000000000000000000e+00
1.582316794859426975e+09 1.575000000000000011e-01 0.000000000000000000e+00
1.582316794959362030e+09 1.577000000000000068e-01 0.000000000000000000e+00
1.582316795072477102e+09 1.575999999999999901e-01 0.000000000000000000e+00
1.582316795172384977e+09 1.575999999999999901e-01 0.000000000000000000e+00
1.582316795272392035e+09 1.575000000000000011e-01 0.000000000000000000e+00
1.582316795366697073e+09 1.575000000000000011e-01 0.000000000000000000e+00
1.582316795466460943e+09 1.575999999999999901e-01 0.000000000000000000e+00
1.582316795566229105e+09 1.575000000000000011e-01 0.000000000000000000e+00
1.582316795665983915e+09 1.575999999999999901e-01 0.000000000000000000e+00
1.582316795765753984e+09 1.575000000000000011e-01 0.000000000000000000e+00
1.582316795865525007e+09 1.575000000000000011e-01 0.000000000000000000e+00
1.582316795965285063e+09 1.575999999999999901e-01 0.000000000000000000e+00
1.582316796081646919e+09 1.575000000000000011e-01 0.000000000000000000e+00
1.582316796181401968e+09 1.575000000000000011e-01 0.000000000000000000e+00
1.582316796281173944e+09 1.575999999999999901e-01 0.000000000000000000e+00
1.582316796380961895e+09 1.575999999999999901e-01 0.000000000000000000e+00
1.582316796480405092e+09 1.575000000000000011e-01 0.000000000000000000e+00
1.582316796580408096e+09 1.575000000000000011e-01 0.000000000000000000e+00
1.582316796679394960e+09 1.575000000000000011e-01 0.000000000000000000e+00
1.582316796779474020e+09 1.577000000000000068e-01 0.000000000000000000e+00
1.582316796892296076e+09 1.577000000000000068e-01 0.000000000000000000e+00
1.582316796992307901e+09 1.577000000000000068e-01 0.000000000000000000e+00
1.582316797092231035e+09 1.575000000000000011e-01 0.000000000000000000e+00
1.582316797191287041e+09 1.577000000000000068e-01 0.000000000000000000e+00
1.582316797291229963e+09 1.575000000000000011e-01 0.000000000000000000e+00
1.582316797390295029e+09 1.575999999999999901e-01 0.000000000000000000e+00
1.582316797490308046e+09 1.575999999999999901e-01 0.000000000000000000e+00
1.582316797589303970e+09 1.575000000000000011e-01 0.000000000000000000e+00
1.582316797703342915e+09 1.575999999999999901e-01 0.000000000000000000e+00
1.582316797803205013e+09 1.575000000000000011e-01 0.000000000000000000e+00
1.582316797902251005e+09 1.575000000000000011e-01 0.000000000000000000e+00
1.582316798002306938e+09 1.575999999999999901e-01 0.000000000000000000e+00
1.582316798101087093e+09 1.575000000000000011e-01 0.000000000000000000e+00
1.582316798201045990e+09 1.575999999999999901e-01 0.000000000000000000e+00
1.582316798300133944e+09 1.575999999999999901e-01 0.000000000000000000e+00
1.582316798400167942e+09 1.575999999999999901e-01 0.000000000000000000e+00
1.582316798499083996e+09 1.575999999999999901e-01 0.000000000000000000e+00
1.582316798599128962e+09 1.575000000000000011e-01 0.000000000000000000e+00
1.582316798708708048e+09 1.575000000000000011e-01 0.000000000000000000e+00
1.582316798808478117e+09 1.575000000000000011e-01 0.000000000000000000e+00
1.582316798908240080e+09 1.575999999999999901e-01 0.000000000000000000e+00
1.582316799007994890e+09 1.575000000000000011e-01 0.000000000000000000e+00
1.582316799107737064e+09 1.575999999999999901e-01 0.000000000000000000e+00
