# 
# Duration (in s): 60
# Pointing Position of the Horn: Calibrator paddle
# Angle pointing (from vertical): 50.20
# Calibrator used: YES
# Weather: very clear
# Units: microWatt
# Comments: sky dip 50 pizza
1.582317664345618010e+09 1.577999999999999958e-01 0.000000000000000000e+00
1.582317664438668013e+09 1.577999999999999958e-01 0.000000000000000000e+00
1.582317664522303104e+09 1.575999999999999901e-01 0.000000000000000000e+00
1.582317664638565063e+09 1.575999999999999901e-01 0.000000000000000000e+00
1.582317664738468885e+09 1.577999999999999958e-01 0.000000000000000000e+00
1.582317664837532043e+09 1.577999999999999958e-01 0.000000000000000000e+00
1.582317664937561035e+09 1.577999999999999958e-01 0.000000000000000000e+00
1.582317665036525965e+09 1.579000000000000126e-01 0.000000000000000000e+00
1.582317665136368036e+09 1.577999999999999958e-01 0.000000000000000000e+00
1.582317665235563040e+09 1.577999999999999958e-01 0.000000000000000000e+00
1.582317665335433960e+09 1.575999999999999901e-01 0.000000000000000000e+00
1.582317665448441029e+09 1.577999999999999958e-01 0.000000000000000000e+00
1.582317665548521996e+09 1.577000000000000068e-01 0.000000000000000000e+00
1.582317665647439003e+09 1.577999999999999958e-01 0.000000000000000000e+00
1.582317665747286081e+09 1.577999999999999958e-01 0.000000000000000000e+00
1.582317665846527100e+09 1.577999999999999958e-01 0.000000000000000000e+00
1.582317665946337938e+09 1.577000000000000068e-01 0.000000000000000000e+00
1.582317666045424938e+09 1.577000000000000068e-01 0.000000000000000000e+00
1.582317666159343958e+09 1.577000000000000068e-01 0.000000000000000000e+00
1.582317666258440971e+09 1.577000000000000068e-01 0.000000000000000000e+00
1.582317666358383894e+09 1.577999999999999958e-01 0.000000000000000000e+00
1.582317666457369089e+09 1.577000000000000068e-01 0.000000000000000000e+00
1.582317666557501078e+09 1.577999999999999958e-01 0.000000000000000000e+00
1.582317666656385899e+09 1.579000000000000126e-01 0.000000000000000000e+00
1.582317666756308079e+09 1.577999999999999958e-01 0.000000000000000000e+00
1.582317666855261087e+09 1.575999999999999901e-01 0.000000000000000000e+00
1.582317666966483116e+09 1.577000000000000068e-01 0.000000000000000000e+00
1.582317667066255093e+09 1.577000000000000068e-01 0.000000000000000000e+00
1.582317667166014910e+09 1.577000000000000068e-01 0.000000000000000000e+00
1.582317667265774012e+09 1.577000000000000068e-01 0.000000000000000000e+00
1.582317667367345095e+09 1.577000000000000068e-01 0.000000000000000000e+00
1.582317667465312958e+09 1.577999999999999958e-01 0.000000000000000000e+00
1.582317667563585997e+09 1.577999999999999958e-01 0.000000000000000000e+00
1.582317667664741039e+09 1.577999999999999958e-01 0.000000000000000000e+00
1.582317667779409885e+09 1.577000000000000068e-01 0.000000000000000000e+00
1.582317667878084898e+09 1.577000000000000068e-01 0.000000000000000000e+00
1.582317667978188992e+09 1.577000000000000068e-01 0.000000000000000000e+00
1.582317668077199936e+09 1.577000000000000068e-01 0.000000000000000000e+00
1.582317668177248955e+09 1.577000000000000068e-01 0.000000000000000000e+00
1.582317668276103973e+09 1.577000000000000068e-01 0.000000000000000000e+00
1.582317668376086950e+09 1.577999999999999958e-01 0.000000000000000000e+00
1.582317668475311995e+09 1.577000000000000068e-01 0.000000000000000000e+00
1.582317668589147091e+09 1.577000000000000068e-01 0.000000000000000000e+00
1.582317668689208031e+09 1.577000000000000068e-01 0.000000000000000000e+00
1.582317668787997961e+09 1.577000000000000068e-01 0.000000000000000000e+00
1.582317668887082100e+09 1.577999999999999958e-01 0.000000000000000000e+00
1.582317668987059116e+09 1.577000000000000068e-01 0.000000000000000000e+00
1.582317669086095095e+09 1.577000000000000068e-01 0.000000000000000000e+00
1.582317669186031103e+09 1.577000000000000068e-01 0.000000000000000000e+00
1.582317669284975052e+09 1.575999999999999901e-01 0.000000000000000000e+00
1.582317669399008036e+09 1.575999999999999901e-01 0.000000000000000000e+00
1.582317669493793964e+09 1.575999999999999901e-01 0.000000000000000000e+00
1.582317669593559027e+09 1.575999999999999901e-01 0.000000000000000000e+00
1.582317669697149038e+09 1.577000000000000068e-01 0.000000000000000000e+00
1.582317669793052912e+09 1.577000000000000068e-01 0.000000000000000000e+00
1.582317669892817974e+09 1.577000000000000068e-01 0.000000000000000000e+00
1.582317669992552996e+09 1.577000000000000068e-01 0.000000000000000000e+00
1.582317670092346907e+09 1.577000000000000068e-01 0.000000000000000000e+00
1.582317670192122936e+09 1.577000000000000068e-01 0.000000000000000000e+00
1.582317670305514097e+09 1.577000000000000068e-01 0.000000000000000000e+00
1.582317670407928944e+09 1.575999999999999901e-01 0.000000000000000000e+00
1.582317670506968975e+09 1.577000000000000068e-01 0.000000000000000000e+00
1.582317670606909990e+09 1.577000000000000068e-01 0.000000000000000000e+00
1.582317670705982924e+09 1.577999999999999958e-01 0.000000000000000000e+00
1.582317670806027889e+09 1.577000000000000068e-01 0.000000000000000000e+00
1.582317670901582956e+09 1.577999999999999958e-01 0.000000000000000000e+00
1.582317670999779940e+09 1.575999999999999901e-01 0.000000000000000000e+00
1.582317671118859053e+09 1.575999999999999901e-01 0.000000000000000000e+00
1.582317671214540958e+09 1.575999999999999901e-01 0.000000000000000000e+00
1.582317671317909002e+09 1.577000000000000068e-01 0.000000000000000000e+00
1.582317671416917086e+09 1.575999999999999901e-01 0.000000000000000000e+00
1.582317671515901089e+09 1.575999999999999901e-01 0.000000000000000000e+00
1.582317671615732908e+09 1.577000000000000068e-01 0.000000000000000000e+00
1.582317671714926958e+09 1.577000000000000068e-01 0.000000000000000000e+00
1.582317671811497927e+09 1.577000000000000068e-01 0.000000000000000000e+00
1.582317671928872108e+09 1.577000000000000068e-01 0.000000000000000000e+00
1.582317672022844076e+09 1.575999999999999901e-01 0.000000000000000000e+00
1.582317672127875090e+09 1.577000000000000068e-01 0.000000000000000000e+00
1.582317672222959995e+09 1.577000000000000068e-01 0.000000000000000000e+00
1.582317672322069883e+09 1.577000000000000068e-01 0.000000000000000000e+00
1.582317672422539949e+09 1.575999999999999901e-01 0.000000000000000000e+00
1.582317672525734901e+09 1.577000000000000068e-01 0.000000000000000000e+00
1.582317672624900103e+09 1.577000000000000068e-01 0.000000000000000000e+00
1.582317672719867945e+09 1.575999999999999901e-01 0.000000000000000000e+00
1.582317672835828066e+09 1.577000000000000068e-01 0.000000000000000000e+00
1.582317672935584068e+09 1.575999999999999901e-01 0.000000000000000000e+00
1.582317673032777071e+09 1.577000000000000068e-01 0.000000000000000000e+00
1.582317673134854078e+09 1.577000000000000068e-01 0.000000000000000000e+00
1.582317673234778881e+09 1.575999999999999901e-01 0.000000000000000000e+00
1.582317673334644079e+09 1.575999999999999901e-01 0.000000000000000000e+00
1.582317673434412956e+09 1.577999999999999958e-01 0.000000000000000000e+00
1.582317673533761024e+09 1.577000000000000068e-01 0.000000000000000000e+00
1.582317673629230976e+09 1.575999999999999901e-01 0.000000000000000000e+00
1.582317673742517948e+09 1.577000000000000068e-01 0.000000000000000000e+00
1.582317673846821070e+09 1.577000000000000068e-01 0.000000000000000000e+00
1.582317673941263914e+09 1.575999999999999901e-01 0.000000000000000000e+00
1.582317674045588017e+09 1.575999999999999901e-01 0.000000000000000000e+00
1.582317674144699097e+09 1.575999999999999901e-01 0.000000000000000000e+00
1.582317674244414091e+09 1.577000000000000068e-01 0.000000000000000000e+00
1.582317674343657970e+09 1.577000000000000068e-01 0.000000000000000000e+00
1.582317674442706108e+09 1.575999999999999901e-01 0.000000000000000000e+00
1.582317674557543039e+09 1.575000000000000011e-01 0.000000000000000000e+00
1.582317674656605959e+09 1.575999999999999901e-01 0.000000000000000000e+00
1.582317674756196976e+09 1.577000000000000068e-01 0.000000000000000000e+00
1.582317674850423098e+09 1.575999999999999901e-01 0.000000000000000000e+00
1.582317674955543041e+09 1.577000000000000068e-01 0.000000000000000000e+00
1.582317675049639940e+09 1.577000000000000068e-01 0.000000000000000000e+00
1.582317675154525042e+09 1.577000000000000068e-01 0.000000000000000000e+00
1.582317675249984026e+09 1.577000000000000068e-01 0.000000000000000000e+00
1.582317675363068104e+09 1.575999999999999901e-01 0.000000000000000000e+00
1.582317675465046883e+09 1.575999999999999901e-01 0.000000000000000000e+00
1.582317675562536001e+09 1.575999999999999901e-01 0.000000000000000000e+00
1.582317675664803028e+09 1.575999999999999901e-01 0.000000000000000000e+00
1.582317675762553930e+09 1.575999999999999901e-01 0.000000000000000000e+00
1.582317675861875057e+09 1.575999999999999901e-01 0.000000000000000000e+00
1.582317675961659908e+09 1.575999999999999901e-01 0.000000000000000000e+00
1.582317676061400890e+09 1.575999999999999901e-01 0.000000000000000000e+00
1.582317676177362919e+09 1.575000000000000011e-01 0.000000000000000000e+00
1.582317676276443958e+09 1.575999999999999901e-01 0.000000000000000000e+00
1.582317676376322031e+09 1.575000000000000011e-01 0.000000000000000000e+00
1.582317676475471020e+09 1.575999999999999901e-01 0.000000000000000000e+00
1.582317676570527077e+09 1.575999999999999901e-01 0.000000000000000000e+00
1.582317676674393892e+09 1.575999999999999901e-01 0.000000000000000000e+00
1.582317676774341106e+09 1.575999999999999901e-01 0.000000000000000000e+00
1.582317676882946014e+09 1.577000000000000068e-01 0.000000000000000000e+00
1.582317676987564087e+09 1.577000000000000068e-01 0.000000000000000000e+00
1.582317677086456060e+09 1.575999999999999901e-01 0.000000000000000000e+00
1.582317677186378002e+09 1.575000000000000011e-01 0.000000000000000000e+00
1.582317677285348892e+09 1.575999999999999901e-01 0.000000000000000000e+00
1.582317677385045052e+09 1.577000000000000068e-01 0.000000000000000000e+00
1.582317677484273911e+09 1.575999999999999901e-01 0.000000000000000000e+00
1.582317677584242105e+09 1.577000000000000068e-01 0.000000000000000000e+00
1.582317677683303118e+09 1.577000000000000068e-01 0.000000000000000000e+00
1.582317677797257900e+09 1.577000000000000068e-01 0.000000000000000000e+00
1.582317677892096043e+09 1.575999999999999901e-01 0.000000000000000000e+00
1.582317677991615057e+09 1.577000000000000068e-01 0.000000000000000000e+00
1.582317678092253923e+09 1.575999999999999901e-01 0.000000000000000000e+00
1.582317678195168972e+09 1.575999999999999901e-01 0.000000000000000000e+00
1.582317678292380095e+09 1.577000000000000068e-01 0.000000000000000000e+00
1.582317678391733885e+09 1.575999999999999901e-01 0.000000000000000000e+00
1.582317678488832951e+09 1.575999999999999901e-01 0.000000000000000000e+00
1.582317678604846001e+09 1.575999999999999901e-01 0.000000000000000000e+00
1.582317678705038071e+09 1.575999999999999901e-01 0.000000000000000000e+00
1.582317678804802895e+09 1.575999999999999901e-01 0.000000000000000000e+00
1.582317678904520988e+09 1.575000000000000011e-01 0.000000000000000000e+00
1.582317679004395008e+09 1.575000000000000011e-01 0.000000000000000000e+00
1.582317679104176998e+09 1.575999999999999901e-01 0.000000000000000000e+00
1.582317679203402996e+09 1.575999999999999901e-01 0.000000000000000000e+00
1.582317679303138018e+09 1.575999999999999901e-01 0.000000000000000000e+00
1.582317679414000034e+09 1.575999999999999901e-01 0.000000000000000000e+00
1.582317679513910055e+09 1.575000000000000011e-01 0.000000000000000000e+00
1.582317679616072893e+09 1.575000000000000011e-01 0.000000000000000000e+00
1.582317679715095997e+09 1.575999999999999901e-01 0.000000000000000000e+00
1.582317679815133095e+09 1.575999999999999901e-01 0.000000000000000000e+00
1.582317679914144039e+09 1.575999999999999901e-01 0.000000000000000000e+00
1.582317680013964891e+09 1.575000000000000011e-01 0.000000000000000000e+00
1.582317680109806061e+09 1.575999999999999901e-01 0.000000000000000000e+00
1.582317680221971989e+09 1.575999999999999901e-01 0.000000000000000000e+00
1.582317680327045918e+09 1.575999999999999901e-01 0.000000000000000000e+00
1.582317680422776937e+09 1.575999999999999901e-01 0.000000000000000000e+00
1.582317680522300959e+09 1.575999999999999901e-01 0.000000000000000000e+00
1.582317680625031948e+09 1.575000000000000011e-01 0.000000000000000000e+00
1.582317680724128008e+09 1.575999999999999901e-01 0.000000000000000000e+00
1.582317680824153900e+09 1.575999999999999901e-01 0.000000000000000000e+00
1.582317680922955990e+09 1.577000000000000068e-01 0.000000000000000000e+00
1.582317681020088911e+09 1.575999999999999901e-01 0.000000000000000000e+00
1.582317681132615089e+09 1.575999999999999901e-01 0.000000000000000000e+00
1.582317681232371092e+09 1.575000000000000011e-01 0.000000000000000000e+00
1.582317681332149982e+09 1.575000000000000011e-01 0.000000000000000000e+00
1.582317681431891918e+09 1.575999999999999901e-01 0.000000000000000000e+00
1.582317681529110909e+09 1.575000000000000011e-01 0.000000000000000000e+00
1.582317681631441116e+09 1.575999999999999901e-01 0.000000000000000000e+00
1.582317681731210947e+09 1.575999999999999901e-01 0.000000000000000000e+00
1.582317681830943108e+09 1.575000000000000011e-01 0.000000000000000000e+00
1.582317681946965933e+09 1.575999999999999901e-01 0.000000000000000000e+00
1.582317682045742989e+09 1.575999999999999901e-01 0.000000000000000000e+00
1.582317682144922018e+09 1.575999999999999901e-01 0.000000000000000000e+00
1.582317682244900942e+09 1.575999999999999901e-01 0.000000000000000000e+00
1.582317682343790054e+09 1.575999999999999901e-01 0.000000000000000000e+00
1.582317682443809032e+09 1.575000000000000011e-01 0.000000000000000000e+00
1.582317682542911053e+09 1.575999999999999901e-01 0.000000000000000000e+00
1.582317682642723083e+09 1.575999999999999901e-01 0.000000000000000000e+00
1.582317682741813898e+09 1.575999999999999901e-01 0.000000000000000000e+00
1.582317682855775118e+09 1.575999999999999901e-01 0.000000000000000000e+00
1.582317682955853939e+09 1.575999999999999901e-01 0.000000000000000000e+00
1.582317683054723978e+09 1.575999999999999901e-01 0.000000000000000000e+00
1.582317683154768944e+09 1.577000000000000068e-01 0.000000000000000000e+00
1.582317683253834963e+09 1.575999999999999901e-01 0.000000000000000000e+00
1.582317683353883028e+09 1.575999999999999901e-01 0.000000000000000000e+00
1.582317683452764034e+09 1.575999999999999901e-01 0.000000000000000000e+00
1.582317683563023090e+09 1.575999999999999901e-01 0.000000000000000000e+00
1.582317683665857077e+09 1.575000000000000011e-01 0.000000000000000000e+00
1.582317683765847921e+09 1.575999999999999901e-01 0.000000000000000000e+00
1.582317683864691973e+09 1.575999999999999901e-01 0.000000000000000000e+00
1.582317683964778900e+09 1.575999999999999901e-01 0.000000000000000000e+00
1.582317684058939934e+09 1.574000000000000121e-01 0.000000000000000000e+00
1.582317684163672924e+09 1.575999999999999901e-01 0.000000000000000000e+00
1.582317684258471012e+09 1.575999999999999901e-01 0.000000000000000000e+00
1.582317684376693964e+09 1.577000000000000068e-01 0.000000000000000000e+00
1.582317684474632025e+09 1.575999999999999901e-01 0.000000000000000000e+00
1.582317684574393034e+09 1.575999999999999901e-01 0.000000000000000000e+00
1.582317684674163103e+09 1.575000000000000011e-01 0.000000000000000000e+00
1.582317684773924112e+09 1.575000000000000011e-01 0.000000000000000000e+00
1.582317684873637915e+09 1.575000000000000011e-01 0.000000000000000000e+00
1.582317684973417997e+09 1.575000000000000011e-01 0.000000000000000000e+00
1.582317685072573900e+09 1.575999999999999901e-01 0.000000000000000000e+00
1.582317685186657906e+09 1.575000000000000011e-01 0.000000000000000000e+00
1.582317685285510063e+09 1.575000000000000011e-01 0.000000000000000000e+00
1.582317685385497093e+09 1.575999999999999901e-01 0.000000000000000000e+00
1.582317685484700918e+09 1.575000000000000011e-01 0.000000000000000000e+00
1.582317685584608078e+09 1.575000000000000011e-01 0.000000000000000000e+00
1.582317685683629036e+09 1.575999999999999901e-01 0.000000000000000000e+00
1.582317685783618927e+09 1.575999999999999901e-01 0.000000000000000000e+00
1.582317685882603884e+09 1.575999999999999901e-01 0.000000000000000000e+00
1.582317685996454954e+09 1.575000000000000011e-01 0.000000000000000000e+00
1.582317686095577955e+09 1.575999999999999901e-01 0.000000000000000000e+00
1.582317686195460081e+09 1.575999999999999901e-01 0.000000000000000000e+00
1.582317686294508934e+09 1.575999999999999901e-01 0.000000000000000000e+00
1.582317686394355059e+09 1.575999999999999901e-01 0.000000000000000000e+00
1.582317686493494987e+09 1.575999999999999901e-01 0.000000000000000000e+00
1.582317686593429089e+09 1.574000000000000121e-01 0.000000000000000000e+00
1.582317686692552090e+09 1.575000000000000011e-01 0.000000000000000000e+00
1.582317686792381048e+09 1.575000000000000011e-01 0.000000000000000000e+00
1.582317686902165890e+09 1.575999999999999901e-01 0.000000000000000000e+00
1.582317687001791954e+09 1.575999999999999901e-01 0.000000000000000000e+00
1.582317687101666927e+09 1.575999999999999901e-01 0.000000000000000000e+00
1.582317687201445103e+09 1.575000000000000011e-01 0.000000000000000000e+00
1.582317687301208019e+09 1.575000000000000011e-01 0.000000000000000000e+00
1.582317687400964022e+09 1.575000000000000011e-01 0.000000000000000000e+00
1.582317687499818087e+09 1.574000000000000121e-01 0.000000000000000000e+00
1.582317687600496054e+09 1.575000000000000011e-01 0.000000000000000000e+00
1.582317687700261116e+09 1.575999999999999901e-01 0.000000000000000000e+00
1.582317687815356016e+09 1.575000000000000011e-01 0.000000000000000000e+00
1.582317687914381027e+09 1.575999999999999901e-01 0.000000000000000000e+00
1.582317688014329910e+09 1.575000000000000011e-01 0.000000000000000000e+00
1.582317688113360882e+09 1.575000000000000011e-01 0.000000000000000000e+00
1.582317688213325024e+09 1.575000000000000011e-01 0.000000000000000000e+00
1.582317688312388897e+09 1.575000000000000011e-01 0.000000000000000000e+00
1.582317688412276983e+09 1.575000000000000011e-01 0.000000000000000000e+00
1.582317688511331081e+09 1.575999999999999901e-01 0.000000000000000000e+00
1.582317688625288963e+09 1.575999999999999901e-01 0.000000000000000000e+00
1.582317688725353956e+09 1.575999999999999901e-01 0.000000000000000000e+00
1.582317688824300051e+09 1.574000000000000121e-01 0.000000000000000000e+00
1.582317688923342943e+09 1.575000000000000011e-01 0.000000000000000000e+00
1.582317689023225069e+09 1.575999999999999901e-01 0.000000000000000000e+00
1.582317689122225046e+09 1.575000000000000011e-01 0.000000000000000000e+00
1.582317689222244978e+09 1.575999999999999901e-01 0.000000000000000000e+00
1.582317689321237087e+09 1.575000000000000011e-01 0.000000000000000000e+00
1.582317689435120106e+09 1.575999999999999901e-01 0.000000000000000000e+00
1.582317689534228086e+09 1.575999999999999901e-01 0.000000000000000000e+00
1.582317689634248018e+09 1.575999999999999901e-01 0.000000000000000000e+00
1.582317689728746891e+09 1.575000000000000011e-01 0.000000000000000000e+00
1.582317689833161116e+09 1.575000000000000011e-01 0.000000000000000000e+00
1.582317689928277969e+09 1.575999999999999901e-01 0.000000000000000000e+00
1.582317690028178930e+09 1.575999999999999901e-01 0.000000000000000000e+00
1.582317690127746105e+09 1.575999999999999901e-01 0.000000000000000000e+00
1.582317690245198011e+09 1.575000000000000011e-01 0.000000000000000000e+00
1.582317690343926907e+09 1.575999999999999901e-01 0.000000000000000000e+00
1.582317690442416906e+09 1.575000000000000011e-01 0.000000000000000000e+00
1.582317690543134928e+09 1.575999999999999901e-01 0.000000000000000000e+00
1.582317690643218994e+09 1.575000000000000011e-01 0.000000000000000000e+00
1.582317690741986990e+09 1.575000000000000011e-01 0.000000000000000000e+00
1.582317690841958046e+09 1.575000000000000011e-01 0.000000000000000000e+00
1.582317690956238031e+09 1.575999999999999901e-01 0.000000000000000000e+00
1.582317691054857969e+09 1.575000000000000011e-01 0.000000000000000000e+00
1.582317691154908895e+09 1.575999999999999901e-01 0.000000000000000000e+00
1.582317691254122019e+09 1.575000000000000011e-01 0.000000000000000000e+00
1.582317691353055000e+09 1.575000000000000011e-01 0.000000000000000000e+00
1.582317691452920914e+09 1.575000000000000011e-01 0.000000000000000000e+00
1.582317691553035975e+09 1.575999999999999901e-01 0.000000000000000000e+00
1.582317691651983023e+09 1.575999999999999901e-01 0.000000000000000000e+00
1.582317691751017094e+09 1.575999999999999901e-01 0.000000000000000000e+00
1.582317691864959002e+09 1.575999999999999901e-01 0.000000000000000000e+00
1.582317691964889050e+09 1.575999999999999901e-01 0.000000000000000000e+00
1.582317692064013004e+09 1.575999999999999901e-01 0.000000000000000000e+00
1.582317692163853884e+09 1.575999999999999901e-01 0.000000000000000000e+00
1.582317692262969971e+09 1.575000000000000011e-01 0.000000000000000000e+00
1.582317692362795115e+09 1.575999999999999901e-01 0.000000000000000000e+00
1.582317692461848974e+09 1.575000000000000011e-01 0.000000000000000000e+00
1.582317692560862064e+09 1.575000000000000011e-01 0.000000000000000000e+00
1.582317692671711922e+09 1.575000000000000011e-01 0.000000000000000000e+00
1.582317692771481037e+09 1.575000000000000011e-01 0.000000000000000000e+00
1.582317692873881102e+09 1.575000000000000011e-01 0.000000000000000000e+00
1.582317692971004009e+09 1.575999999999999901e-01 0.000000000000000000e+00
1.582317693070741892e+09 1.575000000000000011e-01 0.000000000000000000e+00
1.582317693170512915e+09 1.575000000000000011e-01 0.000000000000000000e+00
1.582317693271790981e+09 1.575999999999999901e-01 0.000000000000000000e+00
1.582317693370069027e+09 1.575000000000000011e-01 0.000000000000000000e+00
1.582317693484863997e+09 1.575999999999999901e-01 0.000000000000000000e+00
1.582317693584815979e+09 1.575000000000000011e-01 0.000000000000000000e+00
1.582317693683846951e+09 1.575999999999999901e-01 0.000000000000000000e+00
1.582317693783763885e+09 1.575999999999999901e-01 0.000000000000000000e+00
1.582317693882759094e+09 1.575999999999999901e-01 0.000000000000000000e+00
1.582317693981807947e+09 1.575000000000000011e-01 0.000000000000000000e+00
1.582317694081662893e+09 1.575999999999999901e-01 0.000000000000000000e+00
1.582317694180849075e+09 1.575000000000000011e-01 0.000000000000000000e+00
1.582317694294814110e+09 1.574000000000000121e-01 0.000000000000000000e+00
1.582317694394782066e+09 1.575000000000000011e-01 0.000000000000000000e+00
1.582317694493668079e+09 1.575000000000000011e-01 0.000000000000000000e+00
1.582317694593702078e+09 1.575999999999999901e-01 0.000000000000000000e+00
1.582317694692773104e+09 1.575999999999999901e-01 0.000000000000000000e+00
1.582317694792673111e+09 1.575999999999999901e-01 0.000000000000000000e+00
1.582317694891668081e+09 1.575000000000000011e-01 0.000000000000000000e+00
1.582317694991548061e+09 1.575000000000000011e-01 0.000000000000000000e+00
1.582317695090647936e+09 1.575000000000000011e-01 0.000000000000000000e+00
1.582317695204670906e+09 1.575000000000000011e-01 0.000000000000000000e+00
1.582317695298743010e+09 1.575000000000000011e-01 0.000000000000000000e+00
1.582317695403608084e+09 1.575999999999999901e-01 0.000000000000000000e+00
1.582317695498172998e+09 1.575999999999999901e-01 0.000000000000000000e+00
1.582317695598050117e+09 1.575999999999999901e-01 0.000000000000000000e+00
1.582317695697796106e+09 1.574000000000000121e-01 0.000000000000000000e+00
1.582317695801701069e+09 1.575999999999999901e-01 0.000000000000000000e+00
1.582317695897351980e+09 1.575000000000000011e-01 0.000000000000000000e+00
1.582317696013735056e+09 1.577000000000000068e-01 0.000000000000000000e+00
1.582317696113755941e+09 1.575999999999999901e-01 0.000000000000000000e+00
1.582317696213222980e+09 1.575999999999999901e-01 0.000000000000000000e+00
1.582317696312702894e+09 1.575999999999999901e-01 0.000000000000000000e+00
1.582317696412537098e+09 1.575999999999999901e-01 0.000000000000000000e+00
1.582317696511688948e+09 1.575000000000000011e-01 0.000000000000000000e+00
1.582317696611500978e+09 1.575999999999999901e-01 0.000000000000000000e+00
1.582317696710516930e+09 1.574000000000000121e-01 0.000000000000000000e+00
1.582317696810487032e+09 1.574000000000000121e-01 0.000000000000000000e+00
1.582317696924479961e+09 1.575000000000000011e-01 0.000000000000000000e+00
1.582317697023509026e+09 1.575000000000000011e-01 0.000000000000000000e+00
1.582317697122554064e+09 1.575000000000000011e-01 0.000000000000000000e+00
1.582317697222493887e+09 1.575000000000000011e-01 0.000000000000000000e+00
1.582317697321398020e+09 1.575000000000000011e-01 0.000000000000000000e+00
1.582317697421458960e+09 1.575000000000000011e-01 0.000000000000000000e+00
1.582317697520261049e+09 1.575000000000000011e-01 0.000000000000000000e+00
1.582317697634572029e+09 1.575000000000000011e-01 0.000000000000000000e+00
1.582317697733376026e+09 1.575000000000000011e-01 0.000000000000000000e+00
1.582317697833439112e+09 1.575000000000000011e-01 0.000000000000000000e+00
1.582317697932420969e+09 1.575999999999999901e-01 0.000000000000000000e+00
1.582317698032440901e+09 1.575000000000000011e-01 0.000000000000000000e+00
1.582317698131552935e+09 1.575000000000000011e-01 0.000000000000000000e+00
1.582317698231489897e+09 1.575000000000000011e-01 0.000000000000000000e+00
1.582317698330245972e+09 1.574000000000000121e-01 0.000000000000000000e+00
1.582317698430308104e+09 1.575000000000000011e-01 0.000000000000000000e+00
1.582317698540982962e+09 1.575000000000000011e-01 0.000000000000000000e+00
1.582317698640775919e+09 1.574000000000000121e-01 0.000000000000000000e+00
1.582317698740514994e+09 1.575000000000000011e-01 0.000000000000000000e+00
1.582317698842355013e+09 1.575999999999999901e-01 0.000000000000000000e+00
1.582317698940066099e+09 1.575000000000000011e-01 0.000000000000000000e+00
1.582317699039834023e+09 1.575999999999999901e-01 0.000000000000000000e+00
1.582317699140456915e+09 1.574000000000000121e-01 0.000000000000000000e+00
1.582317699239331007e+09 1.574000000000000121e-01 0.000000000000000000e+00
1.582317699354310036e+09 1.575000000000000011e-01 0.000000000000000000e+00
1.582317699453361988e+09 1.575000000000000011e-01 0.000000000000000000e+00
1.582317699552197933e+09 1.575000000000000011e-01 0.000000000000000000e+00
1.582317699652244091e+09 1.575000000000000011e-01 0.000000000000000000e+00
1.582317699751266956e+09 1.575999999999999901e-01 0.000000000000000000e+00
1.582317699851238966e+09 1.575000000000000011e-01 0.000000000000000000e+00
1.582317699950177908e+09 1.575999999999999901e-01 0.000000000000000000e+00
1.582317700050121069e+09 1.575000000000000011e-01 0.000000000000000000e+00
1.582317700149315119e+09 1.575000000000000011e-01 0.000000000000000000e+00
1.582317700263199091e+09 1.574000000000000121e-01 0.000000000000000000e+00
1.582317700362205029e+09 1.575000000000000011e-01 0.000000000000000000e+00
1.582317700462162018e+09 1.574000000000000121e-01 0.000000000000000000e+00
1.582317700561117887e+09 1.575000000000000011e-01 0.000000000000000000e+00
1.582317700661258936e+09 1.575000000000000011e-01 0.000000000000000000e+00
1.582317700761318922e+09 1.575000000000000011e-01 0.000000000000000000e+00
1.582317700860158920e+09 1.575999999999999901e-01 0.000000000000000000e+00
1.582317700959146976e+09 1.574000000000000121e-01 0.000000000000000000e+00
1.582317701068315029e+09 1.575000000000000011e-01 0.000000000000000000e+00
1.582317701173072100e+09 1.574000000000000121e-01 0.000000000000000000e+00
1.582317701272092104e+09 1.575000000000000011e-01 0.000000000000000000e+00
1.582317701367564917e+09 1.575000000000000011e-01 0.000000000000000000e+00
1.582317701467225075e+09 1.575000000000000011e-01 0.000000000000000000e+00
1.582317701566997051e+09 1.575000000000000011e-01 0.000000000000000000e+00
1.582317701666866064e+09 1.575000000000000011e-01 0.000000000000000000e+00
1.582317701766652107e+09 1.575000000000000011e-01 0.000000000000000000e+00
1.582317701883011103e+09 1.575000000000000011e-01 0.000000000000000000e+00
1.582317701982053041e+09 1.575000000000000011e-01 0.000000000000000000e+00
1.582317702081964970e+09 1.574000000000000121e-01 0.000000000000000000e+00
1.582317702180929899e+09 1.575000000000000011e-01 0.000000000000000000e+00
1.582317702280947924e+09 1.575000000000000011e-01 0.000000000000000000e+00
1.582317702379964113e+09 1.575000000000000011e-01 0.000000000000000000e+00
1.582317702479959965e+09 1.575999999999999901e-01 0.000000000000000000e+00
1.582317702579108953e+09 1.574000000000000121e-01 0.000000000000000000e+00
1.582317702692950010e+09 1.572999999999999954e-01 0.000000000000000000e+00
1.582317702792805910e+09 1.575000000000000011e-01 0.000000000000000000e+00
1.582317702891916037e+09 1.575000000000000011e-01 0.000000000000000000e+00
1.582317702991853952e+09 1.574000000000000121e-01 0.000000000000000000e+00
1.582317703090984106e+09 1.574000000000000121e-01 0.000000000000000000e+00
1.582317703191070080e+09 1.575000000000000011e-01 0.000000000000000000e+00
1.582317703289877892e+09 1.574000000000000121e-01 0.000000000000000000e+00
1.582317703388856888e+09 1.574000000000000121e-01 0.000000000000000000e+00
1.582317703499257088e+09 1.575000000000000011e-01 0.000000000000000000e+00
1.582317703602921009e+09 1.575000000000000011e-01 0.000000000000000000e+00
1.582317703701915026e+09 1.575000000000000011e-01 0.000000000000000000e+00
1.582317703801830053e+09 1.574000000000000121e-01 0.000000000000000000e+00
1.582317703900810957e+09 1.575000000000000011e-01 0.000000000000000000e+00
1.582317703998636007e+09 1.575000000000000011e-01 0.000000000000000000e+00
1.582317704099857092e+09 1.575000000000000011e-01 0.000000000000000000e+00
1.582317704199824095e+09 1.575999999999999901e-01 0.000000000000000000e+00
1.582317704298865080e+09 1.575000000000000011e-01 0.000000000000000000e+00
1.582317704410293102e+09 1.575000000000000011e-01 0.000000000000000000e+00
1.582317704510052919e+09 1.572999999999999954e-01 0.000000000000000000e+00
1.582317704609812021e+09 1.574000000000000121e-01 0.000000000000000000e+00
1.582317704709592104e+09 1.574000000000000121e-01 0.000000000000000000e+00
1.582317704809359074e+09 1.575000000000000011e-01 0.000000000000000000e+00
1.582317704909095049e+09 1.574000000000000121e-01 0.000000000000000000e+00
1.582317705008876085e+09 1.575000000000000011e-01 0.000000000000000000e+00
1.582317705108634949e+09 1.575000000000000011e-01 0.000000000000000000e+00
1.582317705207659006e+09 1.574000000000000121e-01 0.000000000000000000e+00
1.582317705321662903e+09 1.574000000000000121e-01 0.000000000000000000e+00
1.582317705421658993e+09 1.574000000000000121e-01 0.000000000000000000e+00
1.582317705520504951e+09 1.574000000000000121e-01 0.000000000000000000e+00
1.582317705620698929e+09 1.575000000000000011e-01 0.000000000000000000e+00
1.582317705719738007e+09 1.575000000000000011e-01 0.000000000000000000e+00
1.582317705819596052e+09 1.575000000000000011e-01 0.000000000000000000e+00
1.582317705918741941e+09 1.575000000000000011e-01 0.000000000000000000e+00
1.582317706018831015e+09 1.575000000000000011e-01 0.000000000000000000e+00
1.582317706131743908e+09 1.574000000000000121e-01 0.000000000000000000e+00
1.582317706231669903e+09 1.572999999999999954e-01 0.000000000000000000e+00
1.582317706330581903e+09 1.575000000000000011e-01 0.000000000000000000e+00
1.582317706430543900e+09 1.574000000000000121e-01 0.000000000000000000e+00
1.582317706529584885e+09 1.574000000000000121e-01 0.000000000000000000e+00
1.582317706629611015e+09 1.574000000000000121e-01 0.000000000000000000e+00
1.582317706728575945e+09 1.575000000000000011e-01 0.000000000000000000e+00
1.582317706828502893e+09 1.574000000000000121e-01 0.000000000000000000e+00
1.582317706937607050e+09 1.575000000000000011e-01 0.000000000000000000e+00
1.582317707037369967e+09 1.575000000000000011e-01 0.000000000000000000e+00
1.582317707137123108e+09 1.575000000000000011e-01 0.000000000000000000e+00
1.582317707236855984e+09 1.575000000000000011e-01 0.000000000000000000e+00
1.582317707336636066e+09 1.575000000000000011e-01 0.000000000000000000e+00
1.582317707436378956e+09 1.575000000000000011e-01 0.000000000000000000e+00
1.582317707534595013e+09 1.575000000000000011e-01 0.000000000000000000e+00
1.582317707635920048e+09 1.575000000000000011e-01 0.000000000000000000e+00
1.582317707735691071e+09 1.572999999999999954e-01 0.000000000000000000e+00
1.582317707851490021e+09 1.575000000000000011e-01 0.000000000000000000e+00
1.582317707950417042e+09 1.572999999999999954e-01 0.000000000000000000e+00
1.582317708050348997e+09 1.575000000000000011e-01 0.000000000000000000e+00
1.582317708149517059e+09 1.574000000000000121e-01 0.000000000000000000e+00
1.582317708249530077e+09 1.575000000000000011e-01 0.000000000000000000e+00
1.582317708348416090e+09 1.575000000000000011e-01 0.000000000000000000e+00
1.582317708448323965e+09 1.575000000000000011e-01 0.000000000000000000e+00
1.582317708547426939e+09 1.575000000000000011e-01 0.000000000000000000e+00
1.582317708647331953e+09 1.574000000000000121e-01 0.000000000000000000e+00
1.582317708760370970e+09 1.574000000000000121e-01 0.000000000000000000e+00
1.582317708860367060e+09 1.574000000000000121e-01 0.000000000000000000e+00
1.582317708960299969e+09 1.574000000000000121e-01 0.000000000000000000e+00
1.582317709059282064e+09 1.575000000000000011e-01 0.000000000000000000e+00
1.582317709158370972e+09 1.575000000000000011e-01 0.000000000000000000e+00
1.582317709258495092e+09 1.575000000000000011e-01 0.000000000000000000e+00
1.582317709357199907e+09 1.575000000000000011e-01 0.000000000000000000e+00
1.582317709457281113e+09 1.575000000000000011e-01 0.000000000000000000e+00
1.582317709556277990e+09 1.574000000000000121e-01 0.000000000000000000e+00
1.582317709670376062e+09 1.574000000000000121e-01 0.000000000000000000e+00
1.582317709769331932e+09 1.574000000000000121e-01 0.000000000000000000e+00
1.582317709869148970e+09 1.574000000000000121e-01 0.000000000000000000e+00
1.582317709964844942e+09 1.575000000000000011e-01 0.000000000000000000e+00
1.582317710068461895e+09 1.574000000000000121e-01 0.000000000000000000e+00
1.582317710167269945e+09 1.575000000000000011e-01 0.000000000000000000e+00
1.582317710262417078e+09 1.575000000000000011e-01 0.000000000000000000e+00
1.582317710362723112e+09 1.574000000000000121e-01 0.000000000000000000e+00
1.582317710464786053e+09 1.574000000000000121e-01 0.000000000000000000e+00
1.582317710578885078e+09 1.574000000000000121e-01 0.000000000000000000e+00
1.582317710678641081e+09 1.574000000000000121e-01 0.000000000000000000e+00
1.582317710778163910e+09 1.575000000000000011e-01 0.000000000000000000e+00
1.582317710878175974e+09 1.574000000000000121e-01 0.000000000000000000e+00
1.582317710977164984e+09 1.574000000000000121e-01 0.000000000000000000e+00
1.582317711077159882e+09 1.575000000000000011e-01 0.000000000000000000e+00
1.582317711176131964e+09 1.574000000000000121e-01 0.000000000000000000e+00
1.582317711276388884e+09 1.574000000000000121e-01 0.000000000000000000e+00
1.582317711390079975e+09 1.574000000000000121e-01 0.000000000000000000e+00
1.582317711489178896e+09 1.575000000000000011e-01 0.000000000000000000e+00
1.582317711588169098e+09 1.575000000000000011e-01 0.000000000000000000e+00
1.582317711688226938e+09 1.574000000000000121e-01 0.000000000000000000e+00
1.582317711787085056e+09 1.575000000000000011e-01 0.000000000000000000e+00
1.582317711887077093e+09 1.575000000000000011e-01 0.000000000000000000e+00
1.582317711986061096e+09 1.574000000000000121e-01 0.000000000000000000e+00
1.582317712100338936e+09 1.574000000000000121e-01 0.000000000000000000e+00
1.582317712200076103e+09 1.574000000000000121e-01 0.000000000000000000e+00
1.582317712299067974e+09 1.574000000000000121e-01 0.000000000000000000e+00
1.582317712398921967e+09 1.574000000000000121e-01 0.000000000000000000e+00
1.582317712497910976e+09 1.575000000000000011e-01 0.000000000000000000e+00
1.582317712596960068e+09 1.574000000000000121e-01 0.000000000000000000e+00
1.582317712696938038e+09 1.575000000000000011e-01 0.000000000000000000e+00
1.582317712795989037e+09 1.574000000000000121e-01 0.000000000000000000e+00
1.582317712896023989e+09 1.574000000000000121e-01 0.000000000000000000e+00
1.582317712994932890e+09 1.572999999999999954e-01 0.000000000000000000e+00
1.582317713106197119e+09 1.572999999999999954e-01 0.000000000000000000e+00
1.582317713205939054e+09 1.574000000000000121e-01 0.000000000000000000e+00
1.582317713305705070e+09 1.574000000000000121e-01 0.000000000000000000e+00
1.582317713405452013e+09 1.574000000000000121e-01 0.000000000000000000e+00
1.582317713505203009e+09 1.575000000000000011e-01 0.000000000000000000e+00
1.582317713605123043e+09 1.575000000000000011e-01 0.000000000000000000e+00
1.582317713704462051e+09 1.575000000000000011e-01 0.000000000000000000e+00
1.582317713804496050e+09 1.572999999999999954e-01 0.000000000000000000e+00
1.582317713918821096e+09 1.572999999999999954e-01 0.000000000000000000e+00
1.582317714017787933e+09 1.572999999999999954e-01 0.000000000000000000e+00
1.582317714114533901e+09 1.574000000000000121e-01 0.000000000000000000e+00
1.582317714213500977e+09 1.572999999999999954e-01 0.000000000000000000e+00
1.582317714316844940e+09 1.574000000000000121e-01 0.000000000000000000e+00
1.582317714415889025e+09 1.574000000000000121e-01 0.000000000000000000e+00
1.582317714515836954e+09 1.574000000000000121e-01 0.000000000000000000e+00
1.582317714629816055e+09 1.574000000000000121e-01 0.000000000000000000e+00
1.582317714728909016e+09 1.574000000000000121e-01 0.000000000000000000e+00
1.582317714828826904e+09 1.574000000000000121e-01 0.000000000000000000e+00
1.582317714927628040e+09 1.574000000000000121e-01 0.000000000000000000e+00
1.582317715027856112e+09 1.574000000000000121e-01 0.000000000000000000e+00
1.582317715124752045e+09 1.574000000000000121e-01 0.000000000000000000e+00
1.582317715222193956e+09 1.575000000000000011e-01 0.000000000000000000e+00
1.582317715325933933e+09 1.575000000000000011e-01 0.000000000000000000e+00
1.582317715424616098e+09 1.574000000000000121e-01 0.000000000000000000e+00
1.582317715524740934e+09 1.574000000000000121e-01 0.000000000000000000e+00
1.582317715633703947e+09 1.572999999999999954e-01 0.000000000000000000e+00
1.582317715733186007e+09 1.574000000000000121e-01 0.000000000000000000e+00
1.582317715833698988e+09 1.572999999999999954e-01 0.000000000000000000e+00
1.582317715931972027e+09 1.574000000000000121e-01 0.000000000000000000e+00
1.582317716032479048e+09 1.574000000000000121e-01 0.000000000000000000e+00
1.582317716133316994e+09 1.574000000000000121e-01 0.000000000000000000e+00
1.582317716232055902e+09 1.574000000000000121e-01 0.000000000000000000e+00
1.582317716330598116e+09 1.574000000000000121e-01 0.000000000000000000e+00
1.582317716431380033e+09 1.574000000000000121e-01 0.000000000000000000e+00
1.582317716547960043e+09 1.572999999999999954e-01 0.000000000000000000e+00
1.582317716647650003e+09 1.572999999999999954e-01 0.000000000000000000e+00
1.582317716746704102e+09 1.574000000000000121e-01 0.000000000000000000e+00
1.582317716846640110e+09 1.574000000000000121e-01 0.000000000000000000e+00
1.582317716945749998e+09 1.575000000000000011e-01 0.000000000000000000e+00
1.582317717045586109e+09 1.574000000000000121e-01 0.000000000000000000e+00
1.582317717144768953e+09 1.574000000000000121e-01 0.000000000000000000e+00
1.582317717243745089e+09 1.572999999999999954e-01 0.000000000000000000e+00
1.582317717357750893e+09 1.574000000000000121e-01 0.000000000000000000e+00
1.582317717457586050e+09 1.574000000000000121e-01 0.000000000000000000e+00
1.582317717556571960e+09 1.574000000000000121e-01 0.000000000000000000e+00
1.582317717656539917e+09 1.574000000000000121e-01 0.000000000000000000e+00
1.582317717755686045e+09 1.574000000000000121e-01 0.000000000000000000e+00
1.582317717855452061e+09 1.574000000000000121e-01 0.000000000000000000e+00
1.582317717954514980e+09 1.572999999999999954e-01 0.000000000000000000e+00
1.582317718068752050e+09 1.574000000000000121e-01 0.000000000000000000e+00
1.582317718167378902e+09 1.572999999999999954e-01 0.000000000000000000e+00
1.582317718267474890e+09 1.574000000000000121e-01 0.000000000000000000e+00
1.582317718366533995e+09 1.574000000000000121e-01 0.000000000000000000e+00
1.582317718464560032e+09 1.574000000000000121e-01 0.000000000000000000e+00
1.582317718561844110e+09 1.572999999999999954e-01 0.000000000000000000e+00
1.582317718665407896e+09 1.574000000000000121e-01 0.000000000000000000e+00
1.582317718764549017e+09 1.574000000000000121e-01 0.000000000000000000e+00
1.582317718864418983e+09 1.574000000000000121e-01 0.000000000000000000e+00
1.582317718958854914e+09 1.572999999999999954e-01 0.000000000000000000e+00
1.582317719075251102e+09 1.572999999999999954e-01 0.000000000000000000e+00
1.582317719175009966e+09 1.572999999999999954e-01 0.000000000000000000e+00
1.582317719274769068e+09 1.574000000000000121e-01 0.000000000000000000e+00
1.582317719374521017e+09 1.574000000000000121e-01 0.000000000000000000e+00
1.582317719474278927e+09 1.572999999999999954e-01 0.000000000000000000e+00
1.582317719574037075e+09 1.574000000000000121e-01 0.000000000000000000e+00
1.582317719673928022e+09 1.574000000000000121e-01 0.000000000000000000e+00
1.582317719773343086e+09 1.574000000000000121e-01 0.000000000000000000e+00
1.582317719887329102e+09 1.572999999999999954e-01 0.000000000000000000e+00
1.582317719986499071e+09 1.574000000000000121e-01 0.000000000000000000e+00
1.582317720086308956e+09 1.574000000000000121e-01 0.000000000000000000e+00
1.582317720185401917e+09 1.574000000000000121e-01 0.000000000000000000e+00
1.582317720285588026e+09 1.572999999999999954e-01 0.000000000000000000e+00
1.582317720384207964e+09 1.574000000000000121e-01 0.000000000000000000e+00
1.582317720484123945e+09 1.574000000000000121e-01 0.000000000000000000e+00
1.582317720597219944e+09 1.574000000000000121e-01 0.000000000000000000e+00
1.582317720697170973e+09 1.574000000000000121e-01 0.000000000000000000e+00
1.582317720796370029e+09 1.574000000000000121e-01 0.000000000000000000e+00
1.582317720896158934e+09 1.572999999999999954e-01 0.000000000000000000e+00
1.582317720995256901e+09 1.574000000000000121e-01 0.000000000000000000e+00
1.582317721095253944e+09 1.572999999999999954e-01 0.000000000000000000e+00
1.582317721194226980e+09 1.574000000000000121e-01 0.000000000000000000e+00
1.582317721294308901e+09 1.574000000000000121e-01 0.000000000000000000e+00
1.582317721393228054e+09 1.574000000000000121e-01 0.000000000000000000e+00
1.582317721493035078e+09 1.572999999999999954e-01 0.000000000000000000e+00
1.582317721602546930e+09 1.574000000000000121e-01 0.000000000000000000e+00
1.582317721702287912e+09 1.572999999999999954e-01 0.000000000000000000e+00
1.582317721802051067e+09 1.574000000000000121e-01 0.000000000000000000e+00
1.582317721901815891e+09 1.572999999999999954e-01 0.000000000000000000e+00
1.582317722001593113e+09 1.574000000000000121e-01 0.000000000000000000e+00
1.582317722101350069e+09 1.572000000000000064e-01 0.000000000000000000e+00
1.582317722201105118e+09 1.574000000000000121e-01 0.000000000000000000e+00
1.582317722302206039e+09 1.572999999999999954e-01 0.000000000000000000e+00
1.582317722400618076e+09 1.572999999999999954e-01 0.000000000000000000e+00
1.582317722516155005e+09 1.574000000000000121e-01 0.000000000000000000e+00
1.582317722615068913e+09 1.572999999999999954e-01 0.000000000000000000e+00
1.582317722715039968e+09 1.574000000000000121e-01 0.000000000000000000e+00
1.582317722814014912e+09 1.574000000000000121e-01 0.000000000000000000e+00
1.582317722913918972e+09 1.572999999999999954e-01 0.000000000000000000e+00
1.582317723013083935e+09 1.572999999999999954e-01 0.000000000000000000e+00
1.582317723113276958e+09 1.572999999999999954e-01 0.000000000000000000e+00
1.582317723212100983e+09 1.575000000000000011e-01 0.000000000000000000e+00
1.582317723325995922e+09 1.574000000000000121e-01 0.000000000000000000e+00
1.582317723425954103e+09 1.572999999999999954e-01 0.000000000000000000e+00
1.582317723525161982e+09 1.574000000000000121e-01 0.000000000000000000e+00
1.582317723624036074e+09 1.572999999999999954e-01 0.000000000000000000e+00
1.582317723724050045e+09 1.572999999999999954e-01 0.000000000000000000e+00
1.582317723823034048e+09 1.572999999999999954e-01 0.000000000000000000e+00
1.582317723923022032e+09 1.574000000000000121e-01 0.000000000000000000e+00
1.582317724037035942e+09 1.574000000000000121e-01 0.000000000000000000e+00
1.582317724135858059e+09 1.572999999999999954e-01 0.000000000000000000e+00
1.582317724236026049e+09 1.572999999999999954e-01 0.000000000000000000e+00
1.582317724334899902e+09 1.572999999999999954e-01 0.000000000000000000e+00
