# 
# Duration (in s): 60
# Pointing Position of the Horn: Calibrator paddle
# Angle pointing (from vertical): 39.95
# Calibrator used: YES
# Weather: very clear
# Units: microWatt
# Comments: sky dip 40 pizza
1.582318105166958094e+09 1.572999999999999954e-01 0.000000000000000000e+00
1.582318105262125015e+09 1.574000000000000121e-01 0.000000000000000000e+00
1.582318105347479105e+09 1.575000000000000011e-01 0.000000000000000000e+00
1.582318105447514057e+09 1.574000000000000121e-01 0.000000000000000000e+00
1.582318105560308933e+09 1.572999999999999954e-01 0.000000000000000000e+00
1.582318105660274982e+09 1.575000000000000011e-01 0.000000000000000000e+00
1.582318105759212017e+09 1.574000000000000121e-01 0.000000000000000000e+00
1.582318105859049082e+09 1.575000000000000011e-01 0.000000000000000000e+00
1.582318105953068018e+09 1.574000000000000121e-01 0.000000000000000000e+00
1.582318106058212042e+09 1.575000000000000011e-01 0.000000000000000000e+00
1.582318106152590036e+09 1.574000000000000121e-01 0.000000000000000000e+00
1.582318106252166986e+09 1.572999999999999954e-01 0.000000000000000000e+00
1.582318106368664026e+09 1.574000000000000121e-01 0.000000000000000000e+00
1.582318106465703011e+09 1.574000000000000121e-01 0.000000000000000000e+00
1.582318106565556049e+09 1.574000000000000121e-01 0.000000000000000000e+00
1.582318106665436983e+09 1.575000000000000011e-01 0.000000000000000000e+00
1.582318106765193939e+09 1.574000000000000121e-01 0.000000000000000000e+00
1.582318106863187075e+09 1.575000000000000011e-01 0.000000000000000000e+00
1.582318106964570999e+09 1.575000000000000011e-01 0.000000000000000000e+00
1.582318107064399004e+09 1.575000000000000011e-01 0.000000000000000000e+00
1.582318107164088964e+09 1.574000000000000121e-01 0.000000000000000000e+00
1.582318107280194044e+09 1.575000000000000011e-01 0.000000000000000000e+00
1.582318107380161047e+09 1.575000000000000011e-01 0.000000000000000000e+00
1.582318107479249954e+09 1.574000000000000121e-01 0.000000000000000000e+00
1.582318107579185009e+09 1.574000000000000121e-01 0.000000000000000000e+00
1.582318107678189993e+09 1.575000000000000011e-01 0.000000000000000000e+00
1.582318107773827076e+09 1.575000000000000011e-01 0.000000000000000000e+00
1.582318107877166033e+09 1.575000000000000011e-01 0.000000000000000000e+00
1.582318107976063967e+09 1.572999999999999954e-01 0.000000000000000000e+00
1.582318108087640047e+09 1.574000000000000121e-01 0.000000000000000000e+00
1.582318108190045118e+09 1.575000000000000011e-01 0.000000000000000000e+00
1.582318108289093018e+09 1.574000000000000121e-01 0.000000000000000000e+00
1.582318108388123989e+09 1.574000000000000121e-01 0.000000000000000000e+00
1.582318108485313892e+09 1.574000000000000121e-01 0.000000000000000000e+00
1.582318108587116003e+09 1.575000000000000011e-01 0.000000000000000000e+00
1.582318108683506012e+09 1.575000000000000011e-01 0.000000000000000000e+00
1.582318108787082911e+09 1.574000000000000121e-01 0.000000000000000000e+00
1.582318108886017084e+09 1.574000000000000121e-01 0.000000000000000000e+00
1.582318108996154070e+09 1.574000000000000121e-01 0.000000000000000000e+00
1.582318109098848104e+09 1.574000000000000121e-01 0.000000000000000000e+00
1.582318109194629908e+09 1.575000000000000011e-01 0.000000000000000000e+00
1.582318109294281006e+09 1.575000000000000011e-01 0.000000000000000000e+00
1.582318109392179966e+09 1.575000000000000011e-01 0.000000000000000000e+00
1.582318109497062922e+09 1.575000000000000011e-01 0.000000000000000000e+00
1.582318109591535091e+09 1.574000000000000121e-01 0.000000000000000000e+00
1.582318109691423893e+09 1.574000000000000121e-01 0.000000000000000000e+00
1.582318109791208029e+09 1.574000000000000121e-01 0.000000000000000000e+00
1.582318109904150009e+09 1.574000000000000121e-01 0.000000000000000000e+00
1.582318110007293940e+09 1.575000000000000011e-01 0.000000000000000000e+00
1.582318110107093096e+09 1.574000000000000121e-01 0.000000000000000000e+00
1.582318110203809977e+09 1.574000000000000121e-01 0.000000000000000000e+00
1.582318110306560993e+09 1.574000000000000121e-01 0.000000000000000000e+00
1.582318110406426907e+09 1.574000000000000121e-01 0.000000000000000000e+00
1.582318110500705957e+09 1.575000000000000011e-01 0.000000000000000000e+00
1.582318110605777979e+09 1.574000000000000121e-01 0.000000000000000000e+00
1.582318110704909086e+09 1.575000000000000011e-01 0.000000000000000000e+00
1.582318110818702936e+09 1.574000000000000121e-01 0.000000000000000000e+00
1.582318110917866945e+09 1.574000000000000121e-01 0.000000000000000000e+00
1.582318111017923117e+09 1.574000000000000121e-01 0.000000000000000000e+00
1.582318111116650105e+09 1.575000000000000011e-01 0.000000000000000000e+00
1.582318111216795921e+09 1.574000000000000121e-01 0.000000000000000000e+00
1.582318111312257051e+09 1.575000000000000011e-01 0.000000000000000000e+00
1.582318111415755033e+09 1.574000000000000121e-01 0.000000000000000000e+00
1.582318111514770985e+09 1.572999999999999954e-01 0.000000000000000000e+00
1.582318111614837885e+09 1.572999999999999954e-01 0.000000000000000000e+00
1.582318111727678061e+09 1.572999999999999954e-01 0.000000000000000000e+00
1.582318111827826023e+09 1.574000000000000121e-01 0.000000000000000000e+00
1.582318111921551943e+09 1.574000000000000121e-01 0.000000000000000000e+00
1.582318112026623011e+09 1.574000000000000121e-01 0.000000000000000000e+00
1.582318112125555038e+09 1.574000000000000121e-01 0.000000000000000000e+00
1.582318112222107887e+09 1.574000000000000121e-01 0.000000000000000000e+00
1.582318112320641994e+09 1.575000000000000011e-01 0.000000000000000000e+00
1.582318112420787096e+09 1.575000000000000011e-01 0.000000000000000000e+00
1.582318112535940886e+09 1.574000000000000121e-01 0.000000000000000000e+00
1.582318112634332895e+09 1.575000000000000011e-01 0.000000000000000000e+00
1.582318112734169006e+09 1.574000000000000121e-01 0.000000000000000000e+00
1.582318112833899021e+09 1.575000000000000011e-01 0.000000000000000000e+00
1.582318112933783054e+09 1.574000000000000121e-01 0.000000000000000000e+00
1.582318113033476114e+09 1.574000000000000121e-01 0.000000000000000000e+00
1.582318113131324053e+09 1.575000000000000011e-01 0.000000000000000000e+00
1.582318113248647928e+09 1.575000000000000011e-01 0.000000000000000000e+00
1.582318113347676992e+09 1.575000000000000011e-01 0.000000000000000000e+00
1.582318113443758965e+09 1.574000000000000121e-01 0.000000000000000000e+00
1.582318113546610117e+09 1.575000000000000011e-01 0.000000000000000000e+00
1.582318113646689892e+09 1.574000000000000121e-01 0.000000000000000000e+00
1.582318113745616913e+09 1.575000000000000011e-01 0.000000000000000000e+00
1.582318113845669985e+09 1.574000000000000121e-01 0.000000000000000000e+00
1.582318113944644928e+09 1.574000000000000121e-01 0.000000000000000000e+00
1.582318114039983988e+09 1.574000000000000121e-01 0.000000000000000000e+00
1.582318114143531084e+09 1.572999999999999954e-01 0.000000000000000000e+00
1.582318114257556915e+09 1.575000000000000011e-01 0.000000000000000000e+00
1.582318114352056980e+09 1.574000000000000121e-01 0.000000000000000000e+00
1.582318114451558113e+09 1.574000000000000121e-01 0.000000000000000000e+00
1.582318114555491924e+09 1.574000000000000121e-01 0.000000000000000000e+00
1.582318114655533075e+09 1.574000000000000121e-01 0.000000000000000000e+00
1.582318114754337072e+09 1.572999999999999954e-01 0.000000000000000000e+00
1.582318114854427099e+09 1.574000000000000121e-01 0.000000000000000000e+00
1.582318114951297998e+09 1.574000000000000121e-01 0.000000000000000000e+00
1.582318115067408085e+09 1.572999999999999954e-01 0.000000000000000000e+00
1.582318115161776066e+09 1.575000000000000011e-01 0.000000000000000000e+00
1.582318115261219978e+09 1.574000000000000121e-01 0.000000000000000000e+00
1.582318115362327099e+09 1.575999999999999901e-01 0.000000000000000000e+00
1.582318115460943937e+09 1.574000000000000121e-01 0.000000000000000000e+00
1.582318115560710907e+09 1.575000000000000011e-01 0.000000000000000000e+00
1.582318115660577059e+09 1.574000000000000121e-01 0.000000000000000000e+00
1.582318115776962042e+09 1.572999999999999954e-01 0.000000000000000000e+00
1.582318115876709938e+09 1.572999999999999954e-01 0.000000000000000000e+00
1.582318115976464987e+09 1.575000000000000011e-01 0.000000000000000000e+00
1.582318116076216936e+09 1.574000000000000121e-01 0.000000000000000000e+00
1.582318116175307989e+09 1.575000000000000011e-01 0.000000000000000000e+00
1.582318116275232077e+09 1.575000000000000011e-01 0.000000000000000000e+00
1.582318116374438047e+09 1.574000000000000121e-01 0.000000000000000000e+00
1.582318116474318981e+09 1.574000000000000121e-01 0.000000000000000000e+00
1.582318116573385954e+09 1.574000000000000121e-01 0.000000000000000000e+00
1.582318116673283100e+09 1.574000000000000121e-01 0.000000000000000000e+00
1.582318116786101103e+09 1.572999999999999954e-01 0.000000000000000000e+00
1.582318116886322021e+09 1.574000000000000121e-01 0.000000000000000000e+00
1.582318116985131025e+09 1.574000000000000121e-01 0.000000000000000000e+00
1.582318117085320950e+09 1.574000000000000121e-01 0.000000000000000000e+00
1.582318117184344053e+09 1.574000000000000121e-01 0.000000000000000000e+00
1.582318117284359932e+09 1.575000000000000011e-01 0.000000000000000000e+00
1.582318117383110046e+09 1.575000000000000011e-01 0.000000000000000000e+00
1.582318117483100891e+09 1.574000000000000121e-01 0.000000000000000000e+00
1.582318117582218885e+09 1.574000000000000121e-01 0.000000000000000000e+00
1.582318117696199894e+09 1.572999999999999954e-01 0.000000000000000000e+00
1.582318117795306921e+09 1.574000000000000121e-01 0.000000000000000000e+00
1.582318117895186901e+09 1.574000000000000121e-01 0.000000000000000000e+00
1.582318117994200945e+09 1.574000000000000121e-01 0.000000000000000000e+00
1.582318118094214916e+09 1.575000000000000011e-01 0.000000000000000000e+00
1.582318118193120956e+09 1.574000000000000121e-01 0.000000000000000000e+00
1.582318118292992115e+09 1.574000000000000121e-01 0.000000000000000000e+00
1.582318118387346983e+09 1.572999999999999954e-01 0.000000000000000000e+00
1.582318118503750086e+09 1.572999999999999954e-01 0.000000000000000000e+00
1.582318118603504896e+09 1.572999999999999954e-01 0.000000000000000000e+00
1.582318118703265905e+09 1.574000000000000121e-01 0.000000000000000000e+00
1.582318118804167986e+09 1.574000000000000121e-01 0.000000000000000000e+00
1.582318118902823925e+09 1.574000000000000121e-01 0.000000000000000000e+00
1.582318119002571106e+09 1.574000000000000121e-01 0.000000000000000000e+00
1.582318119102359056e+09 1.572999999999999954e-01 0.000000000000000000e+00
1.582318119217139006e+09 1.574000000000000121e-01 0.000000000000000000e+00
1.582318119316078901e+09 1.574000000000000121e-01 0.000000000000000000e+00
1.582318119416018963e+09 1.572999999999999954e-01 0.000000000000000000e+00
1.582318119515121937e+09 1.574000000000000121e-01 0.000000000000000000e+00
1.582318119615149021e+09 1.575000000000000011e-01 0.000000000000000000e+00
1.582318119714052916e+09 1.574000000000000121e-01 0.000000000000000000e+00
1.582318119814052105e+09 1.575000000000000011e-01 0.000000000000000000e+00
1.582318119912988901e+09 1.574000000000000121e-01 0.000000000000000000e+00
1.582318120012932062e+09 1.574000000000000121e-01 0.000000000000000000e+00
1.582318120125896931e+09 1.572999999999999954e-01 0.000000000000000000e+00
1.582318120226110935e+09 1.572999999999999954e-01 0.000000000000000000e+00
1.582318120324922085e+09 1.574000000000000121e-01 0.000000000000000000e+00
1.582318120423923969e+09 1.572999999999999954e-01 0.000000000000000000e+00
1.582318120523993015e+09 1.572999999999999954e-01 0.000000000000000000e+00
1.582318120622898102e+09 1.572999999999999954e-01 0.000000000000000000e+00
1.582318120722842932e+09 1.574000000000000121e-01 0.000000000000000000e+00
1.582318120821837902e+09 1.572999999999999954e-01 0.000000000000000000e+00
1.582318120931282043e+09 1.572999999999999954e-01 0.000000000000000000e+00
1.582318121031029940e+09 1.572999999999999954e-01 0.000000000000000000e+00
1.582318121130837917e+09 1.574000000000000121e-01 0.000000000000000000e+00
1.582318121233846903e+09 1.574000000000000121e-01 0.000000000000000000e+00
1.582318121333748102e+09 1.574000000000000121e-01 0.000000000000000000e+00
1.582318121430052042e+09 1.574000000000000121e-01 0.000000000000000000e+00
1.582318121529814959e+09 1.574000000000000121e-01 0.000000000000000000e+00
1.582318121629604101e+09 1.574000000000000121e-01 0.000000000000000000e+00
1.582318121729382038e+09 1.574000000000000121e-01 0.000000000000000000e+00
1.582318121845789909e+09 1.574000000000000121e-01 0.000000000000000000e+00
1.582318121944818020e+09 1.572999999999999954e-01 0.000000000000000000e+00
1.582318122044866085e+09 1.572999999999999954e-01 0.000000000000000000e+00
1.582318122143776894e+09 1.574000000000000121e-01 0.000000000000000000e+00
1.582318122243772984e+09 1.572999999999999954e-01 0.000000000000000000e+00
1.582318122342767000e+09 1.574000000000000121e-01 0.000000000000000000e+00
1.582318122442737103e+09 1.574000000000000121e-01 0.000000000000000000e+00
1.582318122541683912e+09 1.572999999999999954e-01 0.000000000000000000e+00
1.582318122655755997e+09 1.572000000000000064e-01 0.000000000000000000e+00
1.582318122754683018e+09 1.574000000000000121e-01 0.000000000000000000e+00
1.582318122854585886e+09 1.574000000000000121e-01 0.000000000000000000e+00
1.582318122951113939e+09 1.574000000000000121e-01 0.000000000000000000e+00
1.582318123053621054e+09 1.574000000000000121e-01 0.000000000000000000e+00
1.582318123152647972e+09 1.574000000000000121e-01 0.000000000000000000e+00
1.582318123252609015e+09 1.574000000000000121e-01 0.000000000000000000e+00
1.582318123351615906e+09 1.574000000000000121e-01 0.000000000000000000e+00
1.582318123451076984e+09 1.572999999999999954e-01 0.000000000000000000e+00
1.582318123564740896e+09 1.574000000000000121e-01 0.000000000000000000e+00
1.582318123664576054e+09 1.574000000000000121e-01 0.000000000000000000e+00
1.582318123763545990e+09 1.574000000000000121e-01 0.000000000000000000e+00
1.582318123863578081e+09 1.574000000000000121e-01 0.000000000000000000e+00
1.582318123962610006e+09 1.574000000000000121e-01 0.000000000000000000e+00
1.582318124062653065e+09 1.574000000000000121e-01 0.000000000000000000e+00
1.582318124156903982e+09 1.574000000000000121e-01 0.000000000000000000e+00
1.582318124256637096e+09 1.574000000000000121e-01 0.000000000000000000e+00
1.582318124374612093e+09 1.574000000000000121e-01 0.000000000000000000e+00
1.582318124472801924e+09 1.574000000000000121e-01 0.000000000000000000e+00
1.582318124572561979e+09 1.572999999999999954e-01 0.000000000000000000e+00
1.582318124672327995e+09 1.572999999999999954e-01 0.000000000000000000e+00
1.582318124772097111e+09 1.574000000000000121e-01 0.000000000000000000e+00
1.582318124871856928e+09 1.574000000000000121e-01 0.000000000000000000e+00
1.582318124971530914e+09 1.574000000000000121e-01 0.000000000000000000e+00
1.582318125071388960e+09 1.574000000000000121e-01 0.000000000000000000e+00
1.582318125184547901e+09 1.572999999999999954e-01 0.000000000000000000e+00
1.582318125284404039e+09 1.574000000000000121e-01 0.000000000000000000e+00
1.582318125383476973e+09 1.572999999999999954e-01 0.000000000000000000e+00
1.582318125483527899e+09 1.572999999999999954e-01 0.000000000000000000e+00
1.582318125582638979e+09 1.574000000000000121e-01 0.000000000000000000e+00
1.582318125682401896e+09 1.574000000000000121e-01 0.000000000000000000e+00
1.582318125781390905e+09 1.574000000000000121e-01 0.000000000000000000e+00
1.582318125881406069e+09 1.574000000000000121e-01 0.000000000000000000e+00
1.582318125980463982e+09 1.574000000000000121e-01 0.000000000000000000e+00
1.582318126094429970e+09 1.574000000000000121e-01 0.000000000000000000e+00
1.582318126193363905e+09 1.574000000000000121e-01 0.000000000000000000e+00
1.582318126293333054e+09 1.572999999999999954e-01 0.000000000000000000e+00
1.582318126392579079e+09 1.574000000000000121e-01 0.000000000000000000e+00
1.582318126492320061e+09 1.572999999999999954e-01 0.000000000000000000e+00
1.582318126591358900e+09 1.574000000000000121e-01 0.000000000000000000e+00
1.582318126691236973e+09 1.572999999999999954e-01 0.000000000000000000e+00
1.582318126790421963e+09 1.575000000000000011e-01 0.000000000000000000e+00
1.582318126900352001e+09 1.574000000000000121e-01 0.000000000000000000e+00
1.582318127000106096e+09 1.574000000000000121e-01 0.000000000000000000e+00
1.582318127099961042e+09 1.574000000000000121e-01 0.000000000000000000e+00
1.582318127199628115e+09 1.574000000000000121e-01 0.000000000000000000e+00
1.582318127299418926e+09 1.575000000000000011e-01 0.000000000000000000e+00
1.582318127401346922e+09 1.574000000000000121e-01 0.000000000000000000e+00
1.582318127498874903e+09 1.574000000000000121e-01 0.000000000000000000e+00
1.582318127615272999e+09 1.575000000000000011e-01 0.000000000000000000e+00
1.582318127714271069e+09 1.572999999999999954e-01 0.000000000000000000e+00
1.582318127813255072e+09 1.574000000000000121e-01 0.000000000000000000e+00
1.582318127913252115e+09 1.574000000000000121e-01 0.000000000000000000e+00
1.582318128012273073e+09 1.574000000000000121e-01 0.000000000000000000e+00
1.582318128112198114e+09 1.574000000000000121e-01 0.000000000000000000e+00
1.582318128212249041e+09 1.572999999999999954e-01 0.000000000000000000e+00
1.582318128311342001e+09 1.574000000000000121e-01 0.000000000000000000e+00
1.582318128424144983e+09 1.574000000000000121e-01 0.000000000000000000e+00
1.582318128523998976e+09 1.574000000000000121e-01 0.000000000000000000e+00
1.582318128624099970e+09 1.574000000000000121e-01 0.000000000000000000e+00
1.582318128723099947e+09 1.572999999999999954e-01 0.000000000000000000e+00
1.582318128822278976e+09 1.572999999999999954e-01 0.000000000000000000e+00
1.582318128922353983e+09 1.574000000000000121e-01 0.000000000000000000e+00
1.582318129021176100e+09 1.572999999999999954e-01 0.000000000000000000e+00
1.582318129121107101e+09 1.574000000000000121e-01 0.000000000000000000e+00
1.582318129220066071e+09 1.575000000000000011e-01 0.000000000000000000e+00
1.582318129334078074e+09 1.575000000000000011e-01 0.000000000000000000e+00
1.582318129432996988e+09 1.574000000000000121e-01 0.000000000000000000e+00
1.582318129532939911e+09 1.574000000000000121e-01 0.000000000000000000e+00
1.582318129632169962e+09 1.572999999999999954e-01 0.000000000000000000e+00
1.582318129726789951e+09 1.574000000000000121e-01 0.000000000000000000e+00
1.582318129827429056e+09 1.572999999999999954e-01 0.000000000000000000e+00
1.582318129925493002e+09 1.574000000000000121e-01 0.000000000000000000e+00
1.582318130024573088e+09 1.574000000000000121e-01 0.000000000000000000e+00
1.582318130142602921e+09 1.574000000000000121e-01 0.000000000000000000e+00
1.582318130238403082e+09 1.575000000000000011e-01 0.000000000000000000e+00
1.582318130342089891e+09 1.574000000000000121e-01 0.000000000000000000e+00
1.582318130441859007e+09 1.574000000000000121e-01 0.000000000000000000e+00
1.582318130537714958e+09 1.572999999999999954e-01 0.000000000000000000e+00
1.582318130636528969e+09 1.572999999999999954e-01 0.000000000000000000e+00
1.582318130735424042e+09 1.572999999999999954e-01 0.000000000000000000e+00
1.582318130834395885e+09 1.575000000000000011e-01 0.000000000000000000e+00
1.582318130950678110e+09 1.574000000000000121e-01 0.000000000000000000e+00
1.582318131048434019e+09 1.575000000000000011e-01 0.000000000000000000e+00
1.582318131147289991e+09 1.574000000000000121e-01 0.000000000000000000e+00
1.582318131250358105e+09 1.574000000000000121e-01 0.000000000000000000e+00
1.582318131346236944e+09 1.574000000000000121e-01 0.000000000000000000e+00
1.582318131446181059e+09 1.574000000000000121e-01 0.000000000000000000e+00
1.582318131547122955e+09 1.575000000000000011e-01 0.000000000000000000e+00
1.582318131645160913e+09 1.575000000000000011e-01 0.000000000000000000e+00
1.582318131758105993e+09 1.574000000000000121e-01 0.000000000000000000e+00
1.582318131858304977e+09 1.575000000000000011e-01 0.000000000000000000e+00
1.582318131957350016e+09 1.574000000000000121e-01 0.000000000000000000e+00
1.582318132057166100e+09 1.575000000000000011e-01 0.000000000000000000e+00
1.582318132156172991e+09 1.574000000000000121e-01 0.000000000000000000e+00
1.582318132256167889e+09 1.574000000000000121e-01 0.000000000000000000e+00
1.582318132355082035e+09 1.574000000000000121e-01 0.000000000000000000e+00
1.582318132454210043e+09 1.575000000000000011e-01 0.000000000000000000e+00
1.582318132568084955e+09 1.574000000000000121e-01 0.000000000000000000e+00
1.582318132668128967e+09 1.574000000000000121e-01 0.000000000000000000e+00
1.582318132767184019e+09 1.574000000000000121e-01 0.000000000000000000e+00
1.582318132867022038e+09 1.574000000000000121e-01 0.000000000000000000e+00
1.582318132966046095e+09 1.574000000000000121e-01 0.000000000000000000e+00
1.582318133065108061e+09 1.575000000000000011e-01 0.000000000000000000e+00
1.582318133165051937e+09 1.574000000000000121e-01 0.000000000000000000e+00
1.582318133278983116e+09 1.574000000000000121e-01 0.000000000000000000e+00
1.582318133378154039e+09 1.574000000000000121e-01 0.000000000000000000e+00
1.582318133477931976e+09 1.575000000000000011e-01 0.000000000000000000e+00
1.582318133579206944e+09 1.574000000000000121e-01 0.000000000000000000e+00
1.582318133677109003e+09 1.575000000000000011e-01 0.000000000000000000e+00
1.582318133776140928e+09 1.574000000000000121e-01 0.000000000000000000e+00
1.582318133875946999e+09 1.574000000000000121e-01 0.000000000000000000e+00
1.582318133977983952e+09 1.574000000000000121e-01 0.000000000000000000e+00
1.582318134075030088e+09 1.574000000000000121e-01 0.000000000000000000e+00
1.582318134174303055e+09 1.574000000000000121e-01 0.000000000000000000e+00
1.582318134288017035e+09 1.574000000000000121e-01 0.000000000000000000e+00
1.582318134387120008e+09 1.574000000000000121e-01 0.000000000000000000e+00
1.582318134487068892e+09 1.575000000000000011e-01 0.000000000000000000e+00
1.582318134587784052e+09 1.574000000000000121e-01 0.000000000000000000e+00
1.582318134685996056e+09 1.572999999999999954e-01 0.000000000000000000e+00
1.582318134788218021e+09 1.574000000000000121e-01 0.000000000000000000e+00
1.582318134885597944e+09 1.574000000000000121e-01 0.000000000000000000e+00
1.582318134986756086e+09 1.575000000000000011e-01 0.000000000000000000e+00
1.582318135098546982e+09 1.574000000000000121e-01 0.000000000000000000e+00
1.582318135196947098e+09 1.575000000000000011e-01 0.000000000000000000e+00
1.582318135299076080e+09 1.574000000000000121e-01 0.000000000000000000e+00
1.582318135396234989e+09 1.574000000000000121e-01 0.000000000000000000e+00
1.582318135497270107e+09 1.574000000000000121e-01 0.000000000000000000e+00
1.582318135595797062e+09 1.574000000000000121e-01 0.000000000000000000e+00
1.582318135694957018e+09 1.574000000000000121e-01 0.000000000000000000e+00
1.582318135811702013e+09 1.575000000000000011e-01 0.000000000000000000e+00
1.582318135910895109e+09 1.575000000000000011e-01 0.000000000000000000e+00
1.582318136008836031e+09 1.572999999999999954e-01 0.000000000000000000e+00
1.582318136106976032e+09 1.572999999999999954e-01 0.000000000000000000e+00
1.582318136205830097e+09 1.575000000000000011e-01 0.000000000000000000e+00
1.582318136305902004e+09 1.575000000000000011e-01 0.000000000000000000e+00
1.582318136404869080e+09 1.574000000000000121e-01 0.000000000000000000e+00
1.582318136504810095e+09 1.574000000000000121e-01 0.000000000000000000e+00
1.582318136603874922e+09 1.572999999999999954e-01 0.000000000000000000e+00
1.582318136703695059e+09 1.575000000000000011e-01 0.000000000000000000e+00
1.582318136816741943e+09 1.575000000000000011e-01 0.000000000000000000e+00
1.582318136916668892e+09 1.575000000000000011e-01 0.000000000000000000e+00
1.582318137015630007e+09 1.575000000000000011e-01 0.000000000000000000e+00
1.582318137115669966e+09 1.574000000000000121e-01 0.000000000000000000e+00
1.582318137214658976e+09 1.575000000000000011e-01 0.000000000000000000e+00
1.582318137314683914e+09 1.575000000000000011e-01 0.000000000000000000e+00
1.582318137413646936e+09 1.574000000000000121e-01 0.000000000000000000e+00
1.582318137513570070e+09 1.574000000000000121e-01 0.000000000000000000e+00
1.582318137612572908e+09 1.575000000000000011e-01 0.000000000000000000e+00
1.582318137726547956e+09 1.574000000000000121e-01 0.000000000000000000e+00
1.582318137825619936e+09 1.575000000000000011e-01 0.000000000000000000e+00
1.582318137925678968e+09 1.574000000000000121e-01 0.000000000000000000e+00
1.582318138024930000e+09 1.574000000000000121e-01 0.000000000000000000e+00
1.582318138125395060e+09 1.574000000000000121e-01 0.000000000000000000e+00
1.582318138223926067e+09 1.574000000000000121e-01 0.000000000000000000e+00
1.582318138324069977e+09 1.574000000000000121e-01 0.000000000000000000e+00
1.582318138427419901e+09 1.574000000000000121e-01 0.000000000000000000e+00
1.582318138536639929e+09 1.575000000000000011e-01 0.000000000000000000e+00
1.582318138638410091e+09 1.574000000000000121e-01 0.000000000000000000e+00
1.582318138735783100e+09 1.574000000000000121e-01 0.000000000000000000e+00
1.582318138838481903e+09 1.574000000000000121e-01 0.000000000000000000e+00
1.582318138935095072e+09 1.575000000000000011e-01 0.000000000000000000e+00
1.582318139033770084e+09 1.575000000000000011e-01 0.000000000000000000e+00
1.582318139133621931e+09 1.575000000000000011e-01 0.000000000000000000e+00
1.582318139252418041e+09 1.574000000000000121e-01 0.000000000000000000e+00
1.582318139348707914e+09 1.575000000000000011e-01 0.000000000000000000e+00
1.582318139450326920e+09 1.575000000000000011e-01 0.000000000000000000e+00
1.582318139548147917e+09 1.574000000000000121e-01 0.000000000000000000e+00
1.582318139648121119e+09 1.575000000000000011e-01 0.000000000000000000e+00
1.582318139749525070e+09 1.575000000000000011e-01 0.000000000000000000e+00
1.582318139843604088e+09 1.574000000000000121e-01 0.000000000000000000e+00
1.582318139943624020e+09 1.575000000000000011e-01 0.000000000000000000e+00
1.582318140047307014e+09 1.572999999999999954e-01 0.000000000000000000e+00
1.582318140146622896e+09 1.575000000000000011e-01 0.000000000000000000e+00
1.582318140262341022e+09 1.574000000000000121e-01 0.000000000000000000e+00
1.582318140361062050e+09 1.575000000000000011e-01 0.000000000000000000e+00
1.582318140460139990e+09 1.574000000000000121e-01 0.000000000000000000e+00
1.582318140558738947e+09 1.574000000000000121e-01 0.000000000000000000e+00
1.582318140659043074e+09 1.574000000000000121e-01 0.000000000000000000e+00
1.582318140755621910e+09 1.572999999999999954e-01 0.000000000000000000e+00
1.582318140857964039e+09 1.574000000000000121e-01 0.000000000000000000e+00
1.582318140958120108e+09 1.575000000000000011e-01 0.000000000000000000e+00
1.582318141056902885e+09 1.575000000000000011e-01 0.000000000000000000e+00
1.582318141166124105e+09 1.575000000000000011e-01 0.000000000000000000e+00
1.582318141266006947e+09 1.575000000000000011e-01 0.000000000000000000e+00
1.582318141365736008e+09 1.575000000000000011e-01 0.000000000000000000e+00
1.582318141465513945e+09 1.574000000000000121e-01 0.000000000000000000e+00
1.582318141565268040e+09 1.574000000000000121e-01 0.000000000000000000e+00
1.582318141665040970e+09 1.572999999999999954e-01 0.000000000000000000e+00
1.582318141764801979e+09 1.574000000000000121e-01 0.000000000000000000e+00
1.582318141864571095e+09 1.574000000000000121e-01 0.000000000000000000e+00
1.582318141980948925e+09 1.574000000000000121e-01 0.000000000000000000e+00
1.582318142080728054e+09 1.572999999999999954e-01 0.000000000000000000e+00
1.582318142177617073e+09 1.574000000000000121e-01 0.000000000000000000e+00
1.582318142279856920e+09 1.575000000000000011e-01 0.000000000000000000e+00
1.582318142378817081e+09 1.574000000000000121e-01 0.000000000000000000e+00
1.582318142478734016e+09 1.574000000000000121e-01 0.000000000000000000e+00
1.582318142577898026e+09 1.574000000000000121e-01 0.000000000000000000e+00
1.582318142676840067e+09 1.574000000000000121e-01 0.000000000000000000e+00
1.582318142790877104e+09 1.575000000000000011e-01 0.000000000000000000e+00
1.582318142890845060e+09 1.574000000000000121e-01 0.000000000000000000e+00
1.582318142989834070e+09 1.575000000000000011e-01 0.000000000000000000e+00
1.582318143089673996e+09 1.575000000000000011e-01 0.000000000000000000e+00
1.582318143188728094e+09 1.574000000000000121e-01 0.000000000000000000e+00
1.582318143288877964e+09 1.574000000000000121e-01 0.000000000000000000e+00
1.582318143387744904e+09 1.574000000000000121e-01 0.000000000000000000e+00
1.582318143484133005e+09 1.574000000000000121e-01 0.000000000000000000e+00
1.582318143600775003e+09 1.575000000000000011e-01 0.000000000000000000e+00
1.582318143700701952e+09 1.574000000000000121e-01 0.000000000000000000e+00
1.582318143799902916e+09 1.574000000000000121e-01 0.000000000000000000e+00
1.582318143899698973e+09 1.574000000000000121e-01 0.000000000000000000e+00
1.582318143998384953e+09 1.574000000000000121e-01 0.000000000000000000e+00
1.582318144098720074e+09 1.574000000000000121e-01 0.000000000000000000e+00
1.582318144197822094e+09 1.572999999999999954e-01 0.000000000000000000e+00
1.582318144297724962e+09 1.574000000000000121e-01 0.000000000000000000e+00
1.582318144408495903e+09 1.574000000000000121e-01 0.000000000000000000e+00
1.582318144508271933e+09 1.575000000000000011e-01 0.000000000000000000e+00
1.582318144607917070e+09 1.574000000000000121e-01 0.000000000000000000e+00
1.582318144707743883e+09 1.574000000000000121e-01 0.000000000000000000e+00
1.582318144807527065e+09 1.575000000000000011e-01 0.000000000000000000e+00
1.582318144907294989e+09 1.574000000000000121e-01 0.000000000000000000e+00
1.582318145007056952e+09 1.575000000000000011e-01 0.000000000000000000e+00
1.582318145106821060e+09 1.574000000000000121e-01 0.000000000000000000e+00
1.582318145220618010e+09 1.572999999999999954e-01 0.000000000000000000e+00
1.582318145320569038e+09 1.575000000000000011e-01 0.000000000000000000e+00
1.582318145419215918e+09 1.574000000000000121e-01 0.000000000000000000e+00
1.582318145519701004e+09 1.575000000000000011e-01 0.000000000000000000e+00
1.582318145618603945e+09 1.574000000000000121e-01 0.000000000000000000e+00
1.582318145718621969e+09 1.575000000000000011e-01 0.000000000000000000e+00
1.582318145817496061e+09 1.574000000000000121e-01 0.000000000000000000e+00
1.582318145917412996e+09 1.574000000000000121e-01 0.000000000000000000e+00
1.582318146016676903e+09 1.574000000000000121e-01 0.000000000000000000e+00
1.582318146130491972e+09 1.574000000000000121e-01 0.000000000000000000e+00
1.582318146229496956e+09 1.574000000000000121e-01 0.000000000000000000e+00
1.582318146329479933e+09 1.575000000000000011e-01 0.000000000000000000e+00
1.582318146428524971e+09 1.572999999999999954e-01 0.000000000000000000e+00
1.582318146528561115e+09 1.575000000000000011e-01 0.000000000000000000e+00
1.582318146627438068e+09 1.574000000000000121e-01 0.000000000000000000e+00
1.582318146727498055e+09 1.574000000000000121e-01 0.000000000000000000e+00
1.582318146826395035e+09 1.574000000000000121e-01 0.000000000000000000e+00
1.582318146935771942e+09 1.574000000000000121e-01 0.000000000000000000e+00
1.582318147035363913e+09 1.574000000000000121e-01 0.000000000000000000e+00
1.582318147135289907e+09 1.574000000000000121e-01 0.000000000000000000e+00
1.582318147235068083e+09 1.575000000000000011e-01 0.000000000000000000e+00
1.582318147334827900e+09 1.574000000000000121e-01 0.000000000000000000e+00
1.582318147434587955e+09 1.574000000000000121e-01 0.000000000000000000e+00
1.582318147534359932e+09 1.572999999999999954e-01 0.000000000000000000e+00
1.582318147650477886e+09 1.574000000000000121e-01 0.000000000000000000e+00
1.582318147750313044e+09 1.574000000000000121e-01 0.000000000000000000e+00
1.582318147849257946e+09 1.575000000000000011e-01 0.000000000000000000e+00
1.582318147949131966e+09 1.574000000000000121e-01 0.000000000000000000e+00
1.582318148048516035e+09 1.574000000000000121e-01 0.000000000000000000e+00
1.582318148148502111e+09 1.574000000000000121e-01 0.000000000000000000e+00
1.582318148248236895e+09 1.574000000000000121e-01 0.000000000000000000e+00
1.582318148347323895e+09 1.574000000000000121e-01 0.000000000000000000e+00
1.582318148446346998e+09 1.574000000000000121e-01 0.000000000000000000e+00
1.582318148560548067e+09 1.574000000000000121e-01 0.000000000000000000e+00
1.582318148656491995e+09 1.574000000000000121e-01 0.000000000000000000e+00
1.582318148759243965e+09 1.575000000000000011e-01 0.000000000000000000e+00
1.582318148858392000e+09 1.574000000000000121e-01 0.000000000000000000e+00
1.582318148958316088e+09 1.575000000000000011e-01 0.000000000000000000e+00
1.582318149057471037e+09 1.575000000000000011e-01 0.000000000000000000e+00
1.582318149157318115e+09 1.575000000000000011e-01 0.000000000000000000e+00
1.582318149256211996e+09 1.572999999999999954e-01 0.000000000000000000e+00
1.582318149370193958e+09 1.574000000000000121e-01 0.000000000000000000e+00
1.582318149469316006e+09 1.572999999999999954e-01 0.000000000000000000e+00
1.582318149569195032e+09 1.572999999999999954e-01 0.000000000000000000e+00
1.582318149668138981e+09 1.575000000000000011e-01 0.000000000000000000e+00
1.582318149768089056e+09 1.574000000000000121e-01 0.000000000000000000e+00
1.582318149867213964e+09 1.574000000000000121e-01 0.000000000000000000e+00
1.582318149967247963e+09 1.574000000000000121e-01 0.000000000000000000e+00
1.582318150061631918e+09 1.572999999999999954e-01 0.000000000000000000e+00
1.582318150178026915e+09 1.574000000000000121e-01 0.000000000000000000e+00
1.582318150277815104e+09 1.574000000000000121e-01 0.000000000000000000e+00
1.582318150377559900e+09 1.575000000000000011e-01 0.000000000000000000e+00
1.582318150477319956e+09 1.574000000000000121e-01 0.000000000000000000e+00
1.582318150577079058e+09 1.574000000000000121e-01 0.000000000000000000e+00
1.582318150676816940e+09 1.575000000000000011e-01 0.000000000000000000e+00
1.582318150776571989e+09 1.572999999999999954e-01 0.000000000000000000e+00
1.582318150876074076e+09 1.574000000000000121e-01 0.000000000000000000e+00
1.582318150990386963e+09 1.574000000000000121e-01 0.000000000000000000e+00
1.582318151085165977e+09 1.574000000000000121e-01 0.000000000000000000e+00
1.582318151188896894e+09 1.574000000000000121e-01 0.000000000000000000e+00
1.582318151289184093e+09 1.572999999999999954e-01 0.000000000000000000e+00
1.582318151388084888e+09 1.574000000000000121e-01 0.000000000000000000e+00
1.582318151484180927e+09 1.574000000000000121e-01 0.000000000000000000e+00
1.582318151587039948e+09 1.574000000000000121e-01 0.000000000000000000e+00
1.582318151686872005e+09 1.574000000000000121e-01 0.000000000000000000e+00
1.582318151799912930e+09 1.572999999999999954e-01 0.000000000000000000e+00
1.582318151899879932e+09 1.574000000000000121e-01 0.000000000000000000e+00
1.582318151999015093e+09 1.574000000000000121e-01 0.000000000000000000e+00
1.582318152098927021e+09 1.574000000000000121e-01 0.000000000000000000e+00
1.582318152197942972e+09 1.574000000000000121e-01 0.000000000000000000e+00
1.582318152297039032e+09 1.574000000000000121e-01 0.000000000000000000e+00
1.582318152396986961e+09 1.575000000000000011e-01 0.000000000000000000e+00
1.582318152495919943e+09 1.574000000000000121e-01 0.000000000000000000e+00
1.582318152605559111e+09 1.574000000000000121e-01 0.000000000000000000e+00
1.582318152705255032e+09 1.574000000000000121e-01 0.000000000000000000e+00
1.582318152805056095e+09 1.575000000000000011e-01 0.000000000000000000e+00
1.582318152904818058e+09 1.574000000000000121e-01 0.000000000000000000e+00
1.582318153004592896e+09 1.574000000000000121e-01 0.000000000000000000e+00
1.582318153107825041e+09 1.574000000000000121e-01 0.000000000000000000e+00
1.582318153206897974e+09 1.574000000000000121e-01 0.000000000000000000e+00
1.582318153303890944e+09 1.574000000000000121e-01 0.000000000000000000e+00
1.582318153419869900e+09 1.574000000000000121e-01 0.000000000000000000e+00
1.582318153519892931e+09 1.572999999999999954e-01 0.000000000000000000e+00
1.582318153618916035e+09 1.574000000000000121e-01 0.000000000000000000e+00
1.582318153718764067e+09 1.574000000000000121e-01 0.000000000000000000e+00
1.582318153817909956e+09 1.574000000000000121e-01 0.000000000000000000e+00
1.582318153917678118e+09 1.574000000000000121e-01 0.000000000000000000e+00
1.582318154016789913e+09 1.575000000000000011e-01 0.000000000000000000e+00
1.582318154116869926e+09 1.572999999999999954e-01 0.000000000000000000e+00
1.582318154229760885e+09 1.574000000000000121e-01 0.000000000000000000e+00
1.582318154325798035e+09 1.572999999999999954e-01 0.000000000000000000e+00
1.582318154428823948e+09 1.574000000000000121e-01 0.000000000000000000e+00
1.582318154528578043e+09 1.575000000000000011e-01 0.000000000000000000e+00
1.582318154627815008e+09 1.574000000000000121e-01 0.000000000000000000e+00
1.582318154727821112e+09 1.575000000000000011e-01 0.000000000000000000e+00
1.582318154826828003e+09 1.574000000000000121e-01 0.000000000000000000e+00
1.582318154926589012e+09 1.574000000000000121e-01 0.000000000000000000e+00
1.582318155025698900e+09 1.574000000000000121e-01 0.000000000000000000e+00
1.582318155139859915e+09 1.574000000000000121e-01 0.000000000000000000e+00
1.582318155238535881e+09 1.574000000000000121e-01 0.000000000000000000e+00
1.582318155337920904e+09 1.572999999999999954e-01 0.000000000000000000e+00
1.582318155437676907e+09 1.574000000000000121e-01 0.000000000000000000e+00
1.582318155537610054e+09 1.574000000000000121e-01 0.000000000000000000e+00
1.582318155636818886e+09 1.574000000000000121e-01 0.000000000000000000e+00
1.582318155736582994e+09 1.574000000000000121e-01 0.000000000000000000e+00
1.582318155831162930e+09 1.574000000000000121e-01 0.000000000000000000e+00
1.582318155947484016e+09 1.574000000000000121e-01 0.000000000000000000e+00
1.582318156047322035e+09 1.574000000000000121e-01 0.000000000000000000e+00
1.582318156148617983e+09 1.574000000000000121e-01 0.000000000000000000e+00
1.582318156246850014e+09 1.574000000000000121e-01 0.000000000000000000e+00
1.582318156346621037e+09 1.575000000000000011e-01 0.000000000000000000e+00
1.582318156446377039e+09 1.574000000000000121e-01 0.000000000000000000e+00
1.582318156546139956e+09 1.575000000000000011e-01 0.000000000000000000e+00
1.582318156645502090e+09 1.575000000000000011e-01 0.000000000000000000e+00
1.582318156745433092e+09 1.574000000000000121e-01 0.000000000000000000e+00
1.582318156858455896e+09 1.574000000000000121e-01 0.000000000000000000e+00
1.582318156957036018e+09 1.574000000000000121e-01 0.000000000000000000e+00
1.582318157057437897e+09 1.574000000000000121e-01 0.000000000000000000e+00
1.582318157157556057e+09 1.575999999999999901e-01 0.000000000000000000e+00
1.582318157256546974e+09 1.574000000000000121e-01 0.000000000000000000e+00
1.582318157356367111e+09 1.574000000000000121e-01 0.000000000000000000e+00
1.582318157455528021e+09 1.575000000000000011e-01 0.000000000000000000e+00
1.582318157555600882e+09 1.574000000000000121e-01 0.000000000000000000e+00
1.582318157668378115e+09 1.575000000000000011e-01 0.000000000000000000e+00
1.582318157763366938e+09 1.574000000000000121e-01 0.000000000000000000e+00
1.582318157867333889e+09 1.574000000000000121e-01 0.000000000000000000e+00
1.582318157967309952e+09 1.574000000000000121e-01 0.000000000000000000e+00
1.582318158066492081e+09 1.574000000000000121e-01 0.000000000000000000e+00
1.582318158166476011e+09 1.575000000000000011e-01 0.000000000000000000e+00
1.582318158265487909e+09 1.575000000000000011e-01 0.000000000000000000e+00
1.582318158365257978e+09 1.574000000000000121e-01 0.000000000000000000e+00
1.582318158474863052e+09 1.574000000000000121e-01 0.000000000000000000e+00
1.582318158574587107e+09 1.574000000000000121e-01 0.000000000000000000e+00
1.582318158678282976e+09 1.574000000000000121e-01 0.000000000000000000e+00
1.582318158774166107e+09 1.575000000000000011e-01 0.000000000000000000e+00
1.582318158873903036e+09 1.574000000000000121e-01 0.000000000000000000e+00
1.582318158973668098e+09 1.574000000000000121e-01 0.000000000000000000e+00
1.582318159075462103e+09 1.574000000000000121e-01 0.000000000000000000e+00
1.582318159175307035e+09 1.572999999999999954e-01 0.000000000000000000e+00
1.582318159272978067e+09 1.574000000000000121e-01 0.000000000000000000e+00
1.582318159388320923e+09 1.572999999999999954e-01 0.000000000000000000e+00
1.582318159483613014e+09 1.575000000000000011e-01 0.000000000000000000e+00
1.582318159586771011e+09 1.574000000000000121e-01 0.000000000000000000e+00
1.582318159686212063e+09 1.574000000000000121e-01 0.000000000000000000e+00
1.582318159786226988e+09 1.574000000000000121e-01 0.000000000000000000e+00
1.582318159886315107e+09 1.574000000000000121e-01 0.000000000000000000e+00
1.582318159983532906e+09 1.574000000000000121e-01 0.000000000000000000e+00
1.582318160084157944e+09 1.574000000000000121e-01 0.000000000000000000e+00
1.582318160198386908e+09 1.574000000000000121e-01 0.000000000000000000e+00
1.582318160298032045e+09 1.574000000000000121e-01 0.000000000000000000e+00
1.582318160397119045e+09 1.574000000000000121e-01 0.000000000000000000e+00
1.582318160496265888e+09 1.574000000000000121e-01 0.000000000000000000e+00
1.582318160596003056e+09 1.574000000000000121e-01 0.000000000000000000e+00
1.582318160695238113e+09 1.574000000000000121e-01 0.000000000000000000e+00
1.582318160795198917e+09 1.572999999999999954e-01 0.000000000000000000e+00
1.582318160894121885e+09 1.575000000000000011e-01 0.000000000000000000e+00
1.582318161008152008e+09 1.574000000000000121e-01 0.000000000000000000e+00
1.582318161107106924e+09 1.574000000000000121e-01 0.000000000000000000e+00
1.582318161206935883e+09 1.574000000000000121e-01 0.000000000000000000e+00
1.582318161306193113e+09 1.574000000000000121e-01 0.000000000000000000e+00
1.582318161401195049e+09 1.574000000000000121e-01 0.000000000000000000e+00
1.582318161506025076e+09 1.574000000000000121e-01 0.000000000000000000e+00
1.582318161605122089e+09 1.574000000000000121e-01 0.000000000000000000e+00
1.582318161704127073e+09 1.574000000000000121e-01 0.000000000000000000e+00
1.582318161814352036e+09 1.574000000000000121e-01 0.000000000000000000e+00
1.582318161916610956e+09 1.574000000000000121e-01 0.000000000000000000e+00
1.582318162016304016e+09 1.574000000000000121e-01 0.000000000000000000e+00
1.582318162116147995e+09 1.574000000000000121e-01 0.000000000000000000e+00
1.582318162215902090e+09 1.572999999999999954e-01 0.000000000000000000e+00
1.582318162315670013e+09 1.575000000000000011e-01 0.000000000000000000e+00
1.582318162414979935e+09 1.574000000000000121e-01 0.000000000000000000e+00
1.582318162514933109e+09 1.575000000000000011e-01 0.000000000000000000e+00
1.582318162625256062e+09 1.574000000000000121e-01 0.000000000000000000e+00
1.582318162728003979e+09 1.575000000000000011e-01 0.000000000000000000e+00
1.582318162827135086e+09 1.574000000000000121e-01 0.000000000000000000e+00
1.582318162927115917e+09 1.574000000000000121e-01 0.000000000000000000e+00
1.582318163025791883e+09 1.572999999999999954e-01 0.000000000000000000e+00
1.582318163126058102e+09 1.572999999999999954e-01 0.000000000000000000e+00
1.582318163225011110e+09 1.574000000000000121e-01 0.000000000000000000e+00
1.582318163324858904e+09 1.574000000000000121e-01 0.000000000000000000e+00
1.582318163437897921e+09 1.574000000000000121e-01 0.000000000000000000e+00
1.582318163537853003e+09 1.575000000000000011e-01 0.000000000000000000e+00
1.582318163634799957e+09 1.574000000000000121e-01 0.000000000000000000e+00
1.582318163732079029e+09 1.574000000000000121e-01 0.000000000000000000e+00
1.582318163835702896e+09 1.575000000000000011e-01 0.000000000000000000e+00
1.582318163935712099e+09 1.574000000000000121e-01 0.000000000000000000e+00
1.582318164034909964e+09 1.575000000000000011e-01 0.000000000000000000e+00
1.582318164148881912e+09 1.574000000000000121e-01 0.000000000000000000e+00
1.582318164244282007e+09 1.574000000000000121e-01 0.000000000000000000e+00
1.582318164344158888e+09 1.575000000000000011e-01 0.000000000000000000e+00
1.582318164443856001e+09 1.575000000000000011e-01 0.000000000000000000e+00
1.582318164546761036e+09 1.574000000000000121e-01 0.000000000000000000e+00
1.582318164643450022e+09 1.575000000000000011e-01 0.000000000000000000e+00
1.582318164743211985e+09 1.574000000000000121e-01 0.000000000000000000e+00
1.582318164844774961e+09 1.574000000000000121e-01 0.000000000000000000e+00
1.582318164942747116e+09 1.575000000000000011e-01 0.000000000000000000e+00
1.582318165057758093e+09 1.575000000000000011e-01 0.000000000000000000e+00
1.582318165157562017e+09 1.575000000000000011e-01 0.000000000000000000e+00
