# 
# Duration (in s): 60
# Pointing Position of the Horn: Calibrator paddle
# Angle pointing (from vertical): 35.15
# Calibrator used: YES
# Weather: very clear
# Units: tenth microWatt
# Comments: sky dip 35
1.582318265965590954e+09 5.819999999999999618e-01 0.000000000000000000e+00
1.582318266077537060e+09 5.822000000000000508e-01 0.000000000000000000e+00
1.582318266190454960e+09 5.822000000000000508e-01 0.000000000000000000e+00
1.582318266290481091e+09 5.822000000000000508e-01 0.000000000000000000e+00
1.582318266388215065e+09 5.819999999999999618e-01 0.000000000000000000e+00
1.582318266489353895e+09 5.823000000000000398e-01 0.000000000000000000e+00
1.582318266588305950e+09 5.820999999999999508e-01 0.000000000000000000e+00
1.582318266688324928e+09 5.820999999999999508e-01 0.000000000000000000e+00
1.582318266782655954e+09 5.822000000000000508e-01 0.000000000000000000e+00
1.582318266882412910e+09 5.819999999999999618e-01 0.000000000000000000e+00
1.582318266982184887e+09 5.820999999999999508e-01 0.000000000000000000e+00
1.582318267098567963e+09 5.820999999999999508e-01 0.000000000000000000e+00
1.582318267198293924e+09 5.819999999999999618e-01 0.000000000000000000e+00
1.582318267298072100e+09 5.822000000000000508e-01 0.000000000000000000e+00
1.582318267397852898e+09 5.823000000000000398e-01 0.000000000000000000e+00
1.582318267497598886e+09 5.824000000000000288e-01 0.000000000000000000e+00
1.582318267597126007e+09 5.819999999999999618e-01 0.000000000000000000e+00
1.582318267697124958e+09 5.824000000000000288e-01 0.000000000000000000e+00
1.582318267796232939e+09 5.823000000000000398e-01 0.000000000000000000e+00
1.582318267910072088e+09 5.823000000000000398e-01 0.000000000000000000e+00
1.582318268009099960e+09 5.822000000000000508e-01 0.000000000000000000e+00
1.582318268109217882e+09 5.819999999999999618e-01 0.000000000000000000e+00
1.582318268208152056e+09 5.823000000000000398e-01 0.000000000000000000e+00
1.582318268308105946e+09 5.822000000000000508e-01 0.000000000000000000e+00
1.582318268407193899e+09 5.822000000000000508e-01 0.000000000000000000e+00
1.582318268507040977e+09 5.823000000000000398e-01 0.000000000000000000e+00
1.582318268606060028e+09 5.819999999999999618e-01 0.000000000000000000e+00
1.582318268720114946e+09 5.818999999999999728e-01 0.000000000000000000e+00
1.582318268819123983e+09 5.820999999999999508e-01 0.000000000000000000e+00
1.582318268919085979e+09 5.823000000000000398e-01 0.000000000000000000e+00
1.582318269018008947e+09 5.822000000000000508e-01 0.000000000000000000e+00
1.582318269118105888e+09 5.823000000000000398e-01 0.000000000000000000e+00
1.582318269218091965e+09 5.822000000000000508e-01 0.000000000000000000e+00
1.582318269317023039e+09 5.819999999999999618e-01 0.000000000000000000e+00
1.582318269426278114e+09 5.820999999999999508e-01 0.000000000000000000e+00
1.582318269529999971e+09 5.823000000000000398e-01 0.000000000000000000e+00
1.582318269625844955e+09 5.822000000000000508e-01 0.000000000000000000e+00
1.582318269728821993e+09 5.823000000000000398e-01 0.000000000000000000e+00
1.582318269825376987e+09 5.823000000000000398e-01 0.000000000000000000e+00
1.582318269925139904e+09 5.823000000000000398e-01 0.000000000000000000e+00
1.582318270024895906e+09 5.823000000000000398e-01 0.000000000000000000e+00
1.582318270124669075e+09 5.823000000000000398e-01 0.000000000000000000e+00
1.582318270224370003e+09 5.822000000000000508e-01 0.000000000000000000e+00
1.582318270339937925e+09 5.820999999999999508e-01 0.000000000000000000e+00
1.582318270438957930e+09 5.822000000000000508e-01 0.000000000000000000e+00
1.582318270538795948e+09 5.820999999999999508e-01 0.000000000000000000e+00
1.582318270638044119e+09 5.824000000000000288e-01 0.000000000000000000e+00
1.582318270737946033e+09 5.819999999999999618e-01 0.000000000000000000e+00
1.582318270837039948e+09 5.820999999999999508e-01 0.000000000000000000e+00
1.582318270936995983e+09 5.824000000000000288e-01 0.000000000000000000e+00
1.582318271035625935e+09 5.822000000000000508e-01 0.000000000000000000e+00
1.582318271149777889e+09 5.820999999999999508e-01 0.000000000000000000e+00
1.582318271249896049e+09 5.820999999999999508e-01 0.000000000000000000e+00
1.582318271348789930e+09 5.822000000000000508e-01 0.000000000000000000e+00
1.582318271446244001e+09 5.823000000000000398e-01 0.000000000000000000e+00
1.582318271543515921e+09 5.823000000000000398e-01 0.000000000000000000e+00
1.582318271646907091e+09 5.822000000000000508e-01 0.000000000000000000e+00
1.582318271746417999e+09 5.822000000000000508e-01 0.000000000000000000e+00
1.582318271845758915e+09 5.822000000000000508e-01 0.000000000000000000e+00
1.582318271959733009e+09 5.822000000000000508e-01 0.000000000000000000e+00
1.582318272058609009e+09 5.823000000000000398e-01 0.000000000000000000e+00
1.582318272158843994e+09 5.820999999999999508e-01 0.000000000000000000e+00
1.582318272256642103e+09 5.818999999999999728e-01 0.000000000000000000e+00
1.582318272354532957e+09 5.822000000000000508e-01 0.000000000000000000e+00
1.582318272453735113e+09 5.822000000000000508e-01 0.000000000000000000e+00
1.582318272552166939e+09 5.823000000000000398e-01 0.000000000000000000e+00
1.582318272653429031e+09 5.820999999999999508e-01 0.000000000000000000e+00
1.582318272768364906e+09 5.822000000000000508e-01 0.000000000000000000e+00
1.582318272868129969e+09 5.822000000000000508e-01 0.000000000000000000e+00
1.582318272967669010e+09 5.820999999999999508e-01 0.000000000000000000e+00
1.582318273067604065e+09 5.822000000000000508e-01 0.000000000000000000e+00
1.582318273167207003e+09 5.822000000000000508e-01 0.000000000000000000e+00
1.582318273267029047e+09 5.820999999999999508e-01 0.000000000000000000e+00
1.582318273366699934e+09 5.822000000000000508e-01 0.000000000000000000e+00
1.582318273465740919e+09 5.823000000000000398e-01 0.000000000000000000e+00
1.582318273579706907e+09 5.822000000000000508e-01 0.000000000000000000e+00
1.582318273679586887e+09 5.819999999999999618e-01 0.000000000000000000e+00
1.582318273778759003e+09 5.820999999999999508e-01 0.000000000000000000e+00
1.582318273875122070e+09 5.820999999999999508e-01 0.000000000000000000e+00
1.582318273977622986e+09 5.819999999999999618e-01 0.000000000000000000e+00
1.582318274076644897e+09 5.822000000000000508e-01 0.000000000000000000e+00
1.582318274176440001e+09 5.822000000000000508e-01 0.000000000000000000e+00
1.582318274275626898e+09 5.823000000000000398e-01 0.000000000000000000e+00
1.582318274389657974e+09 5.822000000000000508e-01 0.000000000000000000e+00
1.582318274489603996e+09 5.824000000000000288e-01 0.000000000000000000e+00
1.582318274588547945e+09 5.823000000000000398e-01 0.000000000000000000e+00
1.582318274688453913e+09 5.820999999999999508e-01 0.000000000000000000e+00
1.582318274783003092e+09 5.823000000000000398e-01 0.000000000000000000e+00
1.582318274887408018e+09 5.820999999999999508e-01 0.000000000000000000e+00
1.582318274982218027e+09 5.822000000000000508e-01 0.000000000000000000e+00
1.582318275086512089e+09 5.822000000000000508e-01 0.000000000000000000e+00
1.582318275185269117e+09 5.823000000000000398e-01 0.000000000000000000e+00
1.582318275295511007e+09 5.823000000000000398e-01 0.000000000000000000e+00
1.582318275395365000e+09 5.823000000000000398e-01 0.000000000000000000e+00
1.582318275495177984e+09 5.822000000000000508e-01 0.000000000000000000e+00
1.582318275594896078e+09 5.819999999999999618e-01 0.000000000000000000e+00
1.582318275694680929e+09 5.823000000000000398e-01 0.000000000000000000e+00
1.582318275794218063e+09 5.822000000000000508e-01 0.000000000000000000e+00
1.582318275894126892e+09 5.820999999999999508e-01 0.000000000000000000e+00
1.582318275993877888e+09 5.822000000000000508e-01 0.000000000000000000e+00
1.582318276109577894e+09 5.823000000000000398e-01 0.000000000000000000e+00
1.582318276208374977e+09 5.825000000000000178e-01 0.000000000000000000e+00
1.582318276308451891e+09 5.822000000000000508e-01 0.000000000000000000e+00
1.582318276407375097e+09 5.820999999999999508e-01 0.000000000000000000e+00
1.582318276507405996e+09 5.822000000000000508e-01 0.000000000000000000e+00
1.582318276605170965e+09 5.822000000000000508e-01 0.000000000000000000e+00
1.582318276706304073e+09 5.823000000000000398e-01 0.000000000000000000e+00
1.582318276819356918e+09 5.822000000000000508e-01 0.000000000000000000e+00
1.582318276919054985e+09 5.824000000000000288e-01 0.000000000000000000e+00
1.582318277017864943e+09 5.824000000000000288e-01 0.000000000000000000e+00
1.582318277118360996e+09 5.823000000000000398e-01 0.000000000000000000e+00
1.582318277217403889e+09 5.823000000000000398e-01 0.000000000000000000e+00
1.582318277317332029e+09 5.820999999999999508e-01 0.000000000000000000e+00
1.582318277416304111e+09 5.822000000000000508e-01 0.000000000000000000e+00
1.582318277515945911e+09 5.823000000000000398e-01 0.000000000000000000e+00
1.582318277610843897e+09 5.822000000000000508e-01 0.000000000000000000e+00
1.582318277729080915e+09 5.823000000000000398e-01 0.000000000000000000e+00
1.582318277828310013e+09 5.825000000000000178e-01 0.000000000000000000e+00
1.582318277923837900e+09 5.823000000000000398e-01 0.000000000000000000e+00
1.582318278022279978e+09 5.823000000000000398e-01 0.000000000000000000e+00
1.582318278127211094e+09 5.822000000000000508e-01 0.000000000000000000e+00
1.582318278221890926e+09 5.825000000000000178e-01 0.000000000000000000e+00
1.582318278321783066e+09 5.823000000000000398e-01 0.000000000000000000e+00
1.582318278424695969e+09 5.824000000000000288e-01 0.000000000000000000e+00
1.582318278537914038e+09 5.825000000000000178e-01 0.000000000000000000e+00
1.582318278637636900e+09 5.823000000000000398e-01 0.000000000000000000e+00
1.582318278737397909e+09 5.823000000000000398e-01 0.000000000000000000e+00
1.582318278831824064e+09 5.824000000000000288e-01 0.000000000000000000e+00
1.582318278936837912e+09 5.826000000000000068e-01 0.000000000000000000e+00
1.582318279036216974e+09 5.823000000000000398e-01 0.000000000000000000e+00
1.582318279136257887e+09 5.823000000000000398e-01 0.000000000000000000e+00
1.582318279235152960e+09 5.823000000000000398e-01 0.000000000000000000e+00
1.582318279334424019e+09 5.824000000000000288e-01 0.000000000000000000e+00
1.582318279445964098e+09 5.823000000000000398e-01 0.000000000000000000e+00
1.582318279543234110e+09 5.820999999999999508e-01 0.000000000000000000e+00
1.582318279647550106e+09 5.824000000000000288e-01 0.000000000000000000e+00
1.582318279747096062e+09 5.822000000000000508e-01 0.000000000000000000e+00
1.582318279846096039e+09 5.822000000000000508e-01 0.000000000000000000e+00
1.582318279945972919e+09 5.824000000000000288e-01 0.000000000000000000e+00
1.582318280045145035e+09 5.824000000000000288e-01 0.000000000000000000e+00
1.582318280145028114e+09 5.820999999999999508e-01 0.000000000000000000e+00
1.582318280259138107e+09 5.824000000000000288e-01 0.000000000000000000e+00
1.582318280358067036e+09 5.823000000000000398e-01 0.000000000000000000e+00
1.582318280458103895e+09 5.826000000000000068e-01 0.000000000000000000e+00
1.582318280555696011e+09 5.823000000000000398e-01 0.000000000000000000e+00
1.582318280655787945e+09 5.824000000000000288e-01 0.000000000000000000e+00
1.582318280751066923e+09 5.823000000000000398e-01 0.000000000000000000e+00
1.582318280851111889e+09 5.822000000000000508e-01 0.000000000000000000e+00
1.582318280950016022e+09 5.823000000000000398e-01 0.000000000000000000e+00
1.582318281053983927e+09 5.824000000000000288e-01 0.000000000000000000e+00
1.582318281164943933e+09 5.824000000000000288e-01 0.000000000000000000e+00
1.582318281264694929e+09 5.823000000000000398e-01 0.000000000000000000e+00
1.582318281367119074e+09 5.824000000000000288e-01 0.000000000000000000e+00
1.582318281464199066e+09 5.823000000000000398e-01 0.000000000000000000e+00
1.582318281563967943e+09 5.823000000000000398e-01 0.000000000000000000e+00
1.582318281663711071e+09 5.826000000000000068e-01 0.000000000000000000e+00
1.582318281765067101e+09 5.819999999999999618e-01 0.000000000000000000e+00
1.582318281863256931e+09 5.823000000000000398e-01 0.000000000000000000e+00
1.582318281977974892e+09 5.824000000000000288e-01 0.000000000000000000e+00
1.582318282077860117e+09 5.820999999999999508e-01 0.000000000000000000e+00
1.582318282176944017e+09 5.820999999999999508e-01 0.000000000000000000e+00
1.582318282275844097e+09 5.824000000000000288e-01 0.000000000000000000e+00
1.582318282375854969e+09 5.824000000000000288e-01 0.000000000000000000e+00
1.582318282474827051e+09 5.823000000000000398e-01 0.000000000000000000e+00
1.582318282574716091e+09 5.823000000000000398e-01 0.000000000000000000e+00
1.582318282673820972e+09 5.822000000000000508e-01 0.000000000000000000e+00
1.582318282787756920e+09 5.823000000000000398e-01 0.000000000000000000e+00
1.582318282887656927e+09 5.823000000000000398e-01 0.000000000000000000e+00
1.582318282986839056e+09 5.824000000000000288e-01 0.000000000000000000e+00
1.582318283087007999e+09 5.822000000000000508e-01 0.000000000000000000e+00
1.582318283185733080e+09 5.823000000000000398e-01 0.000000000000000000e+00
1.582318283285742998e+09 5.823000000000000398e-01 0.000000000000000000e+00
1.582318283384773970e+09 5.823000000000000398e-01 0.000000000000000000e+00
1.582318283479861975e+09 5.822000000000000508e-01 0.000000000000000000e+00
1.582318283583679914e+09 5.824000000000000288e-01 0.000000000000000000e+00
1.582318283697725058e+09 5.820999999999999508e-01 0.000000000000000000e+00
1.582318283791979074e+09 5.822000000000000508e-01 0.000000000000000000e+00
1.582318283896764040e+09 5.820999999999999508e-01 0.000000000000000000e+00
1.582318283991502047e+09 5.823000000000000398e-01 0.000000000000000000e+00
1.582318284091269016e+09 5.823000000000000398e-01 0.000000000000000000e+00
1.582318284194736004e+09 5.823000000000000398e-01 0.000000000000000000e+00
1.582318284290798903e+09 5.824000000000000288e-01 0.000000000000000000e+00
1.582318284390327930e+09 5.823000000000000398e-01 0.000000000000000000e+00
1.582318284506918907e+09 5.825000000000000178e-01 0.000000000000000000e+00
1.582318284606750965e+09 5.819999999999999618e-01 0.000000000000000000e+00
1.582318284706691027e+09 5.823000000000000398e-01 0.000000000000000000e+00
1.582318284805706024e+09 5.822000000000000508e-01 0.000000000000000000e+00
1.582318284905544996e+09 5.824000000000000288e-01 0.000000000000000000e+00
1.582318285004605055e+09 5.823000000000000398e-01 0.000000000000000000e+00
1.582318285104522943e+09 5.820999999999999508e-01 0.000000000000000000e+00
1.582318285217626095e+09 5.823000000000000398e-01 0.000000000000000000e+00
1.582318285317627907e+09 5.824000000000000288e-01 0.000000000000000000e+00
1.582318285416548967e+09 5.822000000000000508e-01 0.000000000000000000e+00
1.582318285516516924e+09 5.823000000000000398e-01 0.000000000000000000e+00
1.582318285615539074e+09 5.819999999999999618e-01 0.000000000000000000e+00
1.582318285715481997e+09 5.822000000000000508e-01 0.000000000000000000e+00
1.582318285814503908e+09 5.822000000000000508e-01 0.000000000000000000e+00
1.582318285914438009e+09 5.825000000000000178e-01 0.000000000000000000e+00
1.582318286013500929e+09 5.824000000000000288e-01 0.000000000000000000e+00
1.582318286127445936e+09 5.822000000000000508e-01 0.000000000000000000e+00
1.582318286226414919e+09 5.820999999999999508e-01 0.000000000000000000e+00
1.582318286326447964e+09 5.822000000000000508e-01 0.000000000000000000e+00
1.582318286425508022e+09 5.822000000000000508e-01 0.000000000000000000e+00
1.582318286525396109e+09 5.824000000000000288e-01 0.000000000000000000e+00
1.582318286624597073e+09 5.820999999999999508e-01 0.000000000000000000e+00
1.582318286724366903e+09 5.824000000000000288e-01 0.000000000000000000e+00
1.582318286823348045e+09 5.823000000000000398e-01 0.000000000000000000e+00
1.582318286934459925e+09 5.820999999999999508e-01 0.000000000000000000e+00
1.582318287036429882e+09 5.823000000000000398e-01 0.000000000000000000e+00
1.582318287133976936e+09 5.820999999999999508e-01 0.000000000000000000e+00
1.582318287233757019e+09 5.823000000000000398e-01 0.000000000000000000e+00
1.582318287335468054e+09 5.824000000000000288e-01 0.000000000000000000e+00
1.582318287434494019e+09 5.824000000000000288e-01 0.000000000000000000e+00
1.582318287533050060e+09 5.824000000000000288e-01 0.000000000000000000e+00
1.582318287632781982e+09 5.824000000000000288e-01 0.000000000000000000e+00
1.582318287747237921e+09 5.823000000000000398e-01 0.000000000000000000e+00
1.582318287846409082e+09 5.823000000000000398e-01 0.000000000000000000e+00
1.582318287945605993e+09 5.823000000000000398e-01 0.000000000000000000e+00
1.582318288045274973e+09 5.823000000000000398e-01 0.000000000000000000e+00
1.582318288145270109e+09 5.820999999999999508e-01 0.000000000000000000e+00
1.582318288244256020e+09 5.823000000000000398e-01 0.000000000000000000e+00
1.582318288344335079e+09 5.824000000000000288e-01 0.000000000000000000e+00
1.582318288443270922e+09 5.823000000000000398e-01 0.000000000000000000e+00
1.582318288557404995e+09 5.823000000000000398e-01 0.000000000000000000e+00
1.582318288657355070e+09 5.823000000000000398e-01 0.000000000000000000e+00
1.582318288756335974e+09 5.822000000000000508e-01 0.000000000000000000e+00
1.582318288855314970e+09 5.824000000000000288e-01 0.000000000000000000e+00
1.582318288955192089e+09 5.823000000000000398e-01 0.000000000000000000e+00
1.582318289054244995e+09 5.822000000000000508e-01 0.000000000000000000e+00
1.582318289154321909e+09 5.823000000000000398e-01 0.000000000000000000e+00
1.582318289253150940e+09 5.822000000000000508e-01 0.000000000000000000e+00
1.582318289367183924e+09 5.825000000000000178e-01 0.000000000000000000e+00
1.582318289461770058e+09 5.825000000000000178e-01 0.000000000000000000e+00
1.582318289561541080e+09 5.825000000000000178e-01 0.000000000000000000e+00
1.582318289665334940e+09 5.823000000000000398e-01 0.000000000000000000e+00
1.582318289761039019e+09 5.823000000000000398e-01 0.000000000000000000e+00
1.582318289860831976e+09 5.824000000000000288e-01 0.000000000000000000e+00
1.582318289960565090e+09 5.825000000000000178e-01 0.000000000000000000e+00
1.582318290063185930e+09 5.826000000000000068e-01 0.000000000000000000e+00
1.582318290163300037e+09 5.826000000000000068e-01 0.000000000000000000e+00
1.582318290277117014e+09 5.823000000000000398e-01 0.000000000000000000e+00
1.582318290376077890e+09 5.820999999999999508e-01 0.000000000000000000e+00
1.582318290475783110e+09 5.823000000000000398e-01 0.000000000000000000e+00
1.582318290575084925e+09 5.822000000000000508e-01 0.000000000000000000e+00
1.582318290674201965e+09 5.824000000000000288e-01 0.000000000000000000e+00
1.582318290773976088e+09 5.824000000000000288e-01 0.000000000000000000e+00
1.582318290873020887e+09 5.824000000000000288e-01 0.000000000000000000e+00
1.582318290972969055e+09 5.823000000000000398e-01 0.000000000000000000e+00
1.582318291087060928e+09 5.824000000000000288e-01 0.000000000000000000e+00
1.582318291186088085e+09 5.824000000000000288e-01 0.000000000000000000e+00
1.582318291285928965e+09 5.825000000000000178e-01 0.000000000000000000e+00
1.582318291384969950e+09 5.822000000000000508e-01 0.000000000000000000e+00
1.582318291484972000e+09 5.823000000000000398e-01 0.000000000000000000e+00
1.582318291584028959e+09 5.825000000000000178e-01 0.000000000000000000e+00
1.582318291683944941e+09 5.826000000000000068e-01 0.000000000000000000e+00
1.582318291782968044e+09 5.820999999999999508e-01 0.000000000000000000e+00
1.582318291881892920e+09 5.824000000000000288e-01 0.000000000000000000e+00
1.582318291995919943e+09 5.824000000000000288e-01 0.000000000000000000e+00
1.582318292095735073e+09 5.825000000000000178e-01 0.000000000000000000e+00
1.582318292194870949e+09 5.825000000000000178e-01 0.000000000000000000e+00
1.582318292294853926e+09 5.825000000000000178e-01 0.000000000000000000e+00
1.582318292393980980e+09 5.824000000000000288e-01 0.000000000000000000e+00
1.582318292493863106e+09 5.822000000000000508e-01 0.000000000000000000e+00
1.582318292592860937e+09 5.825000000000000178e-01 0.000000000000000000e+00
1.582318292692883015e+09 5.822000000000000508e-01 0.000000000000000000e+00
1.582318292805866003e+09 5.825000000000000178e-01 0.000000000000000000e+00
1.582318292905858994e+09 5.825000000000000178e-01 0.000000000000000000e+00
1.582318293003290892e+09 5.826999999999999957e-01 0.000000000000000000e+00
1.582318293103051901e+09 5.825000000000000178e-01 0.000000000000000000e+00
1.582318293202824116e+09 5.824000000000000288e-01 0.000000000000000000e+00
1.582318293302582026e+09 5.824000000000000288e-01 0.000000000000000000e+00
1.582318293402348995e+09 5.822000000000000508e-01 0.000000000000000000e+00
1.582318293502105951e+09 5.823000000000000398e-01 0.000000000000000000e+00
1.582318293615772009e+09 5.824000000000000288e-01 0.000000000000000000e+00
1.582318293715847969e+09 5.822000000000000508e-01 0.000000000000000000e+00
1.582318293814910889e+09 5.822000000000000508e-01 0.000000000000000000e+00
1.582318293914693117e+09 5.825000000000000178e-01 0.000000000000000000e+00
1.582318294013822079e+09 5.824000000000000288e-01 0.000000000000000000e+00
1.582318294112783909e+09 5.824000000000000288e-01 0.000000000000000000e+00
1.582318294212762117e+09 5.824000000000000288e-01 0.000000000000000000e+00
1.582318294311707973e+09 5.822000000000000508e-01 0.000000000000000000e+00
1.582318294411658049e+09 5.823000000000000398e-01 0.000000000000000000e+00
1.582318294525753021e+09 5.822000000000000508e-01 0.000000000000000000e+00
1.582318294624701977e+09 5.823000000000000398e-01 0.000000000000000000e+00
1.582318294724716902e+09 5.822000000000000508e-01 0.000000000000000000e+00
1.582318294823582888e+09 5.823000000000000398e-01 0.000000000000000000e+00
1.582318294923629045e+09 5.824000000000000288e-01 0.000000000000000000e+00
1.582318295022736073e+09 5.825000000000000178e-01 0.000000000000000000e+00
1.582318295122617006e+09 5.824000000000000288e-01 0.000000000000000000e+00
1.582318295221612930e+09 5.824000000000000288e-01 0.000000000000000000e+00
1.582318295321532965e+09 5.823000000000000398e-01 0.000000000000000000e+00
1.582318295430828094e+09 5.820999999999999508e-01 0.000000000000000000e+00
1.582318295530590057e+09 5.824000000000000288e-01 0.000000000000000000e+00
1.582318295630348921e+09 5.822000000000000508e-01 0.000000000000000000e+00
1.582318295733649969e+09 5.822000000000000508e-01 0.000000000000000000e+00
1.582318295829859018e+09 5.825000000000000178e-01 0.000000000000000000e+00
1.582318295929624081e+09 5.823000000000000398e-01 0.000000000000000000e+00
1.582318296029378891e+09 5.820999999999999508e-01 0.000000000000000000e+00
1.582318296129158020e+09 5.826000000000000068e-01 0.000000000000000000e+00
1.582318296244539976e+09 5.822000000000000508e-01 0.000000000000000000e+00
1.582318296344497919e+09 5.823000000000000398e-01 0.000000000000000000e+00
1.582318296443531990e+09 5.823000000000000398e-01 0.000000000000000000e+00
1.582318296542671919e+09 5.824000000000000288e-01 0.000000000000000000e+00
1.582318296642503977e+09 5.825000000000000178e-01 0.000000000000000000e+00
1.582318296742539883e+09 5.825000000000000178e-01 0.000000000000000000e+00
1.582318296841579914e+09 5.823000000000000398e-01 0.000000000000000000e+00
1.582318296955626965e+09 5.824000000000000288e-01 0.000000000000000000e+00
1.582318297054332018e+09 5.823000000000000398e-01 0.000000000000000000e+00
1.582318297154362917e+09 5.824000000000000288e-01 0.000000000000000000e+00
1.582318297253237009e+09 5.823000000000000398e-01 0.000000000000000000e+00
1.582318297353451014e+09 5.822000000000000508e-01 0.000000000000000000e+00
1.582318297452451944e+09 5.823000000000000398e-01 0.000000000000000000e+00
1.582318297552481890e+09 5.824000000000000288e-01 0.000000000000000000e+00
1.582318297651447058e+09 5.822000000000000508e-01 0.000000000000000000e+00
1.582318297761591911e+09 5.823000000000000398e-01 0.000000000000000000e+00
1.582318297864161015e+09 5.824000000000000288e-01 0.000000000000000000e+00
1.582318297963418007e+09 5.819999999999999618e-01 0.000000000000000000e+00
1.582318298063354969e+09 5.823000000000000398e-01 0.000000000000000000e+00
1.582318298163295031e+09 5.823000000000000398e-01 0.000000000000000000e+00
1.582318298257395029e+09 5.826000000000000068e-01 0.000000000000000000e+00
1.582318298362376928e+09 5.823000000000000398e-01 0.000000000000000000e+00
1.582318298456922054e+09 5.823000000000000398e-01 0.000000000000000000e+00
1.582318298556698084e+09 5.822000000000000508e-01 0.000000000000000000e+00
1.582318298673079967e+09 5.823000000000000398e-01 0.000000000000000000e+00
1.582318298772742987e+09 5.824000000000000288e-01 0.000000000000000000e+00
1.582318298872606039e+09 5.824000000000000288e-01 0.000000000000000000e+00
1.582318298972347021e+09 5.823000000000000398e-01 0.000000000000000000e+00
1.582318299072118044e+09 5.820999999999999508e-01 0.000000000000000000e+00
1.582318299172194958e+09 5.824000000000000288e-01 0.000000000000000000e+00
1.582318299271321058e+09 5.822000000000000508e-01 0.000000000000000000e+00
1.582318299371278048e+09 5.825000000000000178e-01 0.000000000000000000e+00
1.582318299470273972e+09 5.819999999999999618e-01 0.000000000000000000e+00
1.582318299583690882e+09 5.824000000000000288e-01 0.000000000000000000e+00
1.582318299684379101e+09 5.823000000000000398e-01 0.000000000000000000e+00
1.582318299783205986e+09 5.825000000000000178e-01 0.000000000000000000e+00
1.582318299882349968e+09 5.824000000000000288e-01 0.000000000000000000e+00
1.582318299978776932e+09 5.822000000000000508e-01 0.000000000000000000e+00
1.582318300081231117e+09 5.826000000000000068e-01 0.000000000000000000e+00
1.582318300181067944e+09 5.824000000000000288e-01 0.000000000000000000e+00
1.582318300295340061e+09 5.826000000000000068e-01 0.000000000000000000e+00
1.582318300391041040e+09 5.825000000000000178e-01 0.000000000000000000e+00
1.582318300493130922e+09 5.824000000000000288e-01 0.000000000000000000e+00
1.582318300593048096e+09 5.823000000000000398e-01 0.000000000000000000e+00
1.582318300692222118e+09 5.822000000000000508e-01 0.000000000000000000e+00
1.582318300792220116e+09 5.823000000000000398e-01 0.000000000000000000e+00
1.582318300888504982e+09 5.820999999999999508e-01 0.000000000000000000e+00
1.582318300991056919e+09 5.822000000000000508e-01 0.000000000000000000e+00
1.582318301100599051e+09 5.825000000000000178e-01 0.000000000000000000e+00
1.582318301200038910e+09 5.823000000000000398e-01 0.000000000000000000e+00
1.582318301300123930e+09 5.825000000000000178e-01 0.000000000000000000e+00
1.582318301399893999e+09 5.822000000000000508e-01 0.000000000000000000e+00
1.582318301499661922e+09 5.822000000000000508e-01 0.000000000000000000e+00
1.582318301599417925e+09 5.823000000000000398e-01 0.000000000000000000e+00
1.582318301699182034e+09 5.820999999999999508e-01 0.000000000000000000e+00
1.582318301798919916e+09 5.823000000000000398e-01 0.000000000000000000e+00
1.582318301914987087e+09 5.824000000000000288e-01 0.000000000000000000e+00
1.582318302014060974e+09 5.824000000000000288e-01 0.000000000000000000e+00
1.582318302114006042e+09 5.824000000000000288e-01 0.000000000000000000e+00
1.582318302212868929e+09 5.824000000000000288e-01 0.000000000000000000e+00
1.582318302311928034e+09 5.824000000000000288e-01 0.000000000000000000e+00
1.582318302411886930e+09 5.824000000000000288e-01 0.000000000000000000e+00
1.582318302511003017e+09 5.824000000000000288e-01 0.000000000000000000e+00
1.582318302625099897e+09 5.822000000000000508e-01 0.000000000000000000e+00
1.582318302724904060e+09 5.824000000000000288e-01 0.000000000000000000e+00
1.582318302818809032e+09 5.823000000000000398e-01 0.000000000000000000e+00
1.582318302923880100e+09 5.824000000000000288e-01 0.000000000000000000e+00
1.582318303023017883e+09 5.823000000000000398e-01 0.000000000000000000e+00
1.582318303123095989e+09 5.824000000000000288e-01 0.000000000000000000e+00
1.582318303221740961e+09 5.824000000000000288e-01 0.000000000000000000e+00
1.582318303321767092e+09 5.826000000000000068e-01 0.000000000000000000e+00
1.582318303420824051e+09 5.823000000000000398e-01 0.000000000000000000e+00
1.582318303534801006e+09 5.820999999999999508e-01 0.000000000000000000e+00
1.582318303633958101e+09 5.825000000000000178e-01 0.000000000000000000e+00
1.582318303730612040e+09 5.824000000000000288e-01 0.000000000000000000e+00
1.582318303832789898e+09 5.825000000000000178e-01 0.000000000000000000e+00
1.582318303932832956e+09 5.822000000000000508e-01 0.000000000000000000e+00
1.582318304026959896e+09 5.826000000000000068e-01 0.000000000000000000e+00
1.582318304131736040e+09 5.824000000000000288e-01 0.000000000000000000e+00
1.582318304226452112e+09 5.822000000000000508e-01 0.000000000000000000e+00
1.582318304342838049e+09 5.822000000000000508e-01 0.000000000000000000e+00
1.582318304443815947e+09 5.823000000000000398e-01 0.000000000000000000e+00
1.582318304542284966e+09 5.823000000000000398e-01 0.000000000000000000e+00
1.582318304642152071e+09 5.824000000000000288e-01 0.000000000000000000e+00
1.582318304741909027e+09 5.823000000000000398e-01 0.000000000000000000e+00
1.582318304841639996e+09 5.823000000000000398e-01 0.000000000000000000e+00
1.582318304941404104e+09 5.823000000000000398e-01 0.000000000000000000e+00
1.582318305049423933e+09 5.823000000000000398e-01 0.000000000000000000e+00
1.582318305154661894e+09 5.824000000000000288e-01 0.000000000000000000e+00
1.582318305253662109e+09 5.825000000000000178e-01 0.000000000000000000e+00
1.582318305353693008e+09 5.822000000000000508e-01 0.000000000000000000e+00
1.582318305452667952e+09 5.822000000000000508e-01 0.000000000000000000e+00
1.582318305552634001e+09 5.823000000000000398e-01 0.000000000000000000e+00
1.582318305651638031e+09 5.824000000000000288e-01 0.000000000000000000e+00
1.582318305751539946e+09 5.822000000000000508e-01 0.000000000000000000e+00
1.582318305864768982e+09 5.824000000000000288e-01 0.000000000000000000e+00
1.582318305960881948e+09 5.823000000000000398e-01 0.000000000000000000e+00
1.582318306060966969e+09 5.823000000000000398e-01 0.000000000000000000e+00
1.582318306163613081e+09 5.825000000000000178e-01 0.000000000000000000e+00
1.582318306262567043e+09 5.823000000000000398e-01 0.000000000000000000e+00
1.582318306362468004e+09 5.825000000000000178e-01 0.000000000000000000e+00
1.582318306461673975e+09 5.824000000000000288e-01 0.000000000000000000e+00
1.582318306561778069e+09 5.825000000000000178e-01 0.000000000000000000e+00
1.582318306660465002e+09 5.824000000000000288e-01 0.000000000000000000e+00
1.582318306770416975e+09 5.824000000000000288e-01 0.000000000000000000e+00
1.582318306870059013e+09 5.825000000000000178e-01 0.000000000000000000e+00
1.582318306969899893e+09 5.824000000000000288e-01 0.000000000000000000e+00
1.582318307069662094e+09 5.824000000000000288e-01 0.000000000000000000e+00
1.582318307169437885e+09 5.824000000000000288e-01 0.000000000000000000e+00
1.582318307269182920e+09 5.825000000000000178e-01 0.000000000000000000e+00
1.582318307368951082e+09 5.824000000000000288e-01 0.000000000000000000e+00
1.582318307468715906e+09 5.826000000000000068e-01 0.000000000000000000e+00
1.582318307568569899e+09 5.824000000000000288e-01 0.000000000000000000e+00
1.582318307684494019e+09 5.823000000000000398e-01 0.000000000000000000e+00
1.582318307783463001e+09 5.823000000000000398e-01 0.000000000000000000e+00
1.582318307882363081e+09 5.823000000000000398e-01 0.000000000000000000e+00
1.582318307978701115e+09 5.822000000000000508e-01 0.000000000000000000e+00
1.582318308081397057e+09 5.824000000000000288e-01 0.000000000000000000e+00
1.582318308181339025e+09 5.824000000000000288e-01 0.000000000000000000e+00
1.582318308280354977e+09 5.825000000000000178e-01 0.000000000000000000e+00
1.582318308380307913e+09 5.825000000000000178e-01 0.000000000000000000e+00
1.582318308488158941e+09 5.826999999999999957e-01 0.000000000000000000e+00
1.582318308593374014e+09 5.824000000000000288e-01 0.000000000000000000e+00
1.582318308692403078e+09 5.823000000000000398e-01 0.000000000000000000e+00
1.582318308792306900e+09 5.824000000000000288e-01 0.000000000000000000e+00
1.582318308891421080e+09 5.823000000000000398e-01 0.000000000000000000e+00
1.582318308991306067e+09 5.825000000000000178e-01 0.000000000000000000e+00
1.582318309090234995e+09 5.824000000000000288e-01 0.000000000000000000e+00
1.582318309190275908e+09 5.822000000000000508e-01 0.000000000000000000e+00
1.582318309303370953e+09 5.823000000000000398e-01 0.000000000000000000e+00
1.582318309403290033e+09 5.823000000000000398e-01 0.000000000000000000e+00
1.582318309503232956e+09 5.825000000000000178e-01 0.000000000000000000e+00
1.582318309602217913e+09 5.822000000000000508e-01 0.000000000000000000e+00
1.582318309696727991e+09 5.824000000000000288e-01 0.000000000000000000e+00
1.582318309796569109e+09 5.823000000000000398e-01 0.000000000000000000e+00
1.582318309896233082e+09 5.825000000000000178e-01 0.000000000000000000e+00
1.582318309995996952e+09 5.823000000000000398e-01 0.000000000000000000e+00
1.582318310095751047e+09 5.826000000000000068e-01 0.000000000000000000e+00
1.582318310213229895e+09 5.824000000000000288e-01 0.000000000000000000e+00
1.582318310311939955e+09 5.823000000000000398e-01 0.000000000000000000e+00
1.582318310412228107e+09 5.824000000000000288e-01 0.000000000000000000e+00
1.582318310511255026e+09 5.822000000000000508e-01 0.000000000000000000e+00
1.582318310611203909e+09 5.823000000000000398e-01 0.000000000000000000e+00
1.582318310710114002e+09 5.825000000000000178e-01 0.000000000000000000e+00
1.582318310810000896e+09 5.825000000000000178e-01 0.000000000000000000e+00
1.582318310909194946e+09 5.826999999999999957e-01 0.000000000000000000e+00
1.582318311009123087e+09 5.825000000000000178e-01 0.000000000000000000e+00
1.582318311123047113e+09 5.825000000000000178e-01 0.000000000000000000e+00
1.582318311222168922e+09 5.824000000000000288e-01 0.000000000000000000e+00
1.582318311322036028e+09 5.825000000000000178e-01 0.000000000000000000e+00
1.582318311421076059e+09 5.822000000000000508e-01 0.000000000000000000e+00
1.582318311521151066e+09 5.824000000000000288e-01 0.000000000000000000e+00
1.582318311620126963e+09 5.823000000000000398e-01 0.000000000000000000e+00
1.582318311719121933e+09 5.823000000000000398e-01 0.000000000000000000e+00
1.582318311819135904e+09 5.822000000000000508e-01 0.000000000000000000e+00
1.582318311918173075e+09 5.824000000000000288e-01 0.000000000000000000e+00
1.582318312032085896e+09 5.825000000000000178e-01 0.000000000000000000e+00
1.582318312131848097e+09 5.826000000000000068e-01 0.000000000000000000e+00
1.582318312230987072e+09 5.824000000000000288e-01 0.000000000000000000e+00
1.582318312331007004e+09 5.824000000000000288e-01 0.000000000000000000e+00
1.582318312430064917e+09 5.824000000000000288e-01 0.000000000000000000e+00
1.582318312528842926e+09 5.824000000000000288e-01 0.000000000000000000e+00
1.582318312628993034e+09 5.823000000000000398e-01 0.000000000000000000e+00
1.582318312727952003e+09 5.823000000000000398e-01 0.000000000000000000e+00
1.582318312827948093e+09 5.823000000000000398e-01 0.000000000000000000e+00
1.582318312938294888e+09 5.825000000000000178e-01 0.000000000000000000e+00
1.582318313038707018e+09 5.825000000000000178e-01 0.000000000000000000e+00
1.582318313139883995e+09 5.824000000000000288e-01 0.000000000000000000e+00
1.582318313238241911e+09 5.823000000000000398e-01 0.000000000000000000e+00
1.582318313338912964e+09 5.822000000000000508e-01 0.000000000000000000e+00
1.582318313437798023e+09 5.825000000000000178e-01 0.000000000000000000e+00
1.582318313537487984e+09 5.822000000000000508e-01 0.000000000000000000e+00
1.582318313636797905e+09 5.824000000000000288e-01 0.000000000000000000e+00
1.582318313749788046e+09 5.825000000000000178e-01 0.000000000000000000e+00
1.582318313849996090e+09 5.825000000000000178e-01 0.000000000000000000e+00
1.582318313949748039e+09 5.827999999999999847e-01 0.000000000000000000e+00
1.582318314046700001e+09 5.824000000000000288e-01 0.000000000000000000e+00
1.582318314149874926e+09 5.823000000000000398e-01 0.000000000000000000e+00
1.582318314248930931e+09 5.826999999999999957e-01 0.000000000000000000e+00
1.582318314348752022e+09 5.824000000000000288e-01 0.000000000000000000e+00
1.582318314461648941e+09 5.824000000000000288e-01 0.000000000000000000e+00
1.582318314561826944e+09 5.823000000000000398e-01 0.000000000000000000e+00
1.582318314658374071e+09 5.824000000000000288e-01 0.000000000000000000e+00
1.582318314760973930e+09 5.824000000000000288e-01 0.000000000000000000e+00
1.582318314859814882e+09 5.823000000000000398e-01 0.000000000000000000e+00
1.582318314959636927e+09 5.825000000000000178e-01 0.000000000000000000e+00
1.582318315056787968e+09 5.824000000000000288e-01 0.000000000000000000e+00
1.582318315158610106e+09 5.823000000000000398e-01 0.000000000000000000e+00
1.582318315257771015e+09 5.824000000000000288e-01 0.000000000000000000e+00
1.582318315357702017e+09 5.824000000000000288e-01 0.000000000000000000e+00
1.582318315466247082e+09 5.825000000000000178e-01 0.000000000000000000e+00
1.582318315568392038e+09 5.826000000000000068e-01 0.000000000000000000e+00
1.582318315665863991e+09 5.823000000000000398e-01 0.000000000000000000e+00
1.582318315765146017e+09 5.825000000000000178e-01 0.000000000000000000e+00
1.582318315864396095e+09 5.826000000000000068e-01 0.000000000000000000e+00
1.582318315964883089e+09 5.824000000000000288e-01 0.000000000000000000e+00
1.582318316064759970e+09 5.824000000000000288e-01 0.000000000000000000e+00
1.582318316164589882e+09 5.823000000000000398e-01 0.000000000000000000e+00
1.582318316280792952e+09 5.824000000000000288e-01 0.000000000000000000e+00
1.582318316380752087e+09 5.825000000000000178e-01 0.000000000000000000e+00
1.582318316479147911e+09 5.824000000000000288e-01 0.000000000000000000e+00
1.582318316579994917e+09 5.825000000000000178e-01 0.000000000000000000e+00
1.582318316678527117e+09 5.824000000000000288e-01 0.000000000000000000e+00
1.582318316778470993e+09 5.823000000000000398e-01 0.000000000000000000e+00
1.582318316875958920e+09 5.824000000000000288e-01 0.000000000000000000e+00
1.582318316977724075e+09 5.824000000000000288e-01 0.000000000000000000e+00
1.582318317090668917e+09 5.823000000000000398e-01 0.000000000000000000e+00
1.582318317190650940e+09 5.825000000000000178e-01 0.000000000000000000e+00
1.582318317289587021e+09 5.820999999999999508e-01 0.000000000000000000e+00
1.582318317387212992e+09 5.823000000000000398e-01 0.000000000000000000e+00
1.582318317483930111e+09 5.825000000000000178e-01 0.000000000000000000e+00
1.582318317588639021e+09 5.825000000000000178e-01 0.000000000000000000e+00
1.582318317687488079e+09 5.826000000000000068e-01 0.000000000000000000e+00
1.582318317787571907e+09 5.824000000000000288e-01 0.000000000000000000e+00
1.582318317900437117e+09 5.823000000000000398e-01 0.000000000000000000e+00
1.582318318000406981e+09 5.823000000000000398e-01 0.000000000000000000e+00
1.582318318099574089e+09 5.822000000000000508e-01 0.000000000000000000e+00
1.582318318198621035e+09 5.824000000000000288e-01 0.000000000000000000e+00
1.582318318298501968e+09 5.822000000000000508e-01 0.000000000000000000e+00
1.582318318398540974e+09 5.822000000000000508e-01 0.000000000000000000e+00
1.582318318497469902e+09 5.823000000000000398e-01 0.000000000000000000e+00
1.582318318597497940e+09 5.823000000000000398e-01 0.000000000000000000e+00
1.582318318691879034e+09 5.825000000000000178e-01 0.000000000000000000e+00
1.582318318805291891e+09 5.823000000000000398e-01 0.000000000000000000e+00
1.582318318908041954e+09 5.822000000000000508e-01 0.000000000000000000e+00
1.582318319007828951e+09 5.822000000000000508e-01 0.000000000000000000e+00
1.582318319107538939e+09 5.825000000000000178e-01 0.000000000000000000e+00
1.582318319207308054e+09 5.826000000000000068e-01 0.000000000000000000e+00
1.582318319307071924e+09 5.823000000000000398e-01 0.000000000000000000e+00
1.582318319406829119e+09 5.825000000000000178e-01 0.000000000000000000e+00
1.582318319506417036e+09 5.823000000000000398e-01 0.000000000000000000e+00
1.582318319618541002e+09 5.825000000000000178e-01 0.000000000000000000e+00
1.582318319719424963e+09 5.824000000000000288e-01 0.000000000000000000e+00
1.582318319819293022e+09 5.824000000000000288e-01 0.000000000000000000e+00
1.582318319918327093e+09 5.824000000000000288e-01 0.000000000000000000e+00
1.582318320018305063e+09 5.824000000000000288e-01 0.000000000000000000e+00
1.582318320114017010e+09 5.823000000000000398e-01 0.000000000000000000e+00
1.582318320217283964e+09 5.826000000000000068e-01 0.000000000000000000e+00
1.582318320330230951e+09 5.825000000000000178e-01 0.000000000000000000e+00
1.582318320427495956e+09 5.824000000000000288e-01 0.000000000000000000e+00
1.582318320529283047e+09 5.825000000000000178e-01 0.000000000000000000e+00
1.582318320629333019e+09 5.824000000000000288e-01 0.000000000000000000e+00
1.582318320728322029e+09 5.824000000000000288e-01 0.000000000000000000e+00
1.582318320828200102e+09 5.825000000000000178e-01 0.000000000000000000e+00
1.582318320925573111e+09 5.824000000000000288e-01 0.000000000000000000e+00
1.582318321027219057e+09 5.826000000000000068e-01 0.000000000000000000e+00
1.582318321141158104e+09 5.825000000000000178e-01 0.000000000000000000e+00
1.582318321235722065e+09 5.825000000000000178e-01 0.000000000000000000e+00
1.582318321339442015e+09 5.823000000000000398e-01 0.000000000000000000e+00
1.582318321435322046e+09 5.824000000000000288e-01 0.000000000000000000e+00
1.582318321535075903e+09 5.824000000000000288e-01 0.000000000000000000e+00
1.582318321638236046e+09 5.825000000000000178e-01 0.000000000000000000e+00
1.582318321734635115e+09 5.824000000000000288e-01 0.000000000000000000e+00
1.582318321834378958e+09 5.825000000000000178e-01 0.000000000000000000e+00
1.582318321950777054e+09 5.826999999999999957e-01 0.000000000000000000e+00
1.582318322050137043e+09 5.825000000000000178e-01 0.000000000000000000e+00
1.582318322150063992e+09 5.824000000000000288e-01 0.000000000000000000e+00
1.582318322249000072e+09 5.823000000000000398e-01 0.000000000000000000e+00
1.582318322348180056e+09 5.824000000000000288e-01 0.000000000000000000e+00
1.582318322448121071e+09 5.822000000000000508e-01 0.000000000000000000e+00
1.582318322542298079e+09 5.826000000000000068e-01 0.000000000000000000e+00
1.582318322661067009e+09 5.824000000000000288e-01 0.000000000000000000e+00
1.582318322760925055e+09 5.825000000000000178e-01 0.000000000000000000e+00
1.582318322859591961e+09 5.825000000000000178e-01 0.000000000000000000e+00
1.582318322960153103e+09 5.826000000000000068e-01 0.000000000000000000e+00
1.582318323058948994e+09 5.823000000000000398e-01 0.000000000000000000e+00
1.582318323158987999e+09 5.826000000000000068e-01 0.000000000000000000e+00
1.582318323257951975e+09 5.824000000000000288e-01 0.000000000000000000e+00
1.582318323357989073e+09 5.824000000000000288e-01 0.000000000000000000e+00
1.582318323457072020e+09 5.825000000000000178e-01 0.000000000000000000e+00
1.582318323570940971e+09 5.825000000000000178e-01 0.000000000000000000e+00
1.582318323669894934e+09 5.825000000000000178e-01 0.000000000000000000e+00
1.582318323769988060e+09 5.824000000000000288e-01 0.000000000000000000e+00
1.582318323869019032e+09 5.822000000000000508e-01 0.000000000000000000e+00
1.582318323968822956e+09 5.822000000000000508e-01 0.000000000000000000e+00
1.582318324065649986e+09 5.824000000000000288e-01 0.000000000000000000e+00
1.582318324168042898e+09 5.822000000000000508e-01 0.000000000000000000e+00
1.582318324261889935e+09 5.825000000000000178e-01 0.000000000000000000e+00
1.582318324378278017e+09 5.825000000000000178e-01 0.000000000000000000e+00
1.582318324477962971e+09 5.824000000000000288e-01 0.000000000000000000e+00
1.582318324577804089e+09 5.823000000000000398e-01 0.000000000000000000e+00
1.582318324677577019e+09 5.824000000000000288e-01 0.000000000000000000e+00
1.582318324777329922e+09 5.822000000000000508e-01 0.000000000000000000e+00
1.582318324877094984e+09 5.826000000000000068e-01 0.000000000000000000e+00
1.582318324976865053e+09 5.823000000000000398e-01 0.000000000000000000e+00
1.582318325090965986e+09 5.822000000000000508e-01 0.000000000000000000e+00
1.582318325190879107e+09 5.825000000000000178e-01 0.000000000000000000e+00
1.582318325289767027e+09 5.825000000000000178e-01 0.000000000000000000e+00
1.582318325389683962e+09 5.824000000000000288e-01 0.000000000000000000e+00
1.582318325488797903e+09 5.824000000000000288e-01 0.000000000000000000e+00
1.582318325588860989e+09 5.822000000000000508e-01 0.000000000000000000e+00
1.582318325687794924e+09 5.823000000000000398e-01 0.000000000000000000e+00
1.582318325787992954e+09 5.823000000000000398e-01 0.000000000000000000e+00
1.582318325896847963e+09 5.824000000000000288e-01 0.000000000000000000e+00
