# 
# Duration (in s): 60
# Pointing Position of the Horn: Calibrator paddle
# Angle pointing (from vertical): 75.1
# Calibrator used: YES
# Weather: very clear
# Units: tenth microWatt
# Comments: sky dip 75
1.582316526863320112e+09 5.601000000000000423e-01 0.000000000000000000e+00
1.582316526965643883e+09 5.601000000000000423e-01 0.000000000000000000e+00
1.582316527065745115e+09 5.603000000000000203e-01 0.000000000000000000e+00
1.582316527164602995e+09 5.600000000000000533e-01 0.000000000000000000e+00
1.582316527264734983e+09 5.603000000000000203e-01 0.000000000000000000e+00
1.582316527374022007e+09 5.600000000000000533e-01 0.000000000000000000e+00
1.582316527473789930e+09 5.602000000000000313e-01 0.000000000000000000e+00
1.582316527573520899e+09 5.600000000000000533e-01 0.000000000000000000e+00
1.582316527676641941e+09 5.602000000000000313e-01 0.000000000000000000e+00
1.582316527773083925e+09 5.603000000000000203e-01 0.000000000000000000e+00
1.582316527875406027e+09 5.603000000000000203e-01 0.000000000000000000e+00
1.582316527975313902e+09 5.603000000000000203e-01 0.000000000000000000e+00
1.582316528072377920e+09 5.603000000000000203e-01 0.000000000000000000e+00
1.582316528172127962e+09 5.602000000000000313e-01 0.000000000000000000e+00
1.582316528288500071e+09 5.600000000000000533e-01 0.000000000000000000e+00
1.582316528387630939e+09 5.602000000000000313e-01 0.000000000000000000e+00
1.582316528487488031e+09 5.602000000000000313e-01 0.000000000000000000e+00
1.582316528586680889e+09 5.600000000000000533e-01 0.000000000000000000e+00
1.582316528686602116e+09 5.602000000000000313e-01 0.000000000000000000e+00
1.582316528785327911e+09 5.600000000000000533e-01 0.000000000000000000e+00
1.582316528885519028e+09 5.601000000000000423e-01 0.000000000000000000e+00
1.582316528984656096e+09 5.602000000000000313e-01 0.000000000000000000e+00
1.582316529084495068e+09 5.603000000000000203e-01 0.000000000000000000e+00
1.582316529183413982e+09 5.601000000000000423e-01 0.000000000000000000e+00
1.582316529297483921e+09 5.598999999999999533e-01 0.000000000000000000e+00
1.582316529397562981e+09 5.601000000000000423e-01 0.000000000000000000e+00
1.582316529496462107e+09 5.601000000000000423e-01 0.000000000000000000e+00
1.582316529596292019e+09 5.601000000000000423e-01 0.000000000000000000e+00
1.582316529695400000e+09 5.602000000000000313e-01 0.000000000000000000e+00
1.582316529795299053e+09 5.601000000000000423e-01 0.000000000000000000e+00
1.582316529894356012e+09 5.602000000000000313e-01 0.000000000000000000e+00
1.582316529994333029e+09 5.601000000000000423e-01 0.000000000000000000e+00
1.582316530108853102e+09 5.603000000000000203e-01 0.000000000000000000e+00
1.582316530207515001e+09 5.602000000000000313e-01 0.000000000000000000e+00
1.582316530307310104e+09 5.600000000000000533e-01 0.000000000000000000e+00
1.582316530406405926e+09 5.604000000000000092e-01 0.000000000000000000e+00
1.582316530506161928e+09 5.603000000000000203e-01 0.000000000000000000e+00
1.582316530605313063e+09 5.601000000000000423e-01 0.000000000000000000e+00
1.582316530705377102e+09 5.601000000000000423e-01 0.000000000000000000e+00
1.582316530805407047e+09 5.600000000000000533e-01 0.000000000000000000e+00
1.582316530904249907e+09 5.602000000000000313e-01 0.000000000000000000e+00
1.582316531016577005e+09 5.600000000000000533e-01 0.000000000000000000e+00
1.582316531114414930e+09 5.603000000000000203e-01 0.000000000000000000e+00
1.582316531214790106e+09 5.602000000000000313e-01 0.000000000000000000e+00
1.582316531314635992e+09 5.602000000000000313e-01 0.000000000000000000e+00
1.582316531414366961e+09 5.602000000000000313e-01 0.000000000000000000e+00
1.582316531514117956e+09 5.602000000000000313e-01 0.000000000000000000e+00
1.582316531613467932e+09 5.601000000000000423e-01 0.000000000000000000e+00
1.582316531713594913e+09 5.604999999999999982e-01 0.000000000000000000e+00
1.582316531813436985e+09 5.600000000000000533e-01 0.000000000000000000e+00
1.582316531924866915e+09 5.601000000000000423e-01 0.000000000000000000e+00
1.582316532027364016e+09 5.601000000000000423e-01 0.000000000000000000e+00
1.582316532127151012e+09 5.601000000000000423e-01 0.000000000000000000e+00
1.582316532226222038e+09 5.601000000000000423e-01 0.000000000000000000e+00
1.582316532326337099e+09 5.602000000000000313e-01 0.000000000000000000e+00
1.582316532425957918e+09 5.603000000000000203e-01 0.000000000000000000e+00
1.582316532520713091e+09 5.602000000000000313e-01 0.000000000000000000e+00
1.582316532625144958e+09 5.602000000000000313e-01 0.000000000000000000e+00
1.582316532724313021e+09 5.601000000000000423e-01 0.000000000000000000e+00
1.582316532824074984e+09 5.601000000000000423e-01 0.000000000000000000e+00
1.582316532937108994e+09 5.603000000000000203e-01 0.000000000000000000e+00
1.582316533037137985e+09 5.602000000000000313e-01 0.000000000000000000e+00
1.582316533136200905e+09 5.601000000000000423e-01 0.000000000000000000e+00
1.582316533235991955e+09 5.600000000000000533e-01 0.000000000000000000e+00
1.582316533336160898e+09 5.602000000000000313e-01 0.000000000000000000e+00
1.582316533430855989e+09 5.601000000000000423e-01 0.000000000000000000e+00
1.582316533535052061e+09 5.602000000000000313e-01 0.000000000000000000e+00
1.582316533634013891e+09 5.601000000000000423e-01 0.000000000000000000e+00
1.582316533744640112e+09 5.601000000000000423e-01 0.000000000000000000e+00
1.582316533843384981e+09 5.601000000000000423e-01 0.000000000000000000e+00
1.582316533944269896e+09 5.603000000000000203e-01 0.000000000000000000e+00
1.582316534047051907e+09 5.602000000000000313e-01 0.000000000000000000e+00
1.582316534141235113e+09 5.603000000000000203e-01 0.000000000000000000e+00
1.582316534246182919e+09 5.601000000000000423e-01 0.000000000000000000e+00
1.582316534340051889e+09 5.601000000000000423e-01 0.000000000000000000e+00
1.582316534440351009e+09 5.601000000000000423e-01 0.000000000000000000e+00
1.582316534540015936e+09 5.601000000000000423e-01 0.000000000000000000e+00
1.582316534653479099e+09 5.602000000000000313e-01 0.000000000000000000e+00
1.582316534756392956e+09 5.600000000000000533e-01 0.000000000000000000e+00
1.582316534856029987e+09 5.601000000000000423e-01 0.000000000000000000e+00
1.582316534955915928e+09 5.601000000000000423e-01 0.000000000000000000e+00
1.582316535055710077e+09 5.602000000000000313e-01 0.000000000000000000e+00
1.582316535155213118e+09 5.601000000000000423e-01 0.000000000000000000e+00
1.582316535249820948e+09 5.600000000000000533e-01 0.000000000000000000e+00
1.582316535354856014e+09 5.602000000000000313e-01 0.000000000000000000e+00
1.582316535453850031e+09 5.603000000000000203e-01 0.000000000000000000e+00
1.582316535553884029e+09 5.601000000000000423e-01 0.000000000000000000e+00
1.582316535667709112e+09 5.600000000000000533e-01 0.000000000000000000e+00
1.582316535766853094e+09 5.603000000000000203e-01 0.000000000000000000e+00
1.582316535866878986e+09 5.602000000000000313e-01 0.000000000000000000e+00
1.582316535965786934e+09 5.598999999999999533e-01 0.000000000000000000e+00
1.582316536065917015e+09 5.603000000000000203e-01 0.000000000000000000e+00
1.582316536159768105e+09 5.603000000000000203e-01 0.000000000000000000e+00
1.582316536265052080e+09 5.602000000000000313e-01 0.000000000000000000e+00
1.582316536363918066e+09 5.602000000000000313e-01 0.000000000000000000e+00
1.582316536472564936e+09 5.600000000000000533e-01 0.000000000000000000e+00
1.582316536577821016e+09 5.601000000000000423e-01 0.000000000000000000e+00
1.582316536676832914e+09 5.604999999999999982e-01 0.000000000000000000e+00
1.582316536776746035e+09 5.603000000000000203e-01 0.000000000000000000e+00
1.582316536875758886e+09 5.602000000000000313e-01 0.000000000000000000e+00
1.582316536972718954e+09 5.603000000000000203e-01 0.000000000000000000e+00
1.582316537074644089e+09 5.604000000000000092e-01 0.000000000000000000e+00
1.582316537169831991e+09 5.598999999999999533e-01 0.000000000000000000e+00
1.582316537287666082e+09 5.602000000000000313e-01 0.000000000000000000e+00
1.582316537383290052e+09 5.602000000000000313e-01 0.000000000000000000e+00
1.582316537483175993e+09 5.603000000000000203e-01 0.000000000000000000e+00
1.582316537582859993e+09 5.600000000000000533e-01 0.000000000000000000e+00
1.582316537682759047e+09 5.601000000000000423e-01 0.000000000000000000e+00
1.582316537782531023e+09 5.602000000000000313e-01 0.000000000000000000e+00
1.582316537882230043e+09 5.601000000000000423e-01 0.000000000000000000e+00
1.582316537981897116e+09 5.601000000000000423e-01 0.000000000000000000e+00
1.582316538081778049e+09 5.601000000000000423e-01 0.000000000000000000e+00
1.582316538181575060e+09 5.600000000000000533e-01 0.000000000000000000e+00
1.582316538297642946e+09 5.601000000000000423e-01 0.000000000000000000e+00
1.582316538397573948e+09 5.602000000000000313e-01 0.000000000000000000e+00
1.582316538496654987e+09 5.604000000000000092e-01 0.000000000000000000e+00
1.582316538596537113e+09 5.601000000000000423e-01 0.000000000000000000e+00
1.582316538696075916e+09 5.603000000000000203e-01 0.000000000000000000e+00
1.582316538790551901e+09 5.604000000000000092e-01 0.000000000000000000e+00
1.582316538895584106e+09 5.601000000000000423e-01 0.000000000000000000e+00
1.582316538994503021e+09 5.600000000000000533e-01 0.000000000000000000e+00
1.582316539108483076e+09 5.601000000000000423e-01 0.000000000000000000e+00
1.582316539207495928e+09 5.602000000000000313e-01 0.000000000000000000e+00
1.582316539307481050e+09 5.601000000000000423e-01 0.000000000000000000e+00
1.582316539407454967e+09 5.601000000000000423e-01 0.000000000000000000e+00
1.582316539503958941e+09 5.603000000000000203e-01 0.000000000000000000e+00
1.582316539604044914e+09 5.598999999999999533e-01 0.000000000000000000e+00
1.582316539705394983e+09 5.601000000000000423e-01 0.000000000000000000e+00
1.582316539805510044e+09 5.602000000000000313e-01 0.000000000000000000e+00
1.582316539918262959e+09 5.600000000000000533e-01 0.000000000000000000e+00
1.582316540015125036e+09 5.602000000000000313e-01 0.000000000000000000e+00
1.582316540118199110e+09 5.600000000000000533e-01 0.000000000000000000e+00
1.582316540214462042e+09 5.600000000000000533e-01 0.000000000000000000e+00
1.582316540312144041e+09 5.602000000000000313e-01 0.000000000000000000e+00
1.582316540416333914e+09 5.601000000000000423e-01 0.000000000000000000e+00
1.582316540513942957e+09 5.600000000000000533e-01 0.000000000000000000e+00
1.582316540615264893e+09 5.600000000000000533e-01 0.000000000000000000e+00
1.582316540710860968e+09 5.600000000000000533e-01 0.000000000000000000e+00
1.582316540810476065e+09 5.602000000000000313e-01 0.000000000000000000e+00
1.582316540924779892e+09 5.601000000000000423e-01 0.000000000000000000e+00
1.582316541024621964e+09 5.602000000000000313e-01 0.000000000000000000e+00
1.582316541124516010e+09 5.603000000000000203e-01 0.000000000000000000e+00
1.582316541224266052e+09 5.601000000000000423e-01 0.000000000000000000e+00
1.582316541324029922e+09 5.601000000000000423e-01 0.000000000000000000e+00
1.582316541423796892e+09 5.603000000000000203e-01 0.000000000000000000e+00
1.582316541522370100e+09 5.602000000000000313e-01 0.000000000000000000e+00
1.582316541623306990e+09 5.602000000000000313e-01 0.000000000000000000e+00
1.582316541739244938e+09 5.600000000000000533e-01 0.000000000000000000e+00
1.582316541838300943e+09 5.601000000000000423e-01 0.000000000000000000e+00
1.582316541938389063e+09 5.604000000000000092e-01 0.000000000000000000e+00
1.582316542037189007e+09 5.602000000000000313e-01 0.000000000000000000e+00
1.582316542137156010e+09 5.600000000000000533e-01 0.000000000000000000e+00
1.582316542236263037e+09 5.598999999999999533e-01 0.000000000000000000e+00
1.582316542336287022e+09 5.596999999999999753e-01 0.000000000000000000e+00
1.582316542435225010e+09 5.600000000000000533e-01 0.000000000000000000e+00
1.582316542549314976e+09 5.600000000000000533e-01 0.000000000000000000e+00
1.582316542649059057e+09 5.602000000000000313e-01 0.000000000000000000e+00
1.582316542748217106e+09 5.601000000000000423e-01 0.000000000000000000e+00
1.582316542848119020e+09 5.603000000000000203e-01 0.000000000000000000e+00
1.582316542947113991e+09 5.601000000000000423e-01 0.000000000000000000e+00
1.582316543047177076e+09 5.602000000000000313e-01 0.000000000000000000e+00
1.582316543146054983e+09 5.602000000000000313e-01 0.000000000000000000e+00
1.582316543246038914e+09 5.601000000000000423e-01 0.000000000000000000e+00
1.582316543345114946e+09 5.600000000000000533e-01 0.000000000000000000e+00
1.582316543445015907e+09 5.600000000000000533e-01 0.000000000000000000e+00
1.582316543559134960e+09 5.602000000000000313e-01 0.000000000000000000e+00
1.582316543658144951e+09 5.601000000000000423e-01 0.000000000000000000e+00
1.582316543758033991e+09 5.600000000000000533e-01 0.000000000000000000e+00
1.582316543858146906e+09 5.602000000000000313e-01 0.000000000000000000e+00
1.582316543957050085e+09 5.601000000000000423e-01 0.000000000000000000e+00
1.582316544056008101e+09 5.598999999999999533e-01 0.000000000000000000e+00
1.582316544156008005e+09 5.600000000000000533e-01 0.000000000000000000e+00
1.582316544250361919e+09 5.603000000000000203e-01 0.000000000000000000e+00
1.582316544369081020e+09 5.601000000000000423e-01 0.000000000000000000e+00
1.582316544468931913e+09 5.604000000000000092e-01 0.000000000000000000e+00
1.582316544566282988e+09 5.602000000000000313e-01 0.000000000000000000e+00
1.582316544666043997e+09 5.601000000000000423e-01 0.000000000000000000e+00
1.582316544767965078e+09 5.602000000000000313e-01 0.000000000000000000e+00
1.582316544865545034e+09 5.602000000000000313e-01 0.000000000000000000e+00
1.582316544965306997e+09 5.603000000000000203e-01 0.000000000000000000e+00
1.582316545065126896e+09 5.602000000000000313e-01 0.000000000000000000e+00
1.582316545179915905e+09 5.602000000000000313e-01 0.000000000000000000e+00
1.582316545278909922e+09 5.601000000000000423e-01 0.000000000000000000e+00
1.582316545378959894e+09 5.604000000000000092e-01 0.000000000000000000e+00
1.582316545477994919e+09 5.601000000000000423e-01 0.000000000000000000e+00
1.582316545578008890e+09 5.601000000000000423e-01 0.000000000000000000e+00
1.582316545677021027e+09 5.602000000000000313e-01 0.000000000000000000e+00
1.582316545776901960e+09 5.602000000000000313e-01 0.000000000000000000e+00
1.582316545876929998e+09 5.602000000000000313e-01 0.000000000000000000e+00
1.582316545975853920e+09 5.598999999999999533e-01 0.000000000000000000e+00
1.582316546075750113e+09 5.601000000000000423e-01 0.000000000000000000e+00
1.582316546188721895e+09 5.603000000000000203e-01 0.000000000000000000e+00
1.582316546288810968e+09 5.600000000000000533e-01 0.000000000000000000e+00
1.582316546388797998e+09 5.601000000000000423e-01 0.000000000000000000e+00
1.582316546487835884e+09 5.600000000000000533e-01 0.000000000000000000e+00
1.582316546587975025e+09 5.601000000000000423e-01 0.000000000000000000e+00
1.582316546686857939e+09 5.603000000000000203e-01 0.000000000000000000e+00
1.582316546786703110e+09 5.601000000000000423e-01 0.000000000000000000e+00
1.582316546885001898e+09 5.601000000000000423e-01 0.000000000000000000e+00
1.582316546999732018e+09 5.602000000000000313e-01 0.000000000000000000e+00
1.582316547099782944e+09 5.600000000000000533e-01 0.000000000000000000e+00
1.582316547198730946e+09 5.604000000000000092e-01 0.000000000000000000e+00
1.582316547298834085e+09 5.598999999999999533e-01 0.000000000000000000e+00
1.582316547392858982e+09 5.602000000000000313e-01 0.000000000000000000e+00
1.582316547497740984e+09 5.603000000000000203e-01 0.000000000000000000e+00
1.582316547592387915e+09 5.604000000000000092e-01 0.000000000000000000e+00
1.582316547692152023e+09 5.600000000000000533e-01 0.000000000000000000e+00
1.582316547791919947e+09 5.604000000000000092e-01 0.000000000000000000e+00
1.582316547908279896e+09 5.600000000000000533e-01 0.000000000000000000e+00
1.582316548007940054e+09 5.602000000000000313e-01 0.000000000000000000e+00
1.582316548107804060e+09 5.598999999999999533e-01 0.000000000000000000e+00
1.582316548207575083e+09 5.602000000000000313e-01 0.000000000000000000e+00
1.582316548307333946e+09 5.600000000000000533e-01 0.000000000000000000e+00
1.582316548407093048e+09 5.601000000000000423e-01 0.000000000000000000e+00
1.582316548503648043e+09 5.603000000000000203e-01 0.000000000000000000e+00
1.582316548601460934e+09 5.603000000000000203e-01 0.000000000000000000e+00
1.582316548705744982e+09 5.603000000000000203e-01 0.000000000000000000e+00
1.582316548819617987e+09 5.603000000000000203e-01 0.000000000000000000e+00
1.582316548919711113e+09 5.603000000000000203e-01 0.000000000000000000e+00
1.582316549018585920e+09 5.601000000000000423e-01 0.000000000000000000e+00
1.582316549118665934e+09 5.602000000000000313e-01 0.000000000000000000e+00
1.582316549217626095e+09 5.601000000000000423e-01 0.000000000000000000e+00
1.582316549317581892e+09 5.602000000000000313e-01 0.000000000000000000e+00
1.582316549416543961e+09 5.603000000000000203e-01 0.000000000000000000e+00
1.582316549516573906e+09 5.604000000000000092e-01 0.000000000000000000e+00
1.582316549616590023e+09 5.602000000000000313e-01 0.000000000000000000e+00
1.582316549729593992e+09 5.602000000000000313e-01 0.000000000000000000e+00
1.582316549829425097e+09 5.602000000000000313e-01 0.000000000000000000e+00
1.582316549928584099e+09 5.601000000000000423e-01 0.000000000000000000e+00
1.582316550028522968e+09 5.600000000000000533e-01 0.000000000000000000e+00
1.582316550127480030e+09 5.602000000000000313e-01 0.000000000000000000e+00
1.582316550227389097e+09 5.604000000000000092e-01 0.000000000000000000e+00
1.582316550327419996e+09 5.602000000000000313e-01 0.000000000000000000e+00
1.582316550426454067e+09 5.603000000000000203e-01 0.000000000000000000e+00
1.582316550526365042e+09 5.601000000000000423e-01 0.000000000000000000e+00
1.582316550635114908e+09 5.602000000000000313e-01 0.000000000000000000e+00
1.582316550739473104e+09 5.602000000000000313e-01 0.000000000000000000e+00
1.582316550834640026e+09 5.600000000000000533e-01 0.000000000000000000e+00
1.582316550938416004e+09 5.603000000000000203e-01 0.000000000000000000e+00
1.582316551037784100e+09 5.601000000000000423e-01 0.000000000000000000e+00
1.582316551133908987e+09 5.603000000000000203e-01 0.000000000000000000e+00
1.582316551233661890e+09 5.602000000000000313e-01 0.000000000000000000e+00
1.582316551333408117e+09 5.601000000000000423e-01 0.000000000000000000e+00
1.582316551449829102e+09 5.602000000000000313e-01 0.000000000000000000e+00
1.582316551549547911e+09 5.601000000000000423e-01 0.000000000000000000e+00
1.582316551649358988e+09 5.604000000000000092e-01 0.000000000000000000e+00
1.582316551749124050e+09 5.601000000000000423e-01 0.000000000000000000e+00
1.582316551848402023e+09 5.604999999999999982e-01 0.000000000000000000e+00
1.582316551948292971e+09 5.602000000000000313e-01 0.000000000000000000e+00
1.582316552047337055e+09 5.604999999999999982e-01 0.000000000000000000e+00
1.582316552147478104e+09 5.604000000000000092e-01 0.000000000000000000e+00
1.582316552246206999e+09 5.602000000000000313e-01 0.000000000000000000e+00
1.582316552360233068e+09 5.602000000000000313e-01 0.000000000000000000e+00
1.582316552460227013e+09 5.604000000000000092e-01 0.000000000000000000e+00
1.582316552559247017e+09 5.604000000000000092e-01 0.000000000000000000e+00
1.582316552659183025e+09 5.603000000000000203e-01 0.000000000000000000e+00
1.582316552758234024e+09 5.601000000000000423e-01 0.000000000000000000e+00
1.582316552858102083e+09 5.602000000000000313e-01 0.000000000000000000e+00
1.582316552957288027e+09 5.603000000000000203e-01 0.000000000000000000e+00
1.582316553057173014e+09 5.604000000000000092e-01 0.000000000000000000e+00
1.582316553156162024e+09 5.602000000000000313e-01 0.000000000000000000e+00
1.582316553256036997e+09 5.604999999999999982e-01 0.000000000000000000e+00
1.582316553370233059e+09 5.602000000000000313e-01 0.000000000000000000e+00
1.582316553469202995e+09 5.603000000000000203e-01 0.000000000000000000e+00
1.582316553568110943e+09 5.604999999999999982e-01 0.000000000000000000e+00
1.582316553668123007e+09 5.604000000000000092e-01 0.000000000000000000e+00
1.582316553768136978e+09 5.604999999999999982e-01 0.000000000000000000e+00
1.582316553867168903e+09 5.601000000000000423e-01 0.000000000000000000e+00
1.582316553967000008e+09 5.603000000000000203e-01 0.000000000000000000e+00
1.582316554066116095e+09 5.604000000000000092e-01 0.000000000000000000e+00
1.582316554176630974e+09 5.603000000000000203e-01 0.000000000000000000e+00
1.582316554276386023e+09 5.604000000000000092e-01 0.000000000000000000e+00
1.582316554376153946e+09 5.604000000000000092e-01 0.000000000000000000e+00
1.582316554475919008e+09 5.602000000000000313e-01 0.000000000000000000e+00
1.582316554575687885e+09 5.604999999999999982e-01 0.000000000000000000e+00
1.582316554675455093e+09 5.604000000000000092e-01 0.000000000000000000e+00
1.582316554775218010e+09 5.602000000000000313e-01 0.000000000000000000e+00
1.582316554874982119e+09 5.604000000000000092e-01 0.000000000000000000e+00
1.582316554991148949e+09 5.602000000000000313e-01 0.000000000000000000e+00
1.582316555089942932e+09 5.602000000000000313e-01 0.000000000000000000e+00
1.582316555189973116e+09 5.601000000000000423e-01 0.000000000000000000e+00
1.582316555289009094e+09 5.604000000000000092e-01 0.000000000000000000e+00
1.582316555388999939e+09 5.604000000000000092e-01 0.000000000000000000e+00
1.582316555488012075e+09 5.603000000000000203e-01 0.000000000000000000e+00
1.582316555587855101e+09 5.602000000000000313e-01 0.000000000000000000e+00
1.582316555687917948e+09 5.604999999999999982e-01 0.000000000000000000e+00
1.582316555787031889e+09 5.603000000000000203e-01 0.000000000000000000e+00
1.582316555885981083e+09 5.604999999999999982e-01 0.000000000000000000e+00
1.582316555999887943e+09 5.601000000000000423e-01 0.000000000000000000e+00
1.582316556099791050e+09 5.604000000000000092e-01 0.000000000000000000e+00
1.582316556198851109e+09 5.603000000000000203e-01 0.000000000000000000e+00
1.582316556298820019e+09 5.602000000000000313e-01 0.000000000000000000e+00
1.582316556397821903e+09 5.603000000000000203e-01 0.000000000000000000e+00
1.582316556497988939e+09 5.600000000000000533e-01 0.000000000000000000e+00
1.582316556596807003e+09 5.603000000000000203e-01 0.000000000000000000e+00
1.582316556696829081e+09 5.603000000000000203e-01 0.000000000000000000e+00
1.582316556810828924e+09 5.602000000000000313e-01 0.000000000000000000e+00
1.582316556909941912e+09 5.602000000000000313e-01 0.000000000000000000e+00
1.582316557009829998e+09 5.603000000000000203e-01 0.000000000000000000e+00
1.582316557108903885e+09 5.602000000000000313e-01 0.000000000000000000e+00
1.582316557208678961e+09 5.603000000000000203e-01 0.000000000000000000e+00
1.582316557307776928e+09 5.603000000000000203e-01 0.000000000000000000e+00
1.582316557407685995e+09 5.603000000000000203e-01 0.000000000000000000e+00
1.582316557503293037e+09 5.602000000000000313e-01 0.000000000000000000e+00
1.582316557618412018e+09 5.600000000000000533e-01 0.000000000000000000e+00
1.582316557720767021e+09 5.603000000000000203e-01 0.000000000000000000e+00
1.582316557817934990e+09 5.601000000000000423e-01 0.000000000000000000e+00
1.582316557917732954e+09 5.602000000000000313e-01 0.000000000000000000e+00
1.582316558017436981e+09 5.602000000000000313e-01 0.000000000000000000e+00
1.582316558117202997e+09 5.600000000000000533e-01 0.000000000000000000e+00
1.582316558216964960e+09 5.603000000000000203e-01 0.000000000000000000e+00
1.582316558316725016e+09 5.604000000000000092e-01 0.000000000000000000e+00
1.582316558416496038e+09 5.603000000000000203e-01 0.000000000000000000e+00
1.582316558516257048e+09 5.602000000000000313e-01 0.000000000000000000e+00
1.582316558630692959e+09 5.603000000000000203e-01 0.000000000000000000e+00
1.582316558730556011e+09 5.601000000000000423e-01 0.000000000000000000e+00
1.582316558829694986e+09 5.602000000000000313e-01 0.000000000000000000e+00
1.582316558929584980e+09 5.603000000000000203e-01 0.000000000000000000e+00
1.582316559028768063e+09 5.604000000000000092e-01 0.000000000000000000e+00
1.582316559128535986e+09 5.603000000000000203e-01 0.000000000000000000e+00
1.582316559227647066e+09 5.603000000000000203e-01 0.000000000000000000e+00
1.582316559327522993e+09 5.601000000000000423e-01 0.000000000000000000e+00
1.582316559440536976e+09 5.604999999999999982e-01 0.000000000000000000e+00
1.582316559536854029e+09 5.604000000000000092e-01 0.000000000000000000e+00
1.582316559640460968e+09 5.603000000000000203e-01 0.000000000000000000e+00
1.582316559739562035e+09 5.602000000000000313e-01 0.000000000000000000e+00
1.582316559839515924e+09 5.603000000000000203e-01 0.000000000000000000e+00
1.582316559938544035e+09 5.602000000000000313e-01 0.000000000000000000e+00
1.582316560036813974e+09 5.604999999999999982e-01 0.000000000000000000e+00
1.582316560137543917e+09 5.602000000000000313e-01 0.000000000000000000e+00
1.582316560251450062e+09 5.604999999999999982e-01 0.000000000000000000e+00
1.582316560351382971e+09 5.604000000000000092e-01 0.000000000000000000e+00
1.582316560450494051e+09 5.603000000000000203e-01 0.000000000000000000e+00
1.582316560550374031e+09 5.604000000000000092e-01 0.000000000000000000e+00
1.582316560649596930e+09 5.604000000000000092e-01 0.000000000000000000e+00
1.582316560749469042e+09 5.603000000000000203e-01 0.000000000000000000e+00
1.582316560844044924e+09 5.604999999999999982e-01 0.000000000000000000e+00
1.582316560943762064e+09 5.604999999999999982e-01 0.000000000000000000e+00
1.582316561043529987e+09 5.604000000000000092e-01 0.000000000000000000e+00
1.582316561143313885e+09 5.602000000000000313e-01 0.000000000000000000e+00
1.582316561259691000e+09 5.604000000000000092e-01 0.000000000000000000e+00
1.582316561359455109e+09 5.604999999999999982e-01 0.000000000000000000e+00
1.582316561459220886e+09 5.602000000000000313e-01 0.000000000000000000e+00
1.582316561558989048e+09 5.604000000000000092e-01 0.000000000000000000e+00
1.582316561658771992e+09 5.604000000000000092e-01 0.000000000000000000e+00
1.582316561758430004e+09 5.604000000000000092e-01 0.000000000000000000e+00
1.582316561858371973e+09 5.603000000000000203e-01 0.000000000000000000e+00
1.582316561957367897e+09 5.604000000000000092e-01 0.000000000000000000e+00
1.582316562071454048e+09 5.604000000000000092e-01 0.000000000000000000e+00
1.582316562171374083e+09 5.604000000000000092e-01 0.000000000000000000e+00
1.582316562270364046e+09 5.602000000000000313e-01 0.000000000000000000e+00
1.582316562370238066e+09 5.603000000000000203e-01 0.000000000000000000e+00
1.582316562469279051e+09 5.602000000000000313e-01 0.000000000000000000e+00
1.582316562569432974e+09 5.604999999999999982e-01 0.000000000000000000e+00
1.582316562668433905e+09 5.604000000000000092e-01 0.000000000000000000e+00
1.582316562768299103e+09 5.603000000000000203e-01 0.000000000000000000e+00
1.582316562882343054e+09 5.604999999999999982e-01 0.000000000000000000e+00
1.582316562981292963e+09 5.605999999999999872e-01 0.000000000000000000e+00
1.582316563081223011e+09 5.603000000000000203e-01 0.000000000000000000e+00
1.582316563180358887e+09 5.605999999999999872e-01 0.000000000000000000e+00
1.582316563280152082e+09 5.604000000000000092e-01 0.000000000000000000e+00
1.582316563379214048e+09 5.605999999999999872e-01 0.000000000000000000e+00
1.582316563479108095e+09 5.604999999999999982e-01 0.000000000000000000e+00
1.582316563579202890e+09 5.604000000000000092e-01 0.000000000000000000e+00
1.582316563678335905e+09 5.604999999999999982e-01 0.000000000000000000e+00
1.582316563778103113e+09 5.604000000000000092e-01 0.000000000000000000e+00
1.582316563891350031e+09 5.604999999999999982e-01 0.000000000000000000e+00
1.582316563991214037e+09 5.603000000000000203e-01 0.000000000000000000e+00
1.582316564086257935e+09 5.606999999999999762e-01 0.000000000000000000e+00
1.582316564190164089e+09 5.603000000000000203e-01 0.000000000000000000e+00
1.582316564290159941e+09 5.604000000000000092e-01 0.000000000000000000e+00
1.582316564385523081e+09 5.604999999999999982e-01 0.000000000000000000e+00
1.582316564485321045e+09 5.602000000000000313e-01 0.000000000000000000e+00
1.582316564585083008e+09 5.605999999999999872e-01 0.000000000000000000e+00
1.582316564701973915e+09 5.605999999999999872e-01 0.000000000000000000e+00
1.582316564801202059e+09 5.603000000000000203e-01 0.000000000000000000e+00
1.582316564901006937e+09 5.604000000000000092e-01 0.000000000000000000e+00
1.582316565000773907e+09 5.605999999999999872e-01 0.000000000000000000e+00
1.582316565100052118e+09 5.604000000000000092e-01 0.000000000000000000e+00
1.582316565199004889e+09 5.603000000000000203e-01 0.000000000000000000e+00
1.582316565298958063e+09 5.602000000000000313e-01 0.000000000000000000e+00
1.582316565398976088e+09 5.602000000000000313e-01 0.000000000000000000e+00
1.582316565498080015e+09 5.604000000000000092e-01 0.000000000000000000e+00
1.582316565612032890e+09 5.604999999999999982e-01 0.000000000000000000e+00
1.582316565711976051e+09 5.605999999999999872e-01 0.000000000000000000e+00
1.582316565811012030e+09 5.602000000000000313e-01 0.000000000000000000e+00
1.582316565910965919e+09 5.603000000000000203e-01 0.000000000000000000e+00
1.582316566010062933e+09 5.603000000000000203e-01 0.000000000000000000e+00
1.582316566110111952e+09 5.604999999999999982e-01 0.000000000000000000e+00
1.582316566208942890e+09 5.603000000000000203e-01 0.000000000000000000e+00
1.582316566308969021e+09 5.602000000000000313e-01 0.000000000000000000e+00
1.582316566408009052e+09 5.604000000000000092e-01 0.000000000000000000e+00
1.582316566522061110e+09 5.604000000000000092e-01 0.000000000000000000e+00
1.582316566621779919e+09 5.604000000000000092e-01 0.000000000000000000e+00
1.582316566721020937e+09 5.602000000000000313e-01 0.000000000000000000e+00
1.582316566820900917e+09 5.602000000000000313e-01 0.000000000000000000e+00
1.582316566919909954e+09 5.604000000000000092e-01 0.000000000000000000e+00
1.582316567019885063e+09 5.603000000000000203e-01 0.000000000000000000e+00
1.582316567118558884e+09 5.604999999999999982e-01 0.000000000000000000e+00
1.582316567218815088e+09 5.604000000000000092e-01 0.000000000000000000e+00
1.582316567317888975e+09 5.605999999999999872e-01 0.000000000000000000e+00
1.582316567428282976e+09 5.601000000000000423e-01 0.000000000000000000e+00
1.582316567528048992e+09 5.602000000000000313e-01 0.000000000000000000e+00
1.582316567627815008e+09 5.605999999999999872e-01 0.000000000000000000e+00
1.582316567730825901e+09 5.601000000000000423e-01 0.000000000000000000e+00
1.582316567829930067e+09 5.604000000000000092e-01 0.000000000000000000e+00
1.582316567927108049e+09 5.603000000000000203e-01 0.000000000000000000e+00
1.582316568026870966e+09 5.604000000000000092e-01 0.000000000000000000e+00
1.582316568126631975e+09 5.604999999999999982e-01 0.000000000000000000e+00
1.582316568226372004e+09 5.602000000000000313e-01 0.000000000000000000e+00
1.582316568341763020e+09 5.604000000000000092e-01 0.000000000000000000e+00
1.582316568441868067e+09 5.603000000000000203e-01 0.000000000000000000e+00
1.582316568537092924e+09 5.603000000000000203e-01 0.000000000000000000e+00
1.582316568640706062e+09 5.604000000000000092e-01 0.000000000000000000e+00
1.582316568740727901e+09 5.605999999999999872e-01 0.000000000000000000e+00
1.582316568839699030e+09 5.604000000000000092e-01 0.000000000000000000e+00
1.582316568938760996e+09 5.603000000000000203e-01 0.000000000000000000e+00
1.582316569036922932e+09 5.603000000000000203e-01 0.000000000000000000e+00
1.582316569152703047e+09 5.603000000000000203e-01 0.000000000000000000e+00
1.582316569251774073e+09 5.604000000000000092e-01 0.000000000000000000e+00
1.582316569351548910e+09 5.604999999999999982e-01 0.000000000000000000e+00
1.582316569450731039e+09 5.603000000000000203e-01 0.000000000000000000e+00
1.582316569550631046e+09 5.601000000000000423e-01 0.000000000000000000e+00
1.582316569650506020e+09 5.604999999999999982e-01 0.000000000000000000e+00
1.582316569749623060e+09 5.604000000000000092e-01 0.000000000000000000e+00
1.582316569849565029e+09 5.604999999999999982e-01 0.000000000000000000e+00
1.582316569948643923e+09 5.604000000000000092e-01 0.000000000000000000e+00
1.582316570062580109e+09 5.603000000000000203e-01 0.000000000000000000e+00
1.582316570161628008e+09 5.604000000000000092e-01 0.000000000000000000e+00
1.582316570261708021e+09 5.604000000000000092e-01 0.000000000000000000e+00
1.582316570360493898e+09 5.603000000000000203e-01 0.000000000000000000e+00
1.582316570460453033e+09 5.602000000000000313e-01 0.000000000000000000e+00
1.582316570560492039e+09 5.605999999999999872e-01 0.000000000000000000e+00
1.582316570659539938e+09 5.604999999999999982e-01 0.000000000000000000e+00
1.582316570759620905e+09 5.604999999999999982e-01 0.000000000000000000e+00
1.582316570858578920e+09 5.603000000000000203e-01 0.000000000000000000e+00
1.582316570958554029e+09 5.602000000000000313e-01 0.000000000000000000e+00
1.582316571069598913e+09 5.604999999999999982e-01 0.000000000000000000e+00
1.582316571169363022e+09 5.604999999999999982e-01 0.000000000000000000e+00
1.582316571270529032e+09 5.604999999999999982e-01 0.000000000000000000e+00
1.582316571368851900e+09 5.603000000000000203e-01 0.000000000000000000e+00
1.582316571468628883e+09 5.605999999999999872e-01 0.000000000000000000e+00
1.582316571568386078e+09 5.605999999999999872e-01 0.000000000000000000e+00
1.582316571668150902e+09 5.605999999999999872e-01 0.000000000000000000e+00
1.582316571767926931e+09 5.603000000000000203e-01 0.000000000000000000e+00
1.582316571882440090e+09 5.604999999999999982e-01 0.000000000000000000e+00
1.582316571981457949e+09 5.604999999999999982e-01 0.000000000000000000e+00
1.582316572081397057e+09 5.602000000000000313e-01 0.000000000000000000e+00
1.582316572181355953e+09 5.604000000000000092e-01 0.000000000000000000e+00
1.582316572280468941e+09 5.604000000000000092e-01 0.000000000000000000e+00
1.582316572380331039e+09 5.607999999999999652e-01 0.000000000000000000e+00
1.582316572479384899e+09 5.603000000000000203e-01 0.000000000000000000e+00
1.582316572579345942e+09 5.603000000000000203e-01 0.000000000000000000e+00
1.582316572693514109e+09 5.603000000000000203e-01 0.000000000000000000e+00
1.582316572792370081e+09 5.604999999999999982e-01 0.000000000000000000e+00
1.582316572892210007e+09 5.604999999999999982e-01 0.000000000000000000e+00
1.582316572991305113e+09 5.602000000000000313e-01 0.000000000000000000e+00
1.582316573091310978e+09 5.603000000000000203e-01 0.000000000000000000e+00
1.582316573190330982e+09 5.605999999999999872e-01 0.000000000000000000e+00
1.582316573290299892e+09 5.604999999999999982e-01 0.000000000000000000e+00
1.582316573389303923e+09 5.604000000000000092e-01 0.000000000000000000e+00
1.582316573489200115e+09 5.604000000000000092e-01 0.000000000000000000e+00
1.582316573584929943e+09 5.604999999999999982e-01 0.000000000000000000e+00
1.582316573698471069e+09 5.605999999999999872e-01 0.000000000000000000e+00
1.582316573798846006e+09 5.606999999999999762e-01 0.000000000000000000e+00
1.582316573896190882e+09 5.604999999999999982e-01 0.000000000000000000e+00
1.582316573996052027e+09 5.602000000000000313e-01 0.000000000000000000e+00
1.582316574095732927e+09 5.603000000000000203e-01 0.000000000000000000e+00
1.582316574195162058e+09 5.604000000000000092e-01 0.000000000000000000e+00
1.582316574294984102e+09 5.603000000000000203e-01 0.000000000000000000e+00
1.582316574394910097e+09 5.605999999999999872e-01 0.000000000000000000e+00
1.582316574511406898e+09 5.604000000000000092e-01 0.000000000000000000e+00
1.582316574611352921e+09 5.604999999999999982e-01 0.000000000000000000e+00
1.582316574710855007e+09 5.602000000000000313e-01 0.000000000000000000e+00
1.582316574810631990e+09 5.603000000000000203e-01 0.000000000000000000e+00
1.582316574909008026e+09 5.604999999999999982e-01 0.000000000000000000e+00
1.582316575010154963e+09 5.604000000000000092e-01 0.000000000000000000e+00
1.582316575107403994e+09 5.604000000000000092e-01 0.000000000000000000e+00
1.582316575209701061e+09 5.603000000000000203e-01 0.000000000000000000e+00
1.582316575323259115e+09 5.603000000000000203e-01 0.000000000000000000e+00
1.582316575422919989e+09 5.602000000000000313e-01 0.000000000000000000e+00
1.582316575521806955e+09 5.604999999999999982e-01 0.000000000000000000e+00
1.582316575621009111e+09 5.604000000000000092e-01 0.000000000000000000e+00
1.582316575721155882e+09 5.604999999999999982e-01 0.000000000000000000e+00
1.582316575817692995e+09 5.602000000000000313e-01 0.000000000000000000e+00
1.582316575921097040e+09 5.602000000000000313e-01 0.000000000000000000e+00
1.582316576020112991e+09 5.603000000000000203e-01 0.000000000000000000e+00
1.582316576118299007e+09 5.602000000000000313e-01 0.000000000000000000e+00
1.582316576214562893e+09 5.604999999999999982e-01 0.000000000000000000e+00
1.582316576330820084e+09 5.604000000000000092e-01 0.000000000000000000e+00
1.582316576427961111e+09 5.604999999999999982e-01 0.000000000000000000e+00
1.582316576527641058e+09 5.604000000000000092e-01 0.000000000000000000e+00
1.582316576628163099e+09 5.604999999999999982e-01 0.000000000000000000e+00
1.582316576730978012e+09 5.605999999999999872e-01 0.000000000000000000e+00
1.582316576830872059e+09 5.604000000000000092e-01 0.000000000000000000e+00
1.582316576927145004e+09 5.604000000000000092e-01 0.000000000000000000e+00
1.582316577028912067e+09 5.604999999999999982e-01 0.000000000000000000e+00
1.582316577138420105e+09 5.604000000000000092e-01 0.000000000000000000e+00
1.582316577238260984e+09 5.603000000000000203e-01 0.000000000000000000e+00
1.582316577343034029e+09 5.604000000000000092e-01 0.000000000000000000e+00
1.582316577441809893e+09 5.604999999999999982e-01 0.000000000000000000e+00
1.582316577537060976e+09 5.604000000000000092e-01 0.000000000000000000e+00
1.582316577637204885e+09 5.603000000000000203e-01 0.000000000000000000e+00
1.582316577740953922e+09 5.602000000000000313e-01 0.000000000000000000e+00
1.582316577839806080e+09 5.604999999999999982e-01 0.000000000000000000e+00
1.582316577953129053e+09 5.602000000000000313e-01 0.000000000000000000e+00
1.582316578052860975e+09 5.606999999999999762e-01 0.000000000000000000e+00
1.582316578152663946e+09 5.605999999999999872e-01 0.000000000000000000e+00
1.582316578252415895e+09 5.604000000000000092e-01 0.000000000000000000e+00
1.582316578351982117e+09 5.603000000000000203e-01 0.000000000000000000e+00
1.582316578450707912e+09 5.603000000000000203e-01 0.000000000000000000e+00
1.582316578550777912e+09 5.604000000000000092e-01 0.000000000000000000e+00
1.582316578650712967e+09 5.603000000000000203e-01 0.000000000000000000e+00
1.582316578749766111e+09 5.602000000000000313e-01 0.000000000000000000e+00
1.582316578849754095e+09 5.605999999999999872e-01 0.000000000000000000e+00
1.582316578963757992e+09 5.603000000000000203e-01 0.000000000000000000e+00
1.582316579062819004e+09 5.604000000000000092e-01 0.000000000000000000e+00
1.582316579161689997e+09 5.602000000000000313e-01 0.000000000000000000e+00
1.582316579261677980e+09 5.601000000000000423e-01 0.000000000000000000e+00
1.582316579361751080e+09 5.604999999999999982e-01 0.000000000000000000e+00
1.582316579460731030e+09 5.603000000000000203e-01 0.000000000000000000e+00
1.582316579560677052e+09 5.604000000000000092e-01 0.000000000000000000e+00
1.582316579659691095e+09 5.603000000000000203e-01 0.000000000000000000e+00
1.582316579773775101e+09 5.603000000000000203e-01 0.000000000000000000e+00
1.582316579872574091e+09 5.604999999999999982e-01 0.000000000000000000e+00
1.582316579972558975e+09 5.604999999999999982e-01 0.000000000000000000e+00
1.582316580072474003e+09 5.604000000000000092e-01 0.000000000000000000e+00
1.582316580171732903e+09 5.604000000000000092e-01 0.000000000000000000e+00
1.582316580266974926e+09 5.604000000000000092e-01 0.000000000000000000e+00
1.582316580370599985e+09 5.604999999999999982e-01 0.000000000000000000e+00
1.582316580470666885e+09 5.604000000000000092e-01 0.000000000000000000e+00
1.582316580580173969e+09 5.603000000000000203e-01 0.000000000000000000e+00
1.582316580679928064e+09 5.604999999999999982e-01 0.000000000000000000e+00
1.582316580779696941e+09 5.604000000000000092e-01 0.000000000000000000e+00
1.582316580879463911e+09 5.604000000000000092e-01 0.000000000000000000e+00
1.582316580979232073e+09 5.604999999999999982e-01 0.000000000000000000e+00
1.582316581081593990e+09 5.604000000000000092e-01 0.000000000000000000e+00
1.582316581181474924e+09 5.605999999999999872e-01 0.000000000000000000e+00
1.582316581278517008e+09 5.604999999999999982e-01 0.000000000000000000e+00
1.582316581378262043e+09 5.604999999999999982e-01 0.000000000000000000e+00
1.582316581478009939e+09 5.604000000000000092e-01 0.000000000000000000e+00
1.582316581593468904e+09 5.604000000000000092e-01 0.000000000000000000e+00
1.582316581693466902e+09 5.605999999999999872e-01 0.000000000000000000e+00
1.582316581792459965e+09 5.604999999999999982e-01 0.000000000000000000e+00
1.582316581892448902e+09 5.604999999999999982e-01 0.000000000000000000e+00
1.582316581991528034e+09 5.604999999999999982e-01 0.000000000000000000e+00
1.582316582091404915e+09 5.604000000000000092e-01 0.000000000000000000e+00
1.582316582190536022e+09 5.606999999999999762e-01 0.000000000000000000e+00
1.582316582290339947e+09 5.604000000000000092e-01 0.000000000000000000e+00
1.582316582404586077e+09 5.604000000000000092e-01 0.000000000000000000e+00
1.582316582503416061e+09 5.604000000000000092e-01 0.000000000000000000e+00
1.582316582599721909e+09 5.604000000000000092e-01 0.000000000000000000e+00
1.582316582702411890e+09 5.604999999999999982e-01 0.000000000000000000e+00
1.582316582802376032e+09 5.605999999999999872e-01 0.000000000000000000e+00
1.582316582901483059e+09 5.604999999999999982e-01 0.000000000000000000e+00
1.582316583001414061e+09 5.604999999999999982e-01 0.000000000000000000e+00
1.582316583101408958e+09 5.606999999999999762e-01 0.000000000000000000e+00
1.582316583214428902e+09 5.603000000000000203e-01 0.000000000000000000e+00
1.582316583314450979e+09 5.604999999999999982e-01 0.000000000000000000e+00
1.582316583414485931e+09 5.605999999999999872e-01 0.000000000000000000e+00
1.582316583513145924e+09 5.605999999999999872e-01 0.000000000000000000e+00
1.582316583612407923e+09 5.604000000000000092e-01 0.000000000000000000e+00
1.582316583712232113e+09 5.604999999999999982e-01 0.000000000000000000e+00
1.582316583812145948e+09 5.604000000000000092e-01 0.000000000000000000e+00
1.582316583911175013e+09 5.604999999999999982e-01 0.000000000000000000e+00
1.582316584009843111e+09 5.604999999999999982e-01 0.000000000000000000e+00
1.582316584120702982e+09 5.604000000000000092e-01 0.000000000000000000e+00
1.582316584221473932e+09 5.604999999999999982e-01 0.000000000000000000e+00
1.582316584320681095e+09 5.604999999999999982e-01 0.000000000000000000e+00
1.582316584420969963e+09 5.604999999999999982e-01 0.000000000000000000e+00
1.582316584520611048e+09 5.603000000000000203e-01 0.000000000000000000e+00
1.582316584617373943e+09 5.604000000000000092e-01 0.000000000000000000e+00
1.582316584720383883e+09 5.604999999999999982e-01 0.000000000000000000e+00
1.582316584816929102e+09 5.603000000000000203e-01 0.000000000000000000e+00
1.582316584930663109e+09 5.605999999999999872e-01 0.000000000000000000e+00
1.582316585034306049e+09 5.604000000000000092e-01 0.000000000000000000e+00
1.582316585134147882e+09 5.605999999999999872e-01 0.000000000000000000e+00
1.582316585234179020e+09 5.604999999999999982e-01 0.000000000000000000e+00
1.582316585333220005e+09 5.604999999999999982e-01 0.000000000000000000e+00
1.582316585433228970e+09 5.604999999999999982e-01 0.000000000000000000e+00
1.582316585532170057e+09 5.603000000000000203e-01 0.000000000000000000e+00
1.582316585632006884e+09 5.603000000000000203e-01 0.000000000000000000e+00
1.582316585731208086e+09 5.604999999999999982e-01 0.000000000000000000e+00
1.582316585845289946e+09 5.604999999999999982e-01 0.000000000000000000e+00
1.582316585945122957e+09 5.605999999999999872e-01 0.000000000000000000e+00
1.582316586044047117e+09 5.607999999999999652e-01 0.000000000000000000e+00
1.582316586144129038e+09 5.605999999999999872e-01 0.000000000000000000e+00
1.582316586243063927e+09 5.604000000000000092e-01 0.000000000000000000e+00
1.582316586342422962e+09 5.604000000000000092e-01 0.000000000000000000e+00
1.582316586442107916e+09 5.604999999999999982e-01 0.000000000000000000e+00
1.582316586542037010e+09 5.605999999999999872e-01 0.000000000000000000e+00
1.582316586651216984e+09 5.603000000000000203e-01 0.000000000000000000e+00
1.582316586755251884e+09 5.605999999999999872e-01 0.000000000000000000e+00
1.582316586855176926e+09 5.603000000000000203e-01 0.000000000000000000e+00
