# 
# Duration (in s): 60
# Pointing Position of the Horn: Calibrator paddle
# Angle pointing (from vertical): 80.3
# Calibrator used: YES
# Weather: very clear
# Units: tenth microWatt
# Comments: sky dip 80
1.582316258155850887e+09 5.587999999999999634e-01 0.000000000000000000e+00
1.582316258242866993e+09 5.590000000000000524e-01 0.000000000000000000e+00
1.582316258347124100e+09 5.591000000000000414e-01 0.000000000000000000e+00
1.582316258446789026e+09 5.585999999999999854e-01 0.000000000000000000e+00
1.582316258557029963e+09 5.587999999999999634e-01 0.000000000000000000e+00
1.582316258659774065e+09 5.587999999999999634e-01 0.000000000000000000e+00
1.582316258758908987e+09 5.587999999999999634e-01 0.000000000000000000e+00
1.582316258854665995e+09 5.587999999999999634e-01 0.000000000000000000e+00
1.582316258957850933e+09 5.590000000000000524e-01 0.000000000000000000e+00
1.582316259057848930e+09 5.588999999999999524e-01 0.000000000000000000e+00
1.582316259151624918e+09 5.591000000000000414e-01 0.000000000000000000e+00
1.582316259255834103e+09 5.588999999999999524e-01 0.000000000000000000e+00
1.582316259350526094e+09 5.592000000000000304e-01 0.000000000000000000e+00
1.582316259455579996e+09 5.587999999999999634e-01 0.000000000000000000e+00
1.582316259566917896e+09 5.590000000000000524e-01 0.000000000000000000e+00
1.582316259663980007e+09 5.586999999999999744e-01 0.000000000000000000e+00
1.582316259768138885e+09 5.586999999999999744e-01 0.000000000000000000e+00
1.582316259864717007e+09 5.588999999999999524e-01 0.000000000000000000e+00
1.582316259963275909e+09 5.591000000000000414e-01 0.000000000000000000e+00
1.582316260062693119e+09 5.590000000000000524e-01 0.000000000000000000e+00
1.582316260161875963e+09 5.588999999999999524e-01 0.000000000000000000e+00
1.582316260265887976e+09 5.586999999999999744e-01 0.000000000000000000e+00
1.582316260378676891e+09 5.587999999999999634e-01 0.000000000000000000e+00
1.582316260477077961e+09 5.588999999999999524e-01 0.000000000000000000e+00
1.582316260578636885e+09 5.587999999999999634e-01 0.000000000000000000e+00
1.582316260678224087e+09 5.590000000000000524e-01 0.000000000000000000e+00
1.582316260777133942e+09 5.588999999999999524e-01 0.000000000000000000e+00
1.582316260874821901e+09 5.587999999999999634e-01 0.000000000000000000e+00
1.582316260973581076e+09 5.590000000000000524e-01 0.000000000000000000e+00
1.582316261076582909e+09 5.588999999999999524e-01 0.000000000000000000e+00
1.582316261190747023e+09 5.587999999999999634e-01 0.000000000000000000e+00
1.582316261289552927e+09 5.587999999999999634e-01 0.000000000000000000e+00
1.582316261389533043e+09 5.587999999999999634e-01 0.000000000000000000e+00
1.582316261486901999e+09 5.587999999999999634e-01 0.000000000000000000e+00
1.582316261588515043e+09 5.587999999999999634e-01 0.000000000000000000e+00
1.582316261688549042e+09 5.587999999999999634e-01 0.000000000000000000e+00
1.582316261784444094e+09 5.585999999999999854e-01 0.000000000000000000e+00
1.582316261887605906e+09 5.590000000000000524e-01 0.000000000000000000e+00
1.582316261986572027e+09 5.587999999999999634e-01 0.000000000000000000e+00
1.582316262082487106e+09 5.588999999999999524e-01 0.000000000000000000e+00
1.582316262199513912e+09 5.588999999999999524e-01 0.000000000000000000e+00
1.582316262299292088e+09 5.588999999999999524e-01 0.000000000000000000e+00
1.582316262395598888e+09 5.590000000000000524e-01 0.000000000000000000e+00
1.582316262498416901e+09 5.590000000000000524e-01 0.000000000000000000e+00
1.582316262598452091e+09 5.591000000000000414e-01 0.000000000000000000e+00
1.582316262692199945e+09 5.591000000000000414e-01 0.000000000000000000e+00
1.582316262796113968e+09 5.590000000000000524e-01 0.000000000000000000e+00
1.582316262896249056e+09 5.590000000000000524e-01 0.000000000000000000e+00
1.582316263005582094e+09 5.587999999999999634e-01 0.000000000000000000e+00
1.582316263109129906e+09 5.588999999999999524e-01 0.000000000000000000e+00
1.582316263205507994e+09 5.587999999999999634e-01 0.000000000000000000e+00
1.582316263305119038e+09 5.587999999999999634e-01 0.000000000000000000e+00
1.582316263405194998e+09 5.586999999999999744e-01 0.000000000000000000e+00
1.582316263504740953e+09 5.590000000000000524e-01 0.000000000000000000e+00
1.582316263604551077e+09 5.588999999999999524e-01 0.000000000000000000e+00
1.582316263703404903e+09 5.587999999999999634e-01 0.000000000000000000e+00
1.582316263806186914e+09 5.588999999999999524e-01 0.000000000000000000e+00
1.582316263903677940e+09 5.586999999999999744e-01 0.000000000000000000e+00
1.582316264017654896e+09 5.587999999999999634e-01 0.000000000000000000e+00
1.582316264118577957e+09 5.588999999999999524e-01 0.000000000000000000e+00
1.582316264219304085e+09 5.587999999999999634e-01 0.000000000000000000e+00
1.582316264313405037e+09 5.591000000000000414e-01 0.000000000000000000e+00
1.582316264417531013e+09 5.591000000000000414e-01 0.000000000000000000e+00
1.582316264513160944e+09 5.590000000000000524e-01 0.000000000000000000e+00
1.582316264617315054e+09 5.587999999999999634e-01 0.000000000000000000e+00
1.582316264714312077e+09 5.590000000000000524e-01 0.000000000000000000e+00
1.582316264827596903e+09 5.587999999999999634e-01 0.000000000000000000e+00
1.582316264930258036e+09 5.588999999999999524e-01 0.000000000000000000e+00
1.582316265027390957e+09 5.591000000000000414e-01 0.000000000000000000e+00
1.582316265129231930e+09 5.590000000000000524e-01 0.000000000000000000e+00
1.582316265228247881e+09 5.591000000000000414e-01 0.000000000000000000e+00
1.582316265325371027e+09 5.590000000000000524e-01 0.000000000000000000e+00
1.582316265427156925e+09 5.590000000000000524e-01 0.000000000000000000e+00
1.582316265523559093e+09 5.590000000000000524e-01 0.000000000000000000e+00
1.582316265638614893e+09 5.588999999999999524e-01 0.000000000000000000e+00
1.582316265740130901e+09 5.590000000000000524e-01 0.000000000000000000e+00
1.582316265837203026e+09 5.588999999999999524e-01 0.000000000000000000e+00
1.582316265935364008e+09 5.590000000000000524e-01 0.000000000000000000e+00
1.582316266038486004e+09 5.588999999999999524e-01 0.000000000000000000e+00
1.582316266138348103e+09 5.591000000000000414e-01 0.000000000000000000e+00
1.582316266238099098e+09 5.590000000000000524e-01 0.000000000000000000e+00
1.582316266337776899e+09 5.586999999999999744e-01 0.000000000000000000e+00
1.582316266437334061e+09 5.587999999999999634e-01 0.000000000000000000e+00
1.582316266531990051e+09 5.587999999999999634e-01 0.000000000000000000e+00
1.582316266646833897e+09 5.587999999999999634e-01 0.000000000000000000e+00
1.582316266749581099e+09 5.588999999999999524e-01 0.000000000000000000e+00
1.582316266846719027e+09 5.588999999999999524e-01 0.000000000000000000e+00
1.582316266946449041e+09 5.586999999999999744e-01 0.000000000000000000e+00
1.582316267046372890e+09 5.587999999999999634e-01 0.000000000000000000e+00
1.582316267146101952e+09 5.587999999999999634e-01 0.000000000000000000e+00
1.582316267244746923e+09 5.588999999999999524e-01 0.000000000000000000e+00
1.582316267344515085e+09 5.587999999999999634e-01 0.000000000000000000e+00
1.582316267461045027e+09 5.588999999999999524e-01 0.000000000000000000e+00
1.582316267557482958e+09 5.586999999999999744e-01 0.000000000000000000e+00
1.582316267657865047e+09 5.590000000000000524e-01 0.000000000000000000e+00
1.582316267759979010e+09 5.587999999999999634e-01 0.000000000000000000e+00
1.582316267859025955e+09 5.588999999999999524e-01 0.000000000000000000e+00
1.582316267956042051e+09 5.588999999999999524e-01 0.000000000000000000e+00
1.582316268057197094e+09 5.587999999999999634e-01 0.000000000000000000e+00
1.582316268157995939e+09 5.586999999999999744e-01 0.000000000000000000e+00
1.582316268271043062e+09 5.587999999999999634e-01 0.000000000000000000e+00
1.582316268368129015e+09 5.591000000000000414e-01 0.000000000000000000e+00
1.582316268470930099e+09 5.590000000000000524e-01 0.000000000000000000e+00
1.582316268568089962e+09 5.590000000000000524e-01 0.000000000000000000e+00
1.582316268669838905e+09 5.590000000000000524e-01 0.000000000000000000e+00
1.582316268768918037e+09 5.588999999999999524e-01 0.000000000000000000e+00
1.582316268868174076e+09 5.588999999999999524e-01 0.000000000000000000e+00
1.582316268968023062e+09 5.590000000000000524e-01 0.000000000000000000e+00
1.582316269067826033e+09 5.588999999999999524e-01 0.000000000000000000e+00
1.582316269161761999e+09 5.591000000000000414e-01 0.000000000000000000e+00
1.582316269276272058e+09 5.587999999999999634e-01 0.000000000000000000e+00
1.582316269380779028e+09 5.590000000000000524e-01 0.000000000000000000e+00
1.582316269474379063e+09 5.590000000000000524e-01 0.000000000000000000e+00
1.582316269579050064e+09 5.588999999999999524e-01 0.000000000000000000e+00
1.582316269678590059e+09 5.591000000000000414e-01 0.000000000000000000e+00
1.582316269777957916e+09 5.588999999999999524e-01 0.000000000000000000e+00
1.582316269872587919e+09 5.587999999999999634e-01 0.000000000000000000e+00
1.582316269973309040e+09 5.587999999999999634e-01 0.000000000000000000e+00
1.582316270086803913e+09 5.590000000000000524e-01 0.000000000000000000e+00
1.582316270188831091e+09 5.588999999999999524e-01 0.000000000000000000e+00
1.582316270288568020e+09 5.591000000000000414e-01 0.000000000000000000e+00
1.582316270388304949e+09 5.586999999999999744e-01 0.000000000000000000e+00
1.582316270488166094e+09 5.587999999999999634e-01 0.000000000000000000e+00
1.582316270587872028e+09 5.587999999999999634e-01 0.000000000000000000e+00
1.582316270686134100e+09 5.587999999999999634e-01 0.000000000000000000e+00
1.582316270784770966e+09 5.590000000000000524e-01 0.000000000000000000e+00
1.582316270901777983e+09 5.587999999999999634e-01 0.000000000000000000e+00
1.582316271001723051e+09 5.588999999999999524e-01 0.000000000000000000e+00
1.582316271099894047e+09 5.590000000000000524e-01 0.000000000000000000e+00
1.582316271200747013e+09 5.590000000000000524e-01 0.000000000000000000e+00
1.582316271299637079e+09 5.588999999999999524e-01 0.000000000000000000e+00
1.582316271396883011e+09 5.588999999999999524e-01 0.000000000000000000e+00
1.582316271498689890e+09 5.588999999999999524e-01 0.000000000000000000e+00
1.582316271598581076e+09 5.587999999999999634e-01 0.000000000000000000e+00
1.582316271696805000e+09 5.592000000000000304e-01 0.000000000000000000e+00
1.582316271797766924e+09 5.590000000000000524e-01 0.000000000000000000e+00
1.582316271906601906e+09 5.586999999999999744e-01 0.000000000000000000e+00
1.582316272010751009e+09 5.590000000000000524e-01 0.000000000000000000e+00
1.582316272110532999e+09 5.586999999999999744e-01 0.000000000000000000e+00
1.582316272210597992e+09 5.587999999999999634e-01 0.000000000000000000e+00
1.582316272308851957e+09 5.587999999999999634e-01 0.000000000000000000e+00
1.582316272408454895e+09 5.586999999999999744e-01 0.000000000000000000e+00
1.582316272508532047e+09 5.588999999999999524e-01 0.000000000000000000e+00
1.582316272605757952e+09 5.588999999999999524e-01 0.000000000000000000e+00
1.582316272721497059e+09 5.591000000000000414e-01 0.000000000000000000e+00
1.582316272816243887e+09 5.592000000000000304e-01 0.000000000000000000e+00
1.582316272915630102e+09 5.587999999999999634e-01 0.000000000000000000e+00
1.582316273020478010e+09 5.587999999999999634e-01 0.000000000000000000e+00
1.582316273120389938e+09 5.586999999999999744e-01 0.000000000000000000e+00
1.582316273216063976e+09 5.588999999999999524e-01 0.000000000000000000e+00
1.582316273314652920e+09 5.588999999999999524e-01 0.000000000000000000e+00
1.582316273414413929e+09 5.592000000000000304e-01 0.000000000000000000e+00
1.582316273530689955e+09 5.591000000000000414e-01 0.000000000000000000e+00
1.582316273630708933e+09 5.590000000000000524e-01 0.000000000000000000e+00
1.582316273730782986e+09 5.587999999999999634e-01 0.000000000000000000e+00
1.582316273827507973e+09 5.591000000000000414e-01 0.000000000000000000e+00
1.582316273930035114e+09 5.590000000000000524e-01 0.000000000000000000e+00
1.582316274029500961e+09 5.593000000000000194e-01 0.000000000000000000e+00
1.582316274125824928e+09 5.590000000000000524e-01 0.000000000000000000e+00
1.582316274228617907e+09 5.586999999999999744e-01 0.000000000000000000e+00
1.582316274328577042e+09 5.587999999999999634e-01 0.000000000000000000e+00
1.582316274428343058e+09 5.591000000000000414e-01 0.000000000000000000e+00
1.582316274541166067e+09 5.587999999999999634e-01 0.000000000000000000e+00
1.582316274638571978e+09 5.590000000000000524e-01 0.000000000000000000e+00
1.582316274741548061e+09 5.588999999999999524e-01 0.000000000000000000e+00
1.582316274840326071e+09 5.588999999999999524e-01 0.000000000000000000e+00
1.582316274940303087e+09 5.588999999999999524e-01 0.000000000000000000e+00
1.582316275038621902e+09 5.590000000000000524e-01 0.000000000000000000e+00
1.582316275137356997e+09 5.592000000000000304e-01 0.000000000000000000e+00
1.582316275233946085e+09 5.591000000000000414e-01 0.000000000000000000e+00
1.582316275351869106e+09 5.590000000000000524e-01 0.000000000000000000e+00
1.582316275452274084e+09 5.591000000000000414e-01 0.000000000000000000e+00
1.582316275546395063e+09 5.590000000000000524e-01 0.000000000000000000e+00
1.582316275650008917e+09 5.590000000000000524e-01 0.000000000000000000e+00
1.582316275750300884e+09 5.587999999999999634e-01 0.000000000000000000e+00
1.582316275848129034e+09 5.590000000000000524e-01 0.000000000000000000e+00
1.582316275949491978e+09 5.590000000000000524e-01 0.000000000000000000e+00
1.582316276046595097e+09 5.586999999999999744e-01 0.000000000000000000e+00
1.582316276143465996e+09 5.590000000000000524e-01 0.000000000000000000e+00
1.582316276257550001e+09 5.588999999999999524e-01 0.000000000000000000e+00
1.582316276360397100e+09 5.587999999999999634e-01 0.000000000000000000e+00
1.582316276459409952e+09 5.588999999999999524e-01 0.000000000000000000e+00
1.582316276556890965e+09 5.585999999999999854e-01 0.000000000000000000e+00
1.582316276656203985e+09 5.588999999999999524e-01 0.000000000000000000e+00
1.582316276756453037e+09 5.588999999999999524e-01 0.000000000000000000e+00
1.582316276856206894e+09 5.590000000000000524e-01 0.000000000000000000e+00
1.582316276954269886e+09 5.590000000000000524e-01 0.000000000000000000e+00
1.582316277055727959e+09 5.588999999999999524e-01 0.000000000000000000e+00
1.582316277172070026e+09 5.591000000000000414e-01 0.000000000000000000e+00
1.582316277269484043e+09 5.590000000000000524e-01 0.000000000000000000e+00
1.582316277366329908e+09 5.588999999999999524e-01 0.000000000000000000e+00
1.582316277471250057e+09 5.588999999999999524e-01 0.000000000000000000e+00
1.582316277565066099e+09 5.588999999999999524e-01 0.000000000000000000e+00
1.582316277669703960e+09 5.588999999999999524e-01 0.000000000000000000e+00
1.582316277769093990e+09 5.588999999999999524e-01 0.000000000000000000e+00
1.582316277868866920e+09 5.591000000000000414e-01 0.000000000000000000e+00
1.582316277966159105e+09 5.587999999999999634e-01 0.000000000000000000e+00
1.582316278082000971e+09 5.588999999999999524e-01 0.000000000000000000e+00
1.582316278176897049e+09 5.586999999999999744e-01 0.000000000000000000e+00
1.582316278281091928e+09 5.587999999999999634e-01 0.000000000000000000e+00
1.582316278380951881e+09 5.586999999999999744e-01 0.000000000000000000e+00
1.582316278479957104e+09 5.588999999999999524e-01 0.000000000000000000e+00
1.582316278576978922e+09 5.588999999999999524e-01 0.000000000000000000e+00
1.582316278679909945e+09 5.588999999999999524e-01 0.000000000000000000e+00
1.582316278778840065e+09 5.587999999999999634e-01 0.000000000000000000e+00
1.582316278878891945e+09 5.590000000000000524e-01 0.000000000000000000e+00
1.582316278991982937e+09 5.588999999999999524e-01 0.000000000000000000e+00
1.582316279091873884e+09 5.587999999999999634e-01 0.000000000000000000e+00
1.582316279188086987e+09 5.588999999999999524e-01 0.000000000000000000e+00
1.582316279291017056e+09 5.586999999999999744e-01 0.000000000000000000e+00
1.582316279390880108e+09 5.587999999999999634e-01 0.000000000000000000e+00
1.582316279485683918e+09 5.588999999999999524e-01 0.000000000000000000e+00
1.582316279590054035e+09 5.590000000000000524e-01 0.000000000000000000e+00
1.582316279688740015e+09 5.587999999999999634e-01 0.000000000000000000e+00
1.582316279799357891e+09 5.588999999999999524e-01 0.000000000000000000e+00
1.582316279898941994e+09 5.587999999999999634e-01 0.000000000000000000e+00
1.582316279999639988e+09 5.588999999999999524e-01 0.000000000000000000e+00
1.582316280097914934e+09 5.587999999999999634e-01 0.000000000000000000e+00
1.582316280198235989e+09 5.587999999999999634e-01 0.000000000000000000e+00
1.582316280297993898e+09 5.588999999999999524e-01 0.000000000000000000e+00
1.582316280395020962e+09 5.591000000000000414e-01 0.000000000000000000e+00
1.582316280499720097e+09 5.590000000000000524e-01 0.000000000000000000e+00
1.582316280597260952e+09 5.591000000000000414e-01 0.000000000000000000e+00
1.582316280709976912e+09 5.587999999999999634e-01 0.000000000000000000e+00
1.582316280812849045e+09 5.591000000000000414e-01 0.000000000000000000e+00
1.582316280911835909e+09 5.588999999999999524e-01 0.000000000000000000e+00
1.582316281007791996e+09 5.591000000000000414e-01 0.000000000000000000e+00
1.582316281110730886e+09 5.586999999999999744e-01 0.000000000000000000e+00
1.582316281209742069e+09 5.586999999999999744e-01 0.000000000000000000e+00
1.582316281306020975e+09 5.590000000000000524e-01 0.000000000000000000e+00
1.582316281409569979e+09 5.587999999999999634e-01 0.000000000000000000e+00
1.582316281508666992e+09 5.586999999999999744e-01 0.000000000000000000e+00
1.582316281603740931e+09 5.586999999999999744e-01 0.000000000000000000e+00
1.582316281722595930e+09 5.587999999999999634e-01 0.000000000000000000e+00
1.582316281821654081e+09 5.587999999999999634e-01 0.000000000000000000e+00
1.582316281918020010e+09 5.586999999999999744e-01 0.000000000000000000e+00
1.582316282020797968e+09 5.590000000000000524e-01 0.000000000000000000e+00
1.582316282120632887e+09 5.591000000000000414e-01 0.000000000000000000e+00
1.582316282215511084e+09 5.588999999999999524e-01 0.000000000000000000e+00
1.582316282319863081e+09 5.587999999999999634e-01 0.000000000000000000e+00
1.582316282418528080e+09 5.587999999999999634e-01 0.000000000000000000e+00
1.582316282530168056e+09 5.588999999999999524e-01 0.000000000000000000e+00
1.582316282632538080e+09 5.588999999999999524e-01 0.000000000000000000e+00
1.582316282731524944e+09 5.586999999999999744e-01 0.000000000000000000e+00
1.582316282827539921e+09 5.587999999999999634e-01 0.000000000000000000e+00
1.582316282930615902e+09 5.587999999999999634e-01 0.000000000000000000e+00
1.582316283030461073e+09 5.588999999999999524e-01 0.000000000000000000e+00
1.582316283126807928e+09 5.592000000000000304e-01 0.000000000000000000e+00
1.582316283229521990e+09 5.591000000000000414e-01 0.000000000000000000e+00
1.582316283340624094e+09 5.588999999999999524e-01 0.000000000000000000e+00
1.582316283441709995e+09 5.591000000000000414e-01 0.000000000000000000e+00
1.582316283540251017e+09 5.586999999999999744e-01 0.000000000000000000e+00
1.582316283639975071e+09 5.590000000000000524e-01 0.000000000000000000e+00
1.582316283738631964e+09 5.591000000000000414e-01 0.000000000000000000e+00
1.582316283839509964e+09 5.588999999999999524e-01 0.000000000000000000e+00
1.582316283939264059e+09 5.588999999999999524e-01 0.000000000000000000e+00
1.582316284037815094e+09 5.588999999999999524e-01 0.000000000000000000e+00
1.582316284138804913e+09 5.591000000000000414e-01 0.000000000000000000e+00
1.582316284238558054e+09 5.591000000000000414e-01 0.000000000000000000e+00
1.582316284352361917e+09 5.588999999999999524e-01 0.000000000000000000e+00
1.582316284452497959e+09 5.590000000000000524e-01 0.000000000000000000e+00
1.582316284551436901e+09 5.587999999999999634e-01 0.000000000000000000e+00
1.582316284650803089e+09 5.588999999999999524e-01 0.000000000000000000e+00
1.582316284750403881e+09 5.588999999999999524e-01 0.000000000000000000e+00
1.582316284850384951e+09 5.587999999999999634e-01 0.000000000000000000e+00
1.582316284946964025e+09 5.586999999999999744e-01 0.000000000000000000e+00
1.582316285046621084e+09 5.585999999999999854e-01 0.000000000000000000e+00
1.582316285160423040e+09 5.585999999999999854e-01 0.000000000000000000e+00
1.582316285261761904e+09 5.586999999999999744e-01 0.000000000000000000e+00
1.582316285362468004e+09 5.587999999999999634e-01 0.000000000000000000e+00
1.582316285456422091e+09 5.586999999999999744e-01 0.000000000000000000e+00
1.582316285559968948e+09 5.586999999999999744e-01 0.000000000000000000e+00
1.582316285660392046e+09 5.587999999999999634e-01 0.000000000000000000e+00
1.582316285760206938e+09 5.587999999999999634e-01 0.000000000000000000e+00
1.582316285860243082e+09 5.588999999999999524e-01 0.000000000000000000e+00
1.582316285973238945e+09 5.587999999999999634e-01 0.000000000000000000e+00
1.582316286072669029e+09 5.587999999999999634e-01 0.000000000000000000e+00
1.582316286168414116e+09 5.587999999999999634e-01 0.000000000000000000e+00
1.582316286272175074e+09 5.586999999999999744e-01 0.000000000000000000e+00
1.582316286366797924e+09 5.585999999999999854e-01 0.000000000000000000e+00
1.582316286466154099e+09 5.586999999999999744e-01 0.000000000000000000e+00
1.582316286570441008e+09 5.586999999999999744e-01 0.000000000000000000e+00
1.582316286666074038e+09 5.586999999999999744e-01 0.000000000000000000e+00
1.582316286765737057e+09 5.587999999999999634e-01 0.000000000000000000e+00
1.582316286868561983e+09 5.586999999999999744e-01 0.000000000000000000e+00
1.582316286982007980e+09 5.585999999999999854e-01 0.000000000000000000e+00
1.582316287080383062e+09 5.587999999999999634e-01 0.000000000000000000e+00
1.582316287181524038e+09 5.588999999999999524e-01 0.000000000000000000e+00
1.582316287281297922e+09 5.588999999999999524e-01 0.000000000000000000e+00
1.582316287377883911e+09 5.586999999999999744e-01 0.000000000000000000e+00
1.582316287480834007e+09 5.588999999999999524e-01 0.000000000000000000e+00
1.582316287580219984e+09 5.587999999999999634e-01 0.000000000000000000e+00
1.582316287674977064e+09 5.586999999999999744e-01 0.000000000000000000e+00
1.582316287793057919e+09 5.585999999999999854e-01 0.000000000000000000e+00
1.582316287893122911e+09 5.587999999999999634e-01 0.000000000000000000e+00
1.582316287990390062e+09 5.587999999999999634e-01 0.000000000000000000e+00
1.582316288092154980e+09 5.586999999999999744e-01 0.000000000000000000e+00
1.582316288192111015e+09 5.588999999999999524e-01 0.000000000000000000e+00
1.582316288288288116e+09 5.584999999999999964e-01 0.000000000000000000e+00
1.582316288391107082e+09 5.587999999999999634e-01 0.000000000000000000e+00
1.582316288490154982e+09 5.587999999999999634e-01 0.000000000000000000e+00
1.582316288586306095e+09 5.588999999999999524e-01 0.000000000000000000e+00
1.582316288704047918e+09 5.586999999999999744e-01 0.000000000000000000e+00
1.582316288803004026e+09 5.588999999999999524e-01 0.000000000000000000e+00
1.582316288902302980e+09 5.588999999999999524e-01 0.000000000000000000e+00
1.582316289002155066e+09 5.588999999999999524e-01 0.000000000000000000e+00
1.582316289101854086e+09 5.587999999999999634e-01 0.000000000000000000e+00
1.582316289201086998e+09 5.585999999999999854e-01 0.000000000000000000e+00
1.582316289300853968e+09 5.585999999999999854e-01 0.000000000000000000e+00
1.582316289399939060e+09 5.585999999999999854e-01 0.000000000000000000e+00
1.582316289499324083e+09 5.586999999999999744e-01 0.000000000000000000e+00
1.582316289608978033e+09 5.585999999999999854e-01 0.000000000000000000e+00
1.582316289708945990e+09 5.587999999999999634e-01 0.000000000000000000e+00
1.582316289808568001e+09 5.587999999999999634e-01 0.000000000000000000e+00
1.582316289908323050e+09 5.587999999999999634e-01 0.000000000000000000e+00
1.582316290007999897e+09 5.585999999999999854e-01 0.000000000000000000e+00
1.582316290110079050e+09 5.586999999999999744e-01 0.000000000000000000e+00
1.582316290207632065e+09 5.587999999999999634e-01 0.000000000000000000e+00
1.582316290307281971e+09 5.586999999999999744e-01 0.000000000000000000e+00
1.582316290407215118e+09 5.586999999999999744e-01 0.000000000000000000e+00
1.582316290523555040e+09 5.587999999999999634e-01 0.000000000000000000e+00
1.582316290622843027e+09 5.586999999999999744e-01 0.000000000000000000e+00
1.582316290722121954e+09 5.588999999999999524e-01 0.000000000000000000e+00
1.582316290822067976e+09 5.590000000000000524e-01 0.000000000000000000e+00
1.582316290922039986e+09 5.587999999999999634e-01 0.000000000000000000e+00
1.582316291017874956e+09 5.585999999999999854e-01 0.000000000000000000e+00
1.582316291121014118e+09 5.585999999999999854e-01 0.000000000000000000e+00
1.582316291220690966e+09 5.585999999999999854e-01 0.000000000000000000e+00
1.582316291319745064e+09 5.588999999999999524e-01 0.000000000000000000e+00
1.582316291433589935e+09 5.587999999999999634e-01 0.000000000000000000e+00
1.582316291532746077e+09 5.585999999999999854e-01 0.000000000000000000e+00
1.582316291627599955e+09 5.587999999999999634e-01 0.000000000000000000e+00
1.582316291731952906e+09 5.586999999999999744e-01 0.000000000000000000e+00
1.582316291831692934e+09 5.586999999999999744e-01 0.000000000000000000e+00
1.582316291931715012e+09 5.585999999999999854e-01 0.000000000000000000e+00
1.582316292028815031e+09 5.584999999999999964e-01 0.000000000000000000e+00
1.582316292129642010e+09 5.588999999999999524e-01 0.000000000000000000e+00
1.582316292239737034e+09 5.587999999999999634e-01 0.000000000000000000e+00
1.582316292339128971e+09 5.587999999999999634e-01 0.000000000000000000e+00
1.582316292442599058e+09 5.587999999999999634e-01 0.000000000000000000e+00
1.582316292538660049e+09 5.585999999999999854e-01 0.000000000000000000e+00
1.582316292642486095e+09 5.585999999999999854e-01 0.000000000000000000e+00
1.582316292741597891e+09 5.586999999999999744e-01 0.000000000000000000e+00
1.582316292835613012e+09 5.586999999999999744e-01 0.000000000000000000e+00
1.582316292939899921e+09 5.586999999999999744e-01 0.000000000000000000e+00
1.582316293038697958e+09 5.585999999999999854e-01 0.000000000000000000e+00
1.582316293150774002e+09 5.587999999999999634e-01 0.000000000000000000e+00
1.582316293250322104e+09 5.586999999999999744e-01 0.000000000000000000e+00
1.582316293350106001e+09 5.584999999999999964e-01 0.000000000000000000e+00
1.582316293449831009e+09 5.584999999999999964e-01 0.000000000000000000e+00
1.582316293549540043e+09 5.585999999999999854e-01 0.000000000000000000e+00
1.582316293649396896e+09 5.585999999999999854e-01 0.000000000000000000e+00
1.582316293748933077e+09 5.586999999999999744e-01 0.000000000000000000e+00
1.582316293848903894e+09 5.587999999999999634e-01 0.000000000000000000e+00
1.582316293948661089e+09 5.586999999999999744e-01 0.000000000000000000e+00
1.582316294046356916e+09 5.586999999999999744e-01 0.000000000000000000e+00
1.582316294163419008e+09 5.584999999999999964e-01 0.000000000000000000e+00
1.582316294262484074e+09 5.585999999999999854e-01 0.000000000000000000e+00
1.582316294361821890e+09 5.585999999999999854e-01 0.000000000000000000e+00
1.582316294462554932e+09 5.588999999999999524e-01 0.000000000000000000e+00
1.582316294561461926e+09 5.584999999999999964e-01 0.000000000000000000e+00
1.582316294657636881e+09 5.588999999999999524e-01 0.000000000000000000e+00
1.582316294760664940e+09 5.590000000000000524e-01 0.000000000000000000e+00
1.582316294860610008e+09 5.587999999999999634e-01 0.000000000000000000e+00
1.582316294970232964e+09 5.588999999999999524e-01 0.000000000000000000e+00
1.582316295073396921e+09 5.588999999999999524e-01 0.000000000000000000e+00
1.582316295173489094e+09 5.586999999999999744e-01 0.000000000000000000e+00
1.582316295267465115e+09 5.587999999999999634e-01 0.000000000000000000e+00
1.582316295372523069e+09 5.585999999999999854e-01 0.000000000000000000e+00
1.582316295471483946e+09 5.584000000000000075e-01 0.000000000000000000e+00
1.582316295571397066e+09 5.585999999999999854e-01 0.000000000000000000e+00
1.582316295667399883e+09 5.587999999999999634e-01 0.000000000000000000e+00
1.582316295784252882e+09 5.588999999999999524e-01 0.000000000000000000e+00
1.582316295884330034e+09 5.586999999999999744e-01 0.000000000000000000e+00
1.582316295983557940e+09 5.587999999999999634e-01 0.000000000000000000e+00
1.582316296083228111e+09 5.585999999999999854e-01 0.000000000000000000e+00
1.582316296177335978e+09 5.585999999999999854e-01 0.000000000000000000e+00
1.582316296280455112e+09 5.585999999999999854e-01 0.000000000000000000e+00
1.582316296381270885e+09 5.585999999999999854e-01 0.000000000000000000e+00
1.582316296481249094e+09 5.587999999999999634e-01 0.000000000000000000e+00
1.582316296576864958e+09 5.588999999999999524e-01 0.000000000000000000e+00
1.582316296675509930e+09 5.586999999999999744e-01 0.000000000000000000e+00
1.582316296791883945e+09 5.586999999999999744e-01 0.000000000000000000e+00
1.582316296890559912e+09 5.586999999999999744e-01 0.000000000000000000e+00
1.582316296991403103e+09 5.586999999999999744e-01 0.000000000000000000e+00
1.582316297091155052e+09 5.586999999999999744e-01 0.000000000000000000e+00
1.582316297187259912e+09 5.585999999999999854e-01 0.000000000000000000e+00
1.582316297290857077e+09 5.587999999999999634e-01 0.000000000000000000e+00
1.582316297390460968e+09 5.586999999999999744e-01 0.000000000000000000e+00
1.582316297490191936e+09 5.585999999999999854e-01 0.000000000000000000e+00
1.582316297604180098e+09 5.585999999999999854e-01 0.000000000000000000e+00
1.582316297704219103e+09 5.586999999999999744e-01 0.000000000000000000e+00
1.582316297798702002e+09 5.585999999999999854e-01 0.000000000000000000e+00
1.582316297903362036e+09 5.585999999999999854e-01 0.000000000000000000e+00
1.582316298003269911e+09 5.584999999999999964e-01 0.000000000000000000e+00
1.582316298101954937e+09 5.584999999999999964e-01 0.000000000000000000e+00
1.582316298201493025e+09 5.586999999999999744e-01 0.000000000000000000e+00
1.582316298301115036e+09 5.586999999999999744e-01 0.000000000000000000e+00
1.582316298410968065e+09 5.587999999999999634e-01 0.000000000000000000e+00
1.582316298511960983e+09 5.585999999999999854e-01 0.000000000000000000e+00
1.582316298609226942e+09 5.587999999999999634e-01 0.000000000000000000e+00
1.582316298708151102e+09 5.588999999999999524e-01 0.000000000000000000e+00
1.582316298813354969e+09 5.587999999999999634e-01 0.000000000000000000e+00
1.582316298913173914e+09 5.586999999999999744e-01 0.000000000000000000e+00
1.582316299011950016e+09 5.585999999999999854e-01 0.000000000000000000e+00
1.582316299112041950e+09 5.586999999999999744e-01 0.000000000000000000e+00
1.582316299225061893e+09 5.585999999999999854e-01 0.000000000000000000e+00
1.582316299322135925e+09 5.585999999999999854e-01 0.000000000000000000e+00
1.582316299423963070e+09 5.585999999999999854e-01 0.000000000000000000e+00
1.582316299523880959e+09 5.585999999999999854e-01 0.000000000000000000e+00
1.582316299618655920e+09 5.587999999999999634e-01 0.000000000000000000e+00
1.582316299718234062e+09 5.587999999999999634e-01 0.000000000000000000e+00
1.582316299822988987e+09 5.587999999999999634e-01 0.000000000000000000e+00
1.582316299917001963e+09 5.586999999999999744e-01 0.000000000000000000e+00
1.582316300021281958e+09 5.587999999999999634e-01 0.000000000000000000e+00
1.582316300117268085e+09 5.588999999999999524e-01 0.000000000000000000e+00
1.582316300230854988e+09 5.588999999999999524e-01 0.000000000000000000e+00
1.582316300333389044e+09 5.587999999999999634e-01 0.000000000000000000e+00
1.582316300433180094e+09 5.587999999999999634e-01 0.000000000000000000e+00
1.582316300528727055e+09 5.586999999999999744e-01 0.000000000000000000e+00
1.582316300632548094e+09 5.588999999999999524e-01 0.000000000000000000e+00
1.582316300732471943e+09 5.587999999999999634e-01 0.000000000000000000e+00
1.582316300831914902e+09 5.590000000000000524e-01 0.000000000000000000e+00
1.582316300931102991e+09 5.590000000000000524e-01 0.000000000000000000e+00
1.582316301045902014e+09 5.591000000000000414e-01 0.000000000000000000e+00
1.582316301140836954e+09 5.591000000000000414e-01 0.000000000000000000e+00
1.582316301244981050e+09 5.590000000000000524e-01 0.000000000000000000e+00
1.582316301343940020e+09 5.592000000000000304e-01 0.000000000000000000e+00
1.582316301443856955e+09 5.592000000000000304e-01 0.000000000000000000e+00
1.582316301542926073e+09 5.593000000000000194e-01 0.000000000000000000e+00
1.582316301642874002e+09 5.593000000000000194e-01 0.000000000000000000e+00
1.582316301741849899e+09 5.594000000000000083e-01 0.000000000000000000e+00
1.582316301841223001e+09 5.591000000000000414e-01 0.000000000000000000e+00
1.582316301955739021e+09 5.592000000000000304e-01 0.000000000000000000e+00
1.582316302052238941e+09 5.592000000000000304e-01 0.000000000000000000e+00
1.582316302154700041e+09 5.592000000000000304e-01 0.000000000000000000e+00
1.582316302253722906e+09 5.594000000000000083e-01 0.000000000000000000e+00
1.582316302349649906e+09 5.594000000000000083e-01 0.000000000000000000e+00
1.582316302452744007e+09 5.592000000000000304e-01 0.000000000000000000e+00
1.582316302552702904e+09 5.594999999999999973e-01 0.000000000000000000e+00
1.582316302646770954e+09 5.591000000000000414e-01 0.000000000000000000e+00
1.582316302751949072e+09 5.591000000000000414e-01 0.000000000000000000e+00
1.582316302860632896e+09 5.593000000000000194e-01 0.000000000000000000e+00
1.582316302961591959e+09 5.591000000000000414e-01 0.000000000000000000e+00
1.582316303060214996e+09 5.593000000000000194e-01 0.000000000000000000e+00
1.582316303159975052e+09 5.588999999999999524e-01 0.000000000000000000e+00
1.582316303258889914e+09 5.592000000000000304e-01 0.000000000000000000e+00
1.582316303359513044e+09 5.590000000000000524e-01 0.000000000000000000e+00
1.582316303459278107e+09 5.591000000000000414e-01 0.000000000000000000e+00
1.582316303558928967e+09 5.588999999999999524e-01 0.000000000000000000e+00
1.582316303658996105e+09 5.590000000000000524e-01 0.000000000000000000e+00
1.582316303758572102e+09 5.588999999999999524e-01 0.000000000000000000e+00
1.582316303869666100e+09 5.591000000000000414e-01 0.000000000000000000e+00
1.582316303974889040e+09 5.587999999999999634e-01 0.000000000000000000e+00
1.582316304073638916e+09 5.588999999999999524e-01 0.000000000000000000e+00
1.582316304173458099e+09 5.587999999999999634e-01 0.000000000000000000e+00
1.582316304272816896e+09 5.590000000000000524e-01 0.000000000000000000e+00
1.582316304372720003e+09 5.588999999999999524e-01 0.000000000000000000e+00
1.582316304472505093e+09 5.587999999999999634e-01 0.000000000000000000e+00
1.582316304568072081e+09 5.587999999999999634e-01 0.000000000000000000e+00
1.582316304685550928e+09 5.587999999999999634e-01 0.000000000000000000e+00
1.582316304784635067e+09 5.586999999999999744e-01 0.000000000000000000e+00
1.582316304881918907e+09 5.587999999999999634e-01 0.000000000000000000e+00
1.582316304984515905e+09 5.588999999999999524e-01 0.000000000000000000e+00
1.582316305083441019e+09 5.588999999999999524e-01 0.000000000000000000e+00
1.582316305179285049e+09 5.587999999999999634e-01 0.000000000000000000e+00
1.582316305282461882e+09 5.591000000000000414e-01 0.000000000000000000e+00
1.582316305382484913e+09 5.591000000000000414e-01 0.000000000000000000e+00
1.582316305476394892e+09 5.586999999999999744e-01 0.000000000000000000e+00
1.582316305595495939e+09 5.587999999999999634e-01 0.000000000000000000e+00
1.582316305695434093e+09 5.587999999999999634e-01 0.000000000000000000e+00
1.582316305790344954e+09 5.588999999999999524e-01 0.000000000000000000e+00
1.582316305893505096e+09 5.587999999999999634e-01 0.000000000000000000e+00
1.582316305993403912e+09 5.586999999999999744e-01 0.000000000000000000e+00
1.582316306088502884e+09 5.588999999999999524e-01 0.000000000000000000e+00
1.582316306192459106e+09 5.587999999999999634e-01 0.000000000000000000e+00
1.582316306292306900e+09 5.586999999999999744e-01 0.000000000000000000e+00
1.582316306386423111e+09 5.586999999999999744e-01 0.000000000000000000e+00
1.582316306488575935e+09 5.586999999999999744e-01 0.000000000000000000e+00
1.582316306601759911e+09 5.588999999999999524e-01 0.000000000000000000e+00
1.582316306699393988e+09 5.587999999999999634e-01 0.000000000000000000e+00
1.582316306801311970e+09 5.587999999999999634e-01 0.000000000000000000e+00
1.582316306901065111e+09 5.588999999999999524e-01 0.000000000000000000e+00
1.582316307000724077e+09 5.590000000000000524e-01 0.000000000000000000e+00
1.582316307100724936e+09 5.586999999999999744e-01 0.000000000000000000e+00
1.582316307200325012e+09 5.587999999999999634e-01 0.000000000000000000e+00
1.582316307300077915e+09 5.587999999999999634e-01 0.000000000000000000e+00
1.582316307415318012e+09 5.587999999999999634e-01 0.000000000000000000e+00
1.582316307511672974e+09 5.586999999999999744e-01 0.000000000000000000e+00
1.582316307609338999e+09 5.587999999999999634e-01 0.000000000000000000e+00
1.582316307714446068e+09 5.590000000000000524e-01 0.000000000000000000e+00
1.582316307813174963e+09 5.588999999999999524e-01 0.000000000000000000e+00
1.582316307913223028e+09 5.590000000000000524e-01 0.000000000000000000e+00
1.582316308011899948e+09 5.588999999999999524e-01 0.000000000000000000e+00
1.582316308112226009e+09 5.590000000000000524e-01 0.000000000000000000e+00
1.582316308221256971e+09 5.588999999999999524e-01 0.000000000000000000e+00
1.582316308325220108e+09 5.588999999999999524e-01 0.000000000000000000e+00
1.582316308425200939e+09 5.587999999999999634e-01 0.000000000000000000e+00
1.582316308519139051e+09 5.588999999999999524e-01 0.000000000000000000e+00
1.582316308624188900e+09 5.586999999999999744e-01 0.000000000000000000e+00
1.582316308723135948e+09 5.587999999999999634e-01 0.000000000000000000e+00
1.582316308823102951e+09 5.588999999999999524e-01 0.000000000000000000e+00
1.582316308920346022e+09 5.590000000000000524e-01 0.000000000000000000e+00
1.582316309022109032e+09 5.588999999999999524e-01 0.000000000000000000e+00
1.582316309121157885e+09 5.585999999999999854e-01 0.000000000000000000e+00
1.582316309234366894e+09 5.587999999999999634e-01 0.000000000000000000e+00
1.582316309335062027e+09 5.590000000000000524e-01 0.000000000000000000e+00
1.582316309433976889e+09 5.590000000000000524e-01 0.000000000000000000e+00
1.582316309531088114e+09 5.590000000000000524e-01 0.000000000000000000e+00
1.582316309632987976e+09 5.586999999999999744e-01 0.000000000000000000e+00
1.582316309733055115e+09 5.586999999999999744e-01 0.000000000000000000e+00
1.582316309830497980e+09 5.587999999999999634e-01 0.000000000000000000e+00
1.582316309927135944e+09 5.586999999999999744e-01 0.000000000000000000e+00
1.582316310042217016e+09 5.587999999999999634e-01 0.000000000000000000e+00
1.582316310144988060e+09 5.588999999999999524e-01 0.000000000000000000e+00
1.582316310243056059e+09 5.590000000000000524e-01 0.000000000000000000e+00
1.582316310341088057e+09 5.590000000000000524e-01 0.000000000000000000e+00
1.582316310442589045e+09 5.586999999999999744e-01 0.000000000000000000e+00
1.582316310539552927e+09 5.586999999999999744e-01 0.000000000000000000e+00
1.582316310642252922e+09 5.587999999999999634e-01 0.000000000000000000e+00
1.582316310741005898e+09 5.586999999999999744e-01 0.000000000000000000e+00
1.582316310839037895e+09 5.585999999999999854e-01 0.000000000000000000e+00
1.582316310952577114e+09 5.587999999999999634e-01 0.000000000000000000e+00
1.582316311054910898e+09 5.588999999999999524e-01 0.000000000000000000e+00
1.582316311150891066e+09 5.587999999999999634e-01 0.000000000000000000e+00
1.582316311253901958e+09 5.587999999999999634e-01 0.000000000000000000e+00
1.582316311350929976e+09 5.587999999999999634e-01 0.000000000000000000e+00
1.582316311451220036e+09 5.588999999999999524e-01 0.000000000000000000e+00
1.582316311552954912e+09 5.585999999999999854e-01 0.000000000000000000e+00
1.582316311648972034e+09 5.584000000000000075e-01 0.000000000000000000e+00
1.582316311751900911e+09 5.587999999999999634e-01 0.000000000000000000e+00
1.582316311864325047e+09 5.588999999999999524e-01 0.000000000000000000e+00
1.582316311961014032e+09 5.586999999999999744e-01 0.000000000000000000e+00
1.582316312064614058e+09 5.588999999999999524e-01 0.000000000000000000e+00
1.582316312160840034e+09 5.588999999999999524e-01 0.000000000000000000e+00
1.582316312263221025e+09 5.590000000000000524e-01 0.000000000000000000e+00
1.582316312362842083e+09 5.588999999999999524e-01 0.000000000000000000e+00
1.582316312462785006e+09 5.588999999999999524e-01 0.000000000000000000e+00
1.582316312559475899e+09 5.586999999999999744e-01 0.000000000000000000e+00
1.582316312661737919e+09 5.588999999999999524e-01 0.000000000000000000e+00
1.582316312770529032e+09 5.587999999999999634e-01 0.000000000000000000e+00
1.582316312872672081e+09 5.588999999999999524e-01 0.000000000000000000e+00
1.582316312969883919e+09 5.587999999999999634e-01 0.000000000000000000e+00
1.582316313070060015e+09 5.588999999999999524e-01 0.000000000000000000e+00
1.582316313168360949e+09 5.587999999999999634e-01 0.000000000000000000e+00
1.582316313269783020e+09 5.586999999999999744e-01 0.000000000000000000e+00
1.582316313368926048e+09 5.585999999999999854e-01 0.000000000000000000e+00
1.582316313468728065e+09 5.586999999999999744e-01 0.000000000000000000e+00
1.582316313567147970e+09 5.587999999999999634e-01 0.000000000000000000e+00
1.582316313684842110e+09 5.587999999999999634e-01 0.000000000000000000e+00
1.582316313782705069e+09 5.585999999999999854e-01 0.000000000000000000e+00
1.582316313882858992e+09 5.590000000000000524e-01 0.000000000000000000e+00
1.582316313982994080e+09 5.586999999999999744e-01 0.000000000000000000e+00
1.582316314078732014e+09 5.586999999999999744e-01 0.000000000000000000e+00
1.582316314179572105e+09 5.586999999999999744e-01 0.000000000000000000e+00
1.582316314282428026e+09 5.588999999999999524e-01 0.000000000000000000e+00
1.582316314382637024e+09 5.587999999999999634e-01 0.000000000000000000e+00
1.582316314493822098e+09 5.587999999999999634e-01 0.000000000000000000e+00
1.582316314593004942e+09 5.587999999999999634e-01 0.000000000000000000e+00
1.582316314695499897e+09 5.586999999999999744e-01 0.000000000000000000e+00
1.582316314792889118e+09 5.590000000000000524e-01 0.000000000000000000e+00
1.582316314894507885e+09 5.587999999999999634e-01 0.000000000000000000e+00
1.582316314988898993e+09 5.587999999999999634e-01 0.000000000000000000e+00
1.582316315090924025e+09 5.588999999999999524e-01 0.000000000000000000e+00
1.582316315188749075e+09 5.587999999999999634e-01 0.000000000000000000e+00
1.582316315290879011e+09 5.587999999999999634e-01 0.000000000000000000e+00
1.582316315402214050e+09 5.588999999999999524e-01 0.000000000000000000e+00
1.582316315503082991e+09 5.587999999999999634e-01 0.000000000000000000e+00
1.582316315602860928e+09 5.587999999999999634e-01 0.000000000000000000e+00
1.582316315700889111e+09 5.586999999999999744e-01 0.000000000000000000e+00
1.582316315804478884e+09 5.588999999999999524e-01 0.000000000000000000e+00
1.582316315902676105e+09 5.586999999999999744e-01 0.000000000000000000e+00
1.582316316003566027e+09 5.586999999999999744e-01 0.000000000000000000e+00
1.582316316100764990e+09 5.587999999999999634e-01 0.000000000000000000e+00
1.582316316196991920e+09 5.586999999999999744e-01 0.000000000000000000e+00
1.582316316301209927e+09 5.588999999999999524e-01 0.000000000000000000e+00
1.582316316411556959e+09 5.587999999999999634e-01 0.000000000000000000e+00
1.582316316513293028e+09 5.587999999999999634e-01 0.000000000000000000e+00
1.582316316610688925e+09 5.586999999999999744e-01 0.000000000000000000e+00
1.582316316710958958e+09 5.587999999999999634e-01 0.000000000000000000e+00
1.582316316810301065e+09 5.588999999999999524e-01 0.000000000000000000e+00
1.582316316910645008e+09 5.586999999999999744e-01 0.000000000000000000e+00
1.582316317011313915e+09 5.586999999999999744e-01 0.000000000000000000e+00
1.582316317107497931e+09 5.588999999999999524e-01 0.000000000000000000e+00
1.582316317224740028e+09 5.588999999999999524e-01 0.000000000000000000e+00
1.582316317320794106e+09 5.587999999999999634e-01 0.000000000000000000e+00
1.582316317424804926e+09 5.586999999999999744e-01 0.000000000000000000e+00
1.582316317520920038e+09 5.588999999999999524e-01 0.000000000000000000e+00
1.582316317624444962e+09 5.585999999999999854e-01 0.000000000000000000e+00
1.582316317720745087e+09 5.587999999999999634e-01 0.000000000000000000e+00
1.582316317818938017e+09 5.586999999999999744e-01 0.000000000000000000e+00
1.582316317922873020e+09 5.587999999999999634e-01 0.000000000000000000e+00
1.582316318036293030e+09 5.588999999999999524e-01 0.000000000000000000e+00
1.582316318131531000e+09 5.587999999999999634e-01 0.000000000000000000e+00
