# 
# Duration (in s): 60
# Pointing Position of the Horn: Calibrator paddle
# Angle pointing (from vertical): 60.15
# Calibrator used: YES
# Weather: very clear
# Units: tenth microWatt
# Comments: sky dip 60
1.582317059306865931e+09 5.632000000000000339e-01 0.000000000000000000e+00
1.582317059426628113e+09 5.634000000000000119e-01 0.000000000000000000e+00
1.582317059520924091e+09 5.632000000000000339e-01 0.000000000000000000e+00
1.582317059624672890e+09 5.633000000000000229e-01 0.000000000000000000e+00
1.582317059724565983e+09 5.631000000000000449e-01 0.000000000000000000e+00
1.582317059819566011e+09 5.629999999999999449e-01 0.000000000000000000e+00
1.582317059919261932e+09 5.635000000000000009e-01 0.000000000000000000e+00
1.582317060019368887e+09 5.634000000000000119e-01 0.000000000000000000e+00
1.582317060122629881e+09 5.634000000000000119e-01 0.000000000000000000e+00
1.582317060218760014e+09 5.631000000000000449e-01 0.000000000000000000e+00
1.582317060333333969e+09 5.632000000000000339e-01 0.000000000000000000e+00
1.582317060433093071e+09 5.632000000000000339e-01 0.000000000000000000e+00
1.582317060532515049e+09 5.633000000000000229e-01 0.000000000000000000e+00
1.582317060632488966e+09 5.632000000000000339e-01 0.000000000000000000e+00
1.582317060732283115e+09 5.632000000000000339e-01 0.000000000000000000e+00
1.582317060831921101e+09 5.633000000000000229e-01 0.000000000000000000e+00
1.582317060931901932e+09 5.635000000000000009e-01 0.000000000000000000e+00
1.582317061031682014e+09 5.632000000000000339e-01 0.000000000000000000e+00
1.582317061131298065e+09 5.632000000000000339e-01 0.000000000000000000e+00
1.582317061246608973e+09 5.631000000000000449e-01 0.000000000000000000e+00
1.582317061345590115e+09 5.633000000000000229e-01 0.000000000000000000e+00
1.582317061440459013e+09 5.632000000000000339e-01 0.000000000000000000e+00
1.582317061544514894e+09 5.631000000000000449e-01 0.000000000000000000e+00
1.582317061644668102e+09 5.632000000000000339e-01 0.000000000000000000e+00
1.582317061738866091e+09 5.632000000000000339e-01 0.000000000000000000e+00
1.582317061843513012e+09 5.633000000000000229e-01 0.000000000000000000e+00
1.582317061942882061e+09 5.633000000000000229e-01 0.000000000000000000e+00
1.582317062056713104e+09 5.632000000000000339e-01 0.000000000000000000e+00
1.582317062156519890e+09 5.634000000000000119e-01 0.000000000000000000e+00
1.582317062255466938e+09 5.635000000000000009e-01 0.000000000000000000e+00
1.582317062355503082e+09 5.632000000000000339e-01 0.000000000000000000e+00
1.582317062454442978e+09 5.634000000000000119e-01 0.000000000000000000e+00
1.582317062554435015e+09 5.632000000000000339e-01 0.000000000000000000e+00
1.582317062653490067e+09 5.636999999999999789e-01 0.000000000000000000e+00
1.582317062753510952e+09 5.635999999999999899e-01 0.000000000000000000e+00
1.582317062852204084e+09 5.636999999999999789e-01 0.000000000000000000e+00
1.582317062952389956e+09 5.634000000000000119e-01 0.000000000000000000e+00
1.582317063066241980e+09 5.634000000000000119e-01 0.000000000000000000e+00
1.582317063165292978e+09 5.635000000000000009e-01 0.000000000000000000e+00
1.582317063265347004e+09 5.631000000000000449e-01 0.000000000000000000e+00
1.582317063364387035e+09 5.633000000000000229e-01 0.000000000000000000e+00
1.582317063461210966e+09 5.632000000000000339e-01 0.000000000000000000e+00
1.582317063558818102e+09 5.633000000000000229e-01 0.000000000000000000e+00
1.582317063658711910e+09 5.634000000000000119e-01 0.000000000000000000e+00
1.582317063762393951e+09 5.629999999999999449e-01 0.000000000000000000e+00
1.582317063874867916e+09 5.631000000000000449e-01 0.000000000000000000e+00
1.582317063974632025e+09 5.631000000000000449e-01 0.000000000000000000e+00
1.582317064074399948e+09 5.631000000000000449e-01 0.000000000000000000e+00
1.582317064170278072e+09 5.634000000000000119e-01 0.000000000000000000e+00
1.582317064273823023e+09 5.633000000000000229e-01 0.000000000000000000e+00
1.582317064373613119e+09 5.632000000000000339e-01 0.000000000000000000e+00
1.582317064473454952e+09 5.632000000000000339e-01 0.000000000000000000e+00
1.582317064573209047e+09 5.632000000000000339e-01 0.000000000000000000e+00
1.582317064687263012e+09 5.632000000000000339e-01 0.000000000000000000e+00
1.582317064786242008e+09 5.631000000000000449e-01 0.000000000000000000e+00
1.582317064886163950e+09 5.632000000000000339e-01 0.000000000000000000e+00
1.582317064986423969e+09 5.634000000000000119e-01 0.000000000000000000e+00
1.582317065080780983e+09 5.632000000000000339e-01 0.000000000000000000e+00
1.582317065185188055e+09 5.632000000000000339e-01 0.000000000000000000e+00
1.582317065284249067e+09 5.633000000000000229e-01 0.000000000000000000e+00
1.582317065384258986e+09 5.632000000000000339e-01 0.000000000000000000e+00
1.582317065483222961e+09 5.634000000000000119e-01 0.000000000000000000e+00
1.582317065579806089e+09 5.633000000000000229e-01 0.000000000000000000e+00
1.582317065696105003e+09 5.634000000000000119e-01 0.000000000000000000e+00
1.582317065796094894e+09 5.631000000000000449e-01 0.000000000000000000e+00
1.582317065892916918e+09 5.633000000000000229e-01 0.000000000000000000e+00
1.582317065994894028e+09 5.631000000000000449e-01 0.000000000000000000e+00
1.582317066090423107e+09 5.632000000000000339e-01 0.000000000000000000e+00
1.582317066194024086e+09 5.633000000000000229e-01 0.000000000000000000e+00
1.582317066293987989e+09 5.632000000000000339e-01 0.000000000000000000e+00
1.582317066392901897e+09 5.633000000000000229e-01 0.000000000000000000e+00
1.582317066503725052e+09 5.631000000000000449e-01 0.000000000000000000e+00
1.582317066603373051e+09 5.632000000000000339e-01 0.000000000000000000e+00
1.582317066701455116e+09 5.633000000000000229e-01 0.000000000000000000e+00
1.582317066801126003e+09 5.633000000000000229e-01 0.000000000000000000e+00
1.582317066900890112e+09 5.631000000000000449e-01 0.000000000000000000e+00
1.582317067000602007e+09 5.632000000000000339e-01 0.000000000000000000e+00
1.582317067100033998e+09 5.631000000000000449e-01 0.000000000000000000e+00
1.582317067200280905e+09 5.632000000000000339e-01 0.000000000000000000e+00
1.582317067299999952e+09 5.633000000000000229e-01 0.000000000000000000e+00
1.582317067399662018e+09 5.633000000000000229e-01 0.000000000000000000e+00
1.582317067516196966e+09 5.634000000000000119e-01 0.000000000000000000e+00
1.582317067614995003e+09 5.633000000000000229e-01 0.000000000000000000e+00
1.582317067715550900e+09 5.633000000000000229e-01 0.000000000000000000e+00
1.582317067814874887e+09 5.631000000000000449e-01 0.000000000000000000e+00
1.582317067914952040e+09 5.631000000000000449e-01 0.000000000000000000e+00
1.582317068013904095e+09 5.631000000000000449e-01 0.000000000000000000e+00
1.582317068113966942e+09 5.631000000000000449e-01 0.000000000000000000e+00
1.582317068209532976e+09 5.633000000000000229e-01 0.000000000000000000e+00
1.582317068327037096e+09 5.632000000000000339e-01 0.000000000000000000e+00
1.582317068426923990e+09 5.634000000000000119e-01 0.000000000000000000e+00
1.582317068522257090e+09 5.633000000000000229e-01 0.000000000000000000e+00
1.582317068625874043e+09 5.632000000000000339e-01 0.000000000000000000e+00
1.582317068724921942e+09 5.633000000000000229e-01 0.000000000000000000e+00
1.582317068824847937e+09 5.628999999999999559e-01 0.000000000000000000e+00
1.582317068923716068e+09 5.632000000000000339e-01 0.000000000000000000e+00
1.582317069023709059e+09 5.632000000000000339e-01 0.000000000000000000e+00
1.582317069137820005e+09 5.635999999999999899e-01 0.000000000000000000e+00
1.582317069236624002e+09 5.634000000000000119e-01 0.000000000000000000e+00
1.582317069336590052e+09 5.635999999999999899e-01 0.000000000000000000e+00
1.582317069431359053e+09 5.634000000000000119e-01 0.000000000000000000e+00
1.582317069535629988e+09 5.633000000000000229e-01 0.000000000000000000e+00
1.582317069629777908e+09 5.633000000000000229e-01 0.000000000000000000e+00
1.582317069735022068e+09 5.632000000000000339e-01 0.000000000000000000e+00
1.582317069829458952e+09 5.629999999999999449e-01 0.000000000000000000e+00
1.582317069933727026e+09 5.631000000000000449e-01 0.000000000000000000e+00
1.582317070032810926e+09 5.632000000000000339e-01 0.000000000000000000e+00
1.582317070143198013e+09 5.632000000000000339e-01 0.000000000000000000e+00
1.582317070242964029e+09 5.632000000000000339e-01 0.000000000000000000e+00
1.582317070345617056e+09 5.632000000000000339e-01 0.000000000000000000e+00
1.582317070445601940e+09 5.631000000000000449e-01 0.000000000000000000e+00
1.582317070542258978e+09 5.631000000000000449e-01 0.000000000000000000e+00
1.582317070641989946e+09 5.632000000000000339e-01 0.000000000000000000e+00
1.582317070741749048e+09 5.632000000000000339e-01 0.000000000000000000e+00
1.582317070843641043e+09 5.633000000000000229e-01 0.000000000000000000e+00
1.582317070957860947e+09 5.633000000000000229e-01 0.000000000000000000e+00
1.582317071056572914e+09 5.632000000000000339e-01 0.000000000000000000e+00
1.582317071156635046e+09 5.631000000000000449e-01 0.000000000000000000e+00
1.582317071255563974e+09 5.629999999999999449e-01 0.000000000000000000e+00
1.582317071355680943e+09 5.632000000000000339e-01 0.000000000000000000e+00
1.582317071454694986e+09 5.631000000000000449e-01 0.000000000000000000e+00
1.582317071551827908e+09 5.632000000000000339e-01 0.000000000000000000e+00
1.582317071654654026e+09 5.633000000000000229e-01 0.000000000000000000e+00
1.582317071767477989e+09 5.632000000000000339e-01 0.000000000000000000e+00
1.582317071867497921e+09 5.632000000000000339e-01 0.000000000000000000e+00
1.582317071967456102e+09 5.633000000000000229e-01 0.000000000000000000e+00
1.582317072066418886e+09 5.633000000000000229e-01 0.000000000000000000e+00
1.582317072165558100e+09 5.633000000000000229e-01 0.000000000000000000e+00
1.582317072265497923e+09 5.632000000000000339e-01 0.000000000000000000e+00
1.582317072365392923e+09 5.629999999999999449e-01 0.000000000000000000e+00
1.582317072464653015e+09 5.633000000000000229e-01 0.000000000000000000e+00
1.582317072564398050e+09 5.633000000000000229e-01 0.000000000000000000e+00
1.582317072658884048e+09 5.633000000000000229e-01 0.000000000000000000e+00
1.582317072775331974e+09 5.633000000000000229e-01 0.000000000000000000e+00
1.582317072876487017e+09 5.632000000000000339e-01 0.000000000000000000e+00
1.582317072976434946e+09 5.631000000000000449e-01 0.000000000000000000e+00
1.582317073076378107e+09 5.633000000000000229e-01 0.000000000000000000e+00
1.582317073175455093e+09 5.631000000000000449e-01 0.000000000000000000e+00
1.582317073275372028e+09 5.632000000000000339e-01 0.000000000000000000e+00
1.582317073374454975e+09 5.632000000000000339e-01 0.000000000000000000e+00
1.582317073474486113e+09 5.634000000000000119e-01 0.000000000000000000e+00
1.582317073583410978e+09 5.631000000000000449e-01 0.000000000000000000e+00
1.582317073684712887e+09 5.631000000000000449e-01 0.000000000000000000e+00
1.582317073784473896e+09 5.633000000000000229e-01 0.000000000000000000e+00
1.582317073884243965e+09 5.629999999999999449e-01 0.000000000000000000e+00
1.582317073986042976e+09 5.633000000000000229e-01 0.000000000000000000e+00
1.582317074083770037e+09 5.629999999999999449e-01 0.000000000000000000e+00
1.582317074183536053e+09 5.632000000000000339e-01 0.000000000000000000e+00
1.582317074283305883e+09 5.633000000000000229e-01 0.000000000000000000e+00
1.582317074398432016e+09 5.631000000000000449e-01 0.000000000000000000e+00
1.582317074498399019e+09 5.632000000000000339e-01 0.000000000000000000e+00
1.582317074597383022e+09 5.631000000000000449e-01 0.000000000000000000e+00
1.582317074697175980e+09 5.629999999999999449e-01 0.000000000000000000e+00
1.582317074796335936e+09 5.631000000000000449e-01 0.000000000000000000e+00
1.582317074894431114e+09 5.628999999999999559e-01 0.000000000000000000e+00
1.582317074995280027e+09 5.629999999999999449e-01 0.000000000000000000e+00
1.582317075095057011e+09 5.629999999999999449e-01 0.000000000000000000e+00
1.582317075194319963e+09 5.631000000000000449e-01 0.000000000000000000e+00
1.582317075294181108e+09 5.631000000000000449e-01 0.000000000000000000e+00
1.582317075408204079e+09 5.631000000000000449e-01 0.000000000000000000e+00
1.582317075507312059e+09 5.632000000000000339e-01 0.000000000000000000e+00
1.582317075607147932e+09 5.629999999999999449e-01 0.000000000000000000e+00
1.582317075707386971e+09 5.631000000000000449e-01 0.000000000000000000e+00
1.582317075806107998e+09 5.631000000000000449e-01 0.000000000000000000e+00
1.582317075905262947e+09 5.631000000000000449e-01 0.000000000000000000e+00
1.582317076005002022e+09 5.632000000000000339e-01 0.000000000000000000e+00
1.582317076103579044e+09 5.635000000000000009e-01 0.000000000000000000e+00
1.582317076204212904e+09 5.632000000000000339e-01 0.000000000000000000e+00
1.582317076318357944e+09 5.633000000000000229e-01 0.000000000000000000e+00
1.582317076417102098e+09 5.631000000000000449e-01 0.000000000000000000e+00
1.582317076516922951e+09 5.631000000000000449e-01 0.000000000000000000e+00
1.582317076616240978e+09 5.631000000000000449e-01 0.000000000000000000e+00
1.582317076716294050e+09 5.632000000000000339e-01 0.000000000000000000e+00
1.582317076816317081e+09 5.633000000000000229e-01 0.000000000000000000e+00
1.582317076910337925e+09 5.635000000000000009e-01 0.000000000000000000e+00
1.582317077010108948e+09 5.632000000000000339e-01 0.000000000000000000e+00
1.582317077126491070e+09 5.632000000000000339e-01 0.000000000000000000e+00
1.582317077226378918e+09 5.631000000000000449e-01 0.000000000000000000e+00
1.582317077326028109e+09 5.631000000000000449e-01 0.000000000000000000e+00
1.582317077425796032e+09 5.632000000000000339e-01 0.000000000000000000e+00
1.582317077525541067e+09 5.634000000000000119e-01 0.000000000000000000e+00
1.582317077625329971e+09 5.632000000000000339e-01 0.000000000000000000e+00
1.582317077725071907e+09 5.632000000000000339e-01 0.000000000000000000e+00
1.582317077824830055e+09 5.633000000000000229e-01 0.000000000000000000e+00
1.582317077924586058e+09 5.631000000000000449e-01 0.000000000000000000e+00
1.582317078038047075e+09 5.631000000000000449e-01 0.000000000000000000e+00
1.582317078137995005e+09 5.632000000000000339e-01 0.000000000000000000e+00
1.582317078236977100e+09 5.632000000000000339e-01 0.000000000000000000e+00
1.582317078336920023e+09 5.632000000000000339e-01 0.000000000000000000e+00
1.582317078436908960e+09 5.632000000000000339e-01 0.000000000000000000e+00
1.582317078535939932e+09 5.634000000000000119e-01 0.000000000000000000e+00
1.582317078635771036e+09 5.633000000000000229e-01 0.000000000000000000e+00
1.582317078734996080e+09 5.632000000000000339e-01 0.000000000000000000e+00
1.582317078848882914e+09 5.631000000000000449e-01 0.000000000000000000e+00
1.582317078947886944e+09 5.633000000000000229e-01 0.000000000000000000e+00
1.582317079047812939e+09 5.632000000000000339e-01 0.000000000000000000e+00
1.582317079147885084e+09 5.632000000000000339e-01 0.000000000000000000e+00
1.582317079247015953e+09 5.634000000000000119e-01 0.000000000000000000e+00
1.582317079347027063e+09 5.632000000000000339e-01 0.000000000000000000e+00
1.582317079445866108e+09 5.632000000000000339e-01 0.000000000000000000e+00
1.582317079545785904e+09 5.628999999999999559e-01 0.000000000000000000e+00
1.582317079660074949e+09 5.633000000000000229e-01 0.000000000000000000e+00
1.582317079758841038e+09 5.633000000000000229e-01 0.000000000000000000e+00
1.582317079858772993e+09 5.633000000000000229e-01 0.000000000000000000e+00
1.582317079953069925e+09 5.632000000000000339e-01 0.000000000000000000e+00
1.582317080052838087e+09 5.633000000000000229e-01 0.000000000000000000e+00
1.582317080156817913e+09 5.632000000000000339e-01 0.000000000000000000e+00
1.582317080256757975e+09 5.633000000000000229e-01 0.000000000000000000e+00
1.582317080352116108e+09 5.632000000000000339e-01 0.000000000000000000e+00
1.582317080451886892e+09 5.633000000000000229e-01 0.000000000000000000e+00
1.582317080551656008e+09 5.633000000000000229e-01 0.000000000000000000e+00
1.582317080668051004e+09 5.634000000000000119e-01 0.000000000000000000e+00
1.582317080767781973e+09 5.634000000000000119e-01 0.000000000000000000e+00
1.582317080867539883e+09 5.633000000000000229e-01 0.000000000000000000e+00
1.582317080967308044e+09 5.633000000000000229e-01 0.000000000000000000e+00
1.582317081066703081e+09 5.634000000000000119e-01 0.000000000000000000e+00
1.582317081166754007e+09 5.632000000000000339e-01 0.000000000000000000e+00
1.582317081265661955e+09 5.631000000000000449e-01 0.000000000000000000e+00
1.582317081365885019e+09 5.632000000000000339e-01 0.000000000000000000e+00
1.582317081479737997e+09 5.633000000000000229e-01 0.000000000000000000e+00
1.582317081578593016e+09 5.633000000000000229e-01 0.000000000000000000e+00
1.582317081678534985e+09 5.632000000000000339e-01 0.000000000000000000e+00
1.582317081777718067e+09 5.632000000000000339e-01 0.000000000000000000e+00
1.582317081877635002e+09 5.633000000000000229e-01 0.000000000000000000e+00
1.582317081976552963e+09 5.631000000000000449e-01 0.000000000000000000e+00
1.582317082076543093e+09 5.632000000000000339e-01 0.000000000000000000e+00
1.582317082176529884e+09 5.632000000000000339e-01 0.000000000000000000e+00
1.582317082275579929e+09 5.632000000000000339e-01 0.000000000000000000e+00
1.582317082389529943e+09 5.632000000000000339e-01 0.000000000000000000e+00
1.582317082485764980e+09 5.632000000000000339e-01 0.000000000000000000e+00
1.582317082583656073e+09 5.632000000000000339e-01 0.000000000000000000e+00
1.582317082687510014e+09 5.633000000000000229e-01 0.000000000000000000e+00
1.582317082787606001e+09 5.631000000000000449e-01 0.000000000000000000e+00
1.582317082887541056e+09 5.631000000000000449e-01 0.000000000000000000e+00
1.582317082985740900e+09 5.632000000000000339e-01 0.000000000000000000e+00
1.582317083085592031e+09 5.632000000000000339e-01 0.000000000000000000e+00
1.582317083185483932e+09 5.635000000000000009e-01 0.000000000000000000e+00
1.582317083295085907e+09 5.633000000000000229e-01 0.000000000000000000e+00
1.582317083394849062e+09 5.633000000000000229e-01 0.000000000000000000e+00
1.582317083494607925e+09 5.633000000000000229e-01 0.000000000000000000e+00
1.582317083594362020e+09 5.632000000000000339e-01 0.000000000000000000e+00
1.582317083694163084e+09 5.633000000000000229e-01 0.000000000000000000e+00
1.582317083796433926e+09 5.633000000000000229e-01 0.000000000000000000e+00
1.582317083896310091e+09 5.632000000000000339e-01 0.000000000000000000e+00
1.582317083993405104e+09 5.632000000000000339e-01 0.000000000000000000e+00
1.582317084093174934e+09 5.632000000000000339e-01 0.000000000000000000e+00
1.582317084209366083e+09 5.633000000000000229e-01 0.000000000000000000e+00
1.582317084309323072e+09 5.634000000000000119e-01 0.000000000000000000e+00
1.582317084408447027e+09 5.632000000000000339e-01 0.000000000000000000e+00
1.582317084507409096e+09 5.632000000000000339e-01 0.000000000000000000e+00
1.582317084607350111e+09 5.632000000000000339e-01 0.000000000000000000e+00
1.582317084706346035e+09 5.629999999999999449e-01 0.000000000000000000e+00
1.582317084806372881e+09 5.632000000000000339e-01 0.000000000000000000e+00
1.582317084906352043e+09 5.628999999999999559e-01 0.000000000000000000e+00
1.582317085005403996e+09 5.632000000000000339e-01 0.000000000000000000e+00
1.582317085119303942e+09 5.633000000000000229e-01 0.000000000000000000e+00
1.582317085218297958e+09 5.632000000000000339e-01 0.000000000000000000e+00
1.582317085318279028e+09 5.632000000000000339e-01 0.000000000000000000e+00
1.582317085418309927e+09 5.632000000000000339e-01 0.000000000000000000e+00
1.582317085517246962e+09 5.632000000000000339e-01 0.000000000000000000e+00
1.582317085617172003e+09 5.633000000000000229e-01 0.000000000000000000e+00
1.582317085716367006e+09 5.631000000000000449e-01 0.000000000000000000e+00
1.582317085816262960e+09 5.635000000000000009e-01 0.000000000000000000e+00
1.582317085930205107e+09 5.633000000000000229e-01 0.000000000000000000e+00
1.582317086029510975e+09 5.631000000000000449e-01 0.000000000000000000e+00
1.582317086129234076e+09 5.633000000000000229e-01 0.000000000000000000e+00
1.582317086228195906e+09 5.632000000000000339e-01 0.000000000000000000e+00
1.582317086328104973e+09 5.631000000000000449e-01 0.000000000000000000e+00
1.582317086427146912e+09 5.634000000000000119e-01 0.000000000000000000e+00
1.582317086527146101e+09 5.632000000000000339e-01 0.000000000000000000e+00
1.582317086626080036e+09 5.634000000000000119e-01 0.000000000000000000e+00
1.582317086726320028e+09 5.634000000000000119e-01 0.000000000000000000e+00
1.582317086836596966e+09 5.632000000000000339e-01 0.000000000000000000e+00
1.582317086936348915e+09 5.634000000000000119e-01 0.000000000000000000e+00
1.582317087036147118e+09 5.633000000000000229e-01 0.000000000000000000e+00
1.582317087135896921e+09 5.634000000000000119e-01 0.000000000000000000e+00
1.582317087235670090e+09 5.631000000000000449e-01 0.000000000000000000e+00
1.582317087335426092e+09 5.632000000000000339e-01 0.000000000000000000e+00
1.582317087435192108e+09 5.632000000000000339e-01 0.000000000000000000e+00
1.582317087534955978e+09 5.632000000000000339e-01 0.000000000000000000e+00
1.582317087634726048e+09 5.631000000000000449e-01 0.000000000000000000e+00
1.582317087734507084e+09 5.632000000000000339e-01 0.000000000000000000e+00
1.582317087849204063e+09 5.631000000000000449e-01 0.000000000000000000e+00
1.582317087949054003e+09 5.632000000000000339e-01 0.000000000000000000e+00
1.582317088048110962e+09 5.632000000000000339e-01 0.000000000000000000e+00
1.582317088148050070e+09 5.631000000000000449e-01 0.000000000000000000e+00
1.582317088246937037e+09 5.631000000000000449e-01 0.000000000000000000e+00
1.582317088346873999e+09 5.631000000000000449e-01 0.000000000000000000e+00
1.582317088445956945e+09 5.633000000000000229e-01 0.000000000000000000e+00
1.582317088545907974e+09 5.632000000000000339e-01 0.000000000000000000e+00
1.582317088660154104e+09 5.629999999999999449e-01 0.000000000000000000e+00
1.582317088759248972e+09 5.629999999999999449e-01 0.000000000000000000e+00
1.582317088859113932e+09 5.632000000000000339e-01 0.000000000000000000e+00
1.582317088957835913e+09 5.631000000000000449e-01 0.000000000000000000e+00
1.582317089057985067e+09 5.631000000000000449e-01 0.000000000000000000e+00
1.582317089156924009e+09 5.631000000000000449e-01 0.000000000000000000e+00
1.582317089256990910e+09 5.631000000000000449e-01 0.000000000000000000e+00
1.582317089356897116e+09 5.633000000000000229e-01 0.000000000000000000e+00
1.582317089469808102e+09 5.629999999999999449e-01 0.000000000000000000e+00
1.582317089569818020e+09 5.629999999999999449e-01 0.000000000000000000e+00
1.582317089670025110e+09 5.631000000000000449e-01 0.000000000000000000e+00
1.582317089768848896e+09 5.631000000000000449e-01 0.000000000000000000e+00
1.582317089867908955e+09 5.633000000000000229e-01 0.000000000000000000e+00
1.582317089967953920e+09 5.631000000000000449e-01 0.000000000000000000e+00
1.582317090067780972e+09 5.633000000000000229e-01 0.000000000000000000e+00
1.582317090162024021e+09 5.634000000000000119e-01 0.000000000000000000e+00
1.582317090266765118e+09 5.633000000000000229e-01 0.000000000000000000e+00
1.582317090379769087e+09 5.633000000000000229e-01 0.000000000000000000e+00
1.582317090479856014e+09 5.633000000000000229e-01 0.000000000000000000e+00
1.582317090577696085e+09 5.634000000000000119e-01 0.000000000000000000e+00
1.582317090677459002e+09 5.632000000000000339e-01 0.000000000000000000e+00
1.582317090777206898e+09 5.631000000000000449e-01 0.000000000000000000e+00
1.582317090877814054e+09 5.632000000000000339e-01 0.000000000000000000e+00
1.582317090977761984e+09 5.633000000000000229e-01 0.000000000000000000e+00
1.582317091076483011e+09 5.631000000000000449e-01 0.000000000000000000e+00
1.582317091191024065e+09 5.629999999999999449e-01 0.000000000000000000e+00
1.582317091289855003e+09 5.633000000000000229e-01 0.000000000000000000e+00
1.582317091389728069e+09 5.632000000000000339e-01 0.000000000000000000e+00
1.582317091485474110e+09 5.632000000000000339e-01 0.000000000000000000e+00
1.582317091588716030e+09 5.629999999999999449e-01 0.000000000000000000e+00
1.582317091688591957e+09 5.632000000000000339e-01 0.000000000000000000e+00
1.582317091787758112e+09 5.629999999999999449e-01 0.000000000000000000e+00
1.582317091887729883e+09 5.634000000000000119e-01 0.000000000000000000e+00
1.582317091985434055e+09 5.633000000000000229e-01 0.000000000000000000e+00
1.582317092100620031e+09 5.633000000000000229e-01 0.000000000000000000e+00
1.582317092200663090e+09 5.631000000000000449e-01 0.000000000000000000e+00
1.582317092299685955e+09 5.632000000000000339e-01 0.000000000000000000e+00
1.582317092399629116e+09 5.633000000000000229e-01 0.000000000000000000e+00
1.582317092498619080e+09 5.629999999999999449e-01 0.000000000000000000e+00
1.582317092598587036e+09 5.631000000000000449e-01 0.000000000000000000e+00
1.582317092697627068e+09 5.633000000000000229e-01 0.000000000000000000e+00
1.582317092797564030e+09 5.632000000000000339e-01 0.000000000000000000e+00
1.582317092896502972e+09 5.631000000000000449e-01 0.000000000000000000e+00
1.582317093010512114e+09 5.631000000000000449e-01 0.000000000000000000e+00
1.582317093110498905e+09 5.631000000000000449e-01 0.000000000000000000e+00
1.582317093209562063e+09 5.631000000000000449e-01 0.000000000000000000e+00
1.582317093309519053e+09 5.632000000000000339e-01 0.000000000000000000e+00
1.582317093404191017e+09 5.632000000000000339e-01 0.000000000000000000e+00
1.582317093504009962e+09 5.633000000000000229e-01 0.000000000000000000e+00
1.582317093603774071e+09 5.633000000000000229e-01 0.000000000000000000e+00
1.582317093703540087e+09 5.633000000000000229e-01 0.000000000000000000e+00
1.582317093819936037e+09 5.629999999999999449e-01 0.000000000000000000e+00
1.582317093919665098e+09 5.631000000000000449e-01 0.000000000000000000e+00
1.582317094019347906e+09 5.631000000000000449e-01 0.000000000000000000e+00
1.582317094119193077e+09 5.629999999999999449e-01 0.000000000000000000e+00
1.582317094218961000e+09 5.631000000000000449e-01 0.000000000000000000e+00
1.582317094318533897e+09 5.632000000000000339e-01 0.000000000000000000e+00
1.582317094418489933e+09 5.631000000000000449e-01 0.000000000000000000e+00
1.582317094517520905e+09 5.632000000000000339e-01 0.000000000000000000e+00
1.582317094617403984e+09 5.633000000000000229e-01 0.000000000000000000e+00
1.582317094731354952e+09 5.631000000000000449e-01 0.000000000000000000e+00
1.582317094830441952e+09 5.632000000000000339e-01 0.000000000000000000e+00
1.582317094930336952e+09 5.631000000000000449e-01 0.000000000000000000e+00
1.582317095029438019e+09 5.632000000000000339e-01 0.000000000000000000e+00
1.582317095129410982e+09 5.632000000000000339e-01 0.000000000000000000e+00
1.582317095228316069e+09 5.632000000000000339e-01 0.000000000000000000e+00
1.582317095328330040e+09 5.632000000000000339e-01 0.000000000000000000e+00
1.582317095428284883e+09 5.631000000000000449e-01 0.000000000000000000e+00
1.582317095541352987e+09 5.631000000000000449e-01 0.000000000000000000e+00
1.582317095641379118e+09 5.629999999999999449e-01 0.000000000000000000e+00
1.582317095740262032e+09 5.631000000000000449e-01 0.000000000000000000e+00
1.582317095840305090e+09 5.632000000000000339e-01 0.000000000000000000e+00
1.582317095939347029e+09 5.632000000000000339e-01 0.000000000000000000e+00
1.582317096039370060e+09 5.634000000000000119e-01 0.000000000000000000e+00
1.582317096138340950e+09 5.634000000000000119e-01 0.000000000000000000e+00
1.582317096238281012e+09 5.632000000000000339e-01 0.000000000000000000e+00
1.582317096338236094e+09 5.631000000000000449e-01 0.000000000000000000e+00
1.582317096432420015e+09 5.632000000000000339e-01 0.000000000000000000e+00
1.582317096546742916e+09 5.633000000000000229e-01 0.000000000000000000e+00
1.582317096646505117e+09 5.633000000000000229e-01 0.000000000000000000e+00
1.582317096750266075e+09 5.633000000000000229e-01 0.000000000000000000e+00
1.582317096846024990e+09 5.633000000000000229e-01 0.000000000000000000e+00
1.582317096945770979e+09 5.633000000000000229e-01 0.000000000000000000e+00
1.582317097043298006e+09 5.632000000000000339e-01 0.000000000000000000e+00
1.582317097145293951e+09 5.632000000000000339e-01 0.000000000000000000e+00
1.582317097245062113e+09 5.631000000000000449e-01 0.000000000000000000e+00
1.582317097361133099e+09 5.632000000000000339e-01 0.000000000000000000e+00
1.582317097461139917e+09 5.632000000000000339e-01 0.000000000000000000e+00
1.582317097560281038e+09 5.632000000000000339e-01 0.000000000000000000e+00
1.582317097660332918e+09 5.632000000000000339e-01 0.000000000000000000e+00
1.582317097759217978e+09 5.633000000000000229e-01 0.000000000000000000e+00
1.582317097859123945e+09 5.632000000000000339e-01 0.000000000000000000e+00
1.582317097959050894e+09 5.632000000000000339e-01 0.000000000000000000e+00
1.582317098058085918e+09 5.633000000000000229e-01 0.000000000000000000e+00
1.582317098158143044e+09 5.632000000000000339e-01 0.000000000000000000e+00
1.582317098272139072e+09 5.631000000000000449e-01 0.000000000000000000e+00
1.582317098371115923e+09 5.629999999999999449e-01 0.000000000000000000e+00
1.582317098470179081e+09 5.633000000000000229e-01 0.000000000000000000e+00
1.582317098570259094e+09 5.631000000000000449e-01 0.000000000000000000e+00
1.582317098670181036e+09 5.628999999999999559e-01 0.000000000000000000e+00
1.582317098768987894e+09 5.633000000000000229e-01 0.000000000000000000e+00
1.582317098868969917e+09 5.629999999999999449e-01 0.000000000000000000e+00
1.582317098968043089e+09 5.632000000000000339e-01 0.000000000000000000e+00
1.582317099068011999e+09 5.633000000000000229e-01 0.000000000000000000e+00
1.582317099181978941e+09 5.632000000000000339e-01 0.000000000000000000e+00
1.582317099280992031e+09 5.629999999999999449e-01 0.000000000000000000e+00
1.582317099380995989e+09 5.632000000000000339e-01 0.000000000000000000e+00
1.582317099480125904e+09 5.631000000000000449e-01 0.000000000000000000e+00
1.582317099580060005e+09 5.629999999999999449e-01 0.000000000000000000e+00
1.582317099679073095e+09 5.634000000000000119e-01 0.000000000000000000e+00
1.582317099778851032e+09 5.631000000000000449e-01 0.000000000000000000e+00
1.582317099878838062e+09 5.628999999999999559e-01 0.000000000000000000e+00
1.582317099977967978e+09 5.631000000000000449e-01 0.000000000000000000e+00
1.582317100076740980e+09 5.629999999999999449e-01 0.000000000000000000e+00
1.582317100190932989e+09 5.632000000000000339e-01 0.000000000000000000e+00
1.582317100287785053e+09 5.633000000000000229e-01 0.000000000000000000e+00
1.582317100387552977e+09 5.629999999999999449e-01 0.000000000000000000e+00
1.582317100485208988e+09 5.631000000000000449e-01 0.000000000000000000e+00
1.582317100586977005e+09 5.626999999999999780e-01 0.000000000000000000e+00
1.582317100686846018e+09 5.631000000000000449e-01 0.000000000000000000e+00
1.582317100786604881e+09 5.631000000000000449e-01 0.000000000000000000e+00
1.582317100886365891e+09 5.632000000000000339e-01 0.000000000000000000e+00
1.582317101001792908e+09 5.629999999999999449e-01 0.000000000000000000e+00
1.582317101100620985e+09 5.628999999999999559e-01 0.000000000000000000e+00
1.582317101200742960e+09 5.629999999999999449e-01 0.000000000000000000e+00
1.582317101299844980e+09 5.631000000000000449e-01 0.000000000000000000e+00
1.582317101399749994e+09 5.631000000000000449e-01 0.000000000000000000e+00
1.582317101498780966e+09 5.629999999999999449e-01 0.000000000000000000e+00
1.582317101594616890e+09 5.632000000000000339e-01 0.000000000000000000e+00
1.582317101697772026e+09 5.631000000000000449e-01 0.000000000000000000e+00
1.582317101797606945e+09 5.631000000000000449e-01 0.000000000000000000e+00
1.582317101910721064e+09 5.631000000000000449e-01 0.000000000000000000e+00
1.582317102010581970e+09 5.631000000000000449e-01 0.000000000000000000e+00
1.582317102110723972e+09 5.628999999999999559e-01 0.000000000000000000e+00
1.582317102209666014e+09 5.629999999999999449e-01 0.000000000000000000e+00
1.582317102309916019e+09 5.631000000000000449e-01 0.000000000000000000e+00
1.582317102408669949e+09 5.628999999999999559e-01 0.000000000000000000e+00
1.582317102508582115e+09 5.632000000000000339e-01 0.000000000000000000e+00
1.582317102608556986e+09 5.632000000000000339e-01 0.000000000000000000e+00
1.582317102707998037e+09 5.631000000000000449e-01 0.000000000000000000e+00
1.582317102807763100e+09 5.633000000000000229e-01 0.000000000000000000e+00
1.582317102920656919e+09 5.628999999999999559e-01 0.000000000000000000e+00
1.582317103018735886e+09 5.628999999999999559e-01 0.000000000000000000e+00
1.582317103116449118e+09 5.632000000000000339e-01 0.000000000000000000e+00
1.582317103219670057e+09 5.631000000000000449e-01 0.000000000000000000e+00
1.582317103319601059e+09 5.628999999999999559e-01 0.000000000000000000e+00
1.582317103413640976e+09 5.629999999999999449e-01 0.000000000000000000e+00
1.582317103518723011e+09 5.629999999999999449e-01 0.000000000000000000e+00
1.582317103615545034e+09 5.632000000000000339e-01 0.000000000000000000e+00
1.582317103731585979e+09 5.629999999999999449e-01 0.000000000000000000e+00
1.582317103829310894e+09 5.632000000000000339e-01 0.000000000000000000e+00
1.582317103930723906e+09 5.629999999999999449e-01 0.000000000000000000e+00
1.582317104028831005e+09 5.628999999999999559e-01 0.000000000000000000e+00
1.582317104128603935e+09 5.632000000000000339e-01 0.000000000000000000e+00
1.582317104228358030e+09 5.631000000000000449e-01 0.000000000000000000e+00
1.582317104328118086e+09 5.629999999999999449e-01 0.000000000000000000e+00
1.582317104427885056e+09 5.627999999999999670e-01 0.000000000000000000e+00
1.582317104541512966e+09 5.631000000000000449e-01 0.000000000000000000e+00
1.582317104641431093e+09 5.629999999999999449e-01 0.000000000000000000e+00
1.582317104741365910e+09 5.632000000000000339e-01 0.000000000000000000e+00
1.582317104840568066e+09 5.632000000000000339e-01 0.000000000000000000e+00
1.582317104940578938e+09 5.632000000000000339e-01 0.000000000000000000e+00
1.582317105039463043e+09 5.631000000000000449e-01 0.000000000000000000e+00
1.582317105139324903e+09 5.632000000000000339e-01 0.000000000000000000e+00
1.582317105238356113e+09 5.629999999999999449e-01 0.000000000000000000e+00
1.582317105338355064e+09 5.631000000000000449e-01 0.000000000000000000e+00
1.582317105437416077e+09 5.629999999999999449e-01 0.000000000000000000e+00
1.582317105551400900e+09 5.628999999999999559e-01 0.000000000000000000e+00
1.582317105651505947e+09 5.632000000000000339e-01 0.000000000000000000e+00
1.582317105750396013e+09 5.634000000000000119e-01 0.000000000000000000e+00
1.582317105850413084e+09 5.633000000000000229e-01 0.000000000000000000e+00
1.582317105949350119e+09 5.634000000000000119e-01 0.000000000000000000e+00
1.582317106049343109e+09 5.633000000000000229e-01 0.000000000000000000e+00
1.582317106148178101e+09 5.632000000000000339e-01 0.000000000000000000e+00
1.582317106248173952e+09 5.632000000000000339e-01 0.000000000000000000e+00
1.582317106362226963e+09 5.628999999999999559e-01 0.000000000000000000e+00
1.582317106456367970e+09 5.629999999999999449e-01 0.000000000000000000e+00
1.582317106561500072e+09 5.634000000000000119e-01 0.000000000000000000e+00
1.582317106655905962e+09 5.631000000000000449e-01 0.000000000000000000e+00
1.582317106755670071e+09 5.631000000000000449e-01 0.000000000000000000e+00
1.582317106855438948e+09 5.631000000000000449e-01 0.000000000000000000e+00
1.582317106955192089e+09 5.633000000000000229e-01 0.000000000000000000e+00
1.582317107053459883e+09 5.632000000000000339e-01 0.000000000000000000e+00
1.582317107171328068e+09 5.632000000000000339e-01 0.000000000000000000e+00
1.582317107271060944e+09 5.631000000000000449e-01 0.000000000000000000e+00
1.582317107370851040e+09 5.632000000000000339e-01 0.000000000000000000e+00
1.582317107470616102e+09 5.631000000000000449e-01 0.000000000000000000e+00
1.582317107570204020e+09 5.633000000000000229e-01 0.000000000000000000e+00
1.582317107670149088e+09 5.633000000000000229e-01 0.000000000000000000e+00
1.582317107769186020e+09 5.631000000000000449e-01 0.000000000000000000e+00
1.582317107869143963e+09 5.632000000000000339e-01 0.000000000000000000e+00
1.582317107968250990e+09 5.627999999999999670e-01 0.000000000000000000e+00
1.582317108068147898e+09 5.632000000000000339e-01 0.000000000000000000e+00
1.582317108182137012e+09 5.633000000000000229e-01 0.000000000000000000e+00
1.582317108281133890e+09 5.631000000000000449e-01 0.000000000000000000e+00
1.582317108381195068e+09 5.632000000000000339e-01 0.000000000000000000e+00
1.582317108481074095e+09 5.631000000000000449e-01 0.000000000000000000e+00
1.582317108580137968e+09 5.633000000000000229e-01 0.000000000000000000e+00
1.582317108679078102e+09 5.629999999999999449e-01 0.000000000000000000e+00
1.582317108779016018e+09 5.631000000000000449e-01 0.000000000000000000e+00
1.582317108878938913e+09 5.629999999999999449e-01 0.000000000000000000e+00
1.582317108992006063e+09 5.631000000000000449e-01 0.000000000000000000e+00
1.582317109092219114e+09 5.632000000000000339e-01 0.000000000000000000e+00
1.582317109190974951e+09 5.632000000000000339e-01 0.000000000000000000e+00
1.582317109291054010e+09 5.633000000000000229e-01 0.000000000000000000e+00
1.582317109391125917e+09 5.631000000000000449e-01 0.000000000000000000e+00
1.582317109484958887e+09 5.632000000000000339e-01 0.000000000000000000e+00
1.582317109590015888e+09 5.631000000000000449e-01 0.000000000000000000e+00
1.582317109688958883e+09 5.632000000000000339e-01 0.000000000000000000e+00
1.582317109798397064e+09 5.632000000000000339e-01 0.000000000000000000e+00
1.582317109898158073e+09 5.631000000000000449e-01 0.000000000000000000e+00
1.582317109997931957e+09 5.632000000000000339e-01 0.000000000000000000e+00
1.582317110101025105e+09 5.628999999999999559e-01 0.000000000000000000e+00
1.582317110197422028e+09 5.633000000000000229e-01 0.000000000000000000e+00
1.582317110297184944e+09 5.629999999999999449e-01 0.000000000000000000e+00
1.582317110396956921e+09 5.629999999999999449e-01 0.000000000000000000e+00
1.582317110496714115e+09 5.628999999999999559e-01 0.000000000000000000e+00
1.582317110596482992e+09 5.632000000000000339e-01 0.000000000000000000e+00
1.582317110698885918e+09 5.631000000000000449e-01 0.000000000000000000e+00
1.582317110811796904e+09 5.633000000000000229e-01 0.000000000000000000e+00
1.582317110911899090e+09 5.633000000000000229e-01 0.000000000000000000e+00
1.582317111011866093e+09 5.632000000000000339e-01 0.000000000000000000e+00
1.582317111111056089e+09 5.628999999999999559e-01 0.000000000000000000e+00
1.582317111210881948e+09 5.631000000000000449e-01 0.000000000000000000e+00
1.582317111309976101e+09 5.629999999999999449e-01 0.000000000000000000e+00
1.582317111409817934e+09 5.631000000000000449e-01 0.000000000000000000e+00
1.582317111508800030e+09 5.633000000000000229e-01 0.000000000000000000e+00
1.582317111622786999e+09 5.631000000000000449e-01 0.000000000000000000e+00
1.582317111722711086e+09 5.631000000000000449e-01 0.000000000000000000e+00
1.582317111821907997e+09 5.632000000000000339e-01 0.000000000000000000e+00
1.582317111921742916e+09 5.631000000000000449e-01 0.000000000000000000e+00
1.582317112019372940e+09 5.629999999999999449e-01 0.000000000000000000e+00
1.582317112120629072e+09 5.632000000000000339e-01 0.000000000000000000e+00
1.582317112219842911e+09 5.632000000000000339e-01 0.000000000000000000e+00
1.582317112319710970e+09 5.629999999999999449e-01 0.000000000000000000e+00
1.582317112433875084e+09 5.629999999999999449e-01 0.000000000000000000e+00
1.582317112532774925e+09 5.628999999999999559e-01 0.000000000000000000e+00
1.582317112632859945e+09 5.628999999999999559e-01 0.000000000000000000e+00
1.582317112731645107e+09 5.628999999999999559e-01 0.000000000000000000e+00
1.582317112831805944e+09 5.628999999999999559e-01 0.000000000000000000e+00
1.582317112930680037e+09 5.633000000000000229e-01 0.000000000000000000e+00
1.582317113030546904e+09 5.633000000000000229e-01 0.000000000000000000e+00
1.582317113130724907e+09 5.632000000000000339e-01 0.000000000000000000e+00
1.582317113229693890e+09 5.632000000000000339e-01 0.000000000000000000e+00
1.582317113328588963e+09 5.631000000000000449e-01 0.000000000000000000e+00
1.582317113439676046e+09 5.629999999999999449e-01 0.000000000000000000e+00
1.582317113539439917e+09 5.631000000000000449e-01 0.000000000000000000e+00
1.582317113639321089e+09 5.634000000000000119e-01 0.000000000000000000e+00
1.582317113739073992e+09 5.632000000000000339e-01 0.000000000000000000e+00
1.582317113836116076e+09 5.631000000000000449e-01 0.000000000000000000e+00
1.582317113938227892e+09 5.633000000000000229e-01 0.000000000000000000e+00
1.582317114038090944e+09 5.629999999999999449e-01 0.000000000000000000e+00
1.582317114138144970e+09 5.629999999999999449e-01 0.000000000000000000e+00
1.582317114253703117e+09 5.632000000000000339e-01 0.000000000000000000e+00
1.582317114352722883e+09 5.632000000000000339e-01 0.000000000000000000e+00
1.582317114452506065e+09 5.632000000000000339e-01 0.000000000000000000e+00
1.582317114551520109e+09 5.631000000000000449e-01 0.000000000000000000e+00
1.582317114651467085e+09 5.632000000000000339e-01 0.000000000000000000e+00
1.582317114750716925e+09 5.629999999999999449e-01 0.000000000000000000e+00
1.582317114850693941e+09 5.631000000000000449e-01 0.000000000000000000e+00
1.582317114948252916e+09 5.632000000000000339e-01 0.000000000000000000e+00
1.582317115063059092e+09 5.629999999999999449e-01 0.000000000000000000e+00
1.582317115161293030e+09 5.629999999999999449e-01 0.000000000000000000e+00
1.582317115263534069e+09 5.631000000000000449e-01 0.000000000000000000e+00
1.582317115362477064e+09 5.629999999999999449e-01 0.000000000000000000e+00
1.582317115461488008e+09 5.632000000000000339e-01 0.000000000000000000e+00
1.582317115561419010e+09 5.632000000000000339e-01 0.000000000000000000e+00
1.582317115661478043e+09 5.629999999999999449e-01 0.000000000000000000e+00
1.582317115757570982e+09 5.632000000000000339e-01 0.000000000000000000e+00
1.582317115855846882e+09 5.629999999999999449e-01 0.000000000000000000e+00
1.582317115968996048e+09 5.631000000000000449e-01 0.000000000000000000e+00
1.582317116069114923e+09 5.633000000000000229e-01 0.000000000000000000e+00
1.582317116168570042e+09 5.631000000000000449e-01 0.000000000000000000e+00
1.582317116267616987e+09 5.631000000000000449e-01 0.000000000000000000e+00
1.582317116368504047e+09 5.631000000000000449e-01 0.000000000000000000e+00
1.582317116471410036e+09 5.629999999999999449e-01 0.000000000000000000e+00
1.582317116567956924e+09 5.631000000000000449e-01 0.000000000000000000e+00
1.582317116670372009e+09 5.632000000000000339e-01 0.000000000000000000e+00
1.582317116781697989e+09 5.632000000000000339e-01 0.000000000000000000e+00
1.582317116881458998e+09 5.632000000000000339e-01 0.000000000000000000e+00
1.582317116981229067e+09 5.632000000000000339e-01 0.000000000000000000e+00
1.582317117080993891e+09 5.631000000000000449e-01 0.000000000000000000e+00
1.582317117180730104e+09 5.632000000000000339e-01 0.000000000000000000e+00
1.582317117280484915e+09 5.631000000000000449e-01 0.000000000000000000e+00
1.582317117380249023e+09 5.629999999999999449e-01 0.000000000000000000e+00
1.582317117479991913e+09 5.632000000000000339e-01 0.000000000000000000e+00
1.582317117579783916e+09 5.631000000000000449e-01 0.000000000000000000e+00
1.582317117693520069e+09 5.631000000000000449e-01 0.000000000000000000e+00
1.582317117794199944e+09 5.631000000000000449e-01 0.000000000000000000e+00
1.582317117893194914e+09 5.633000000000000229e-01 0.000000000000000000e+00
1.582317117993340969e+09 5.632000000000000339e-01 0.000000000000000000e+00
1.582317118092211962e+09 5.629999999999999449e-01 0.000000000000000000e+00
1.582317118192068100e+09 5.633000000000000229e-01 0.000000000000000000e+00
1.582317118291373968e+09 5.629999999999999449e-01 0.000000000000000000e+00
1.582317118391181946e+09 5.631000000000000449e-01 0.000000000000000000e+00
1.582317118505188942e+09 5.633000000000000229e-01 0.000000000000000000e+00
1.582317118604254007e+09 5.628999999999999559e-01 0.000000000000000000e+00
1.582317118704119921e+09 5.631000000000000449e-01 0.000000000000000000e+00
1.582317118803215027e+09 5.629999999999999449e-01 0.000000000000000000e+00
1.582317118903136969e+09 5.629999999999999449e-01 0.000000000000000000e+00
1.582317119002209902e+09 5.629999999999999449e-01 0.000000000000000000e+00
1.582317119102329969e+09 5.631000000000000449e-01 0.000000000000000000e+00
1.582317119201050043e+09 5.631000000000000449e-01 0.000000000000000000e+00
1.582317119300909042e+09 5.632000000000000339e-01 0.000000000000000000e+00
