# 
# Duration (in s): 60
# Pointing Position of the Horn: Calibrator paddle
# Angle pointing (from vertical): 80.3
# Calibrator used: YES
# Weather: very clear
# Units: tenth microWatt
# Comments: sky dip 80
1.582316198052613020e+09 5.590000000000000524e-01 0.000000000000000000e+00
1.582316198144381046e+09 5.588999999999999524e-01 0.000000000000000000e+00
1.582316198258338928e+09 5.588999999999999524e-01 0.000000000000000000e+00
1.582316198353461027e+09 5.586999999999999744e-01 0.000000000000000000e+00
1.582316198456710100e+09 5.591000000000000414e-01 0.000000000000000000e+00
1.582316198557346106e+09 5.590000000000000524e-01 0.000000000000000000e+00
1.582316198656399965e+09 5.592000000000000304e-01 0.000000000000000000e+00
1.582316198756383896e+09 5.591000000000000414e-01 0.000000000000000000e+00
1.582316198855515003e+09 5.590000000000000524e-01 0.000000000000000000e+00
1.582316198955343962e+09 5.590000000000000524e-01 0.000000000000000000e+00
1.582316199069952965e+09 5.588999999999999524e-01 0.000000000000000000e+00
1.582316199167778969e+09 5.590000000000000524e-01 0.000000000000000000e+00
1.582316199267543077e+09 5.591000000000000414e-01 0.000000000000000000e+00
1.582316199367333889e+09 5.591000000000000414e-01 0.000000000000000000e+00
1.582316199463892937e+09 5.590000000000000524e-01 0.000000000000000000e+00
1.582316199566392899e+09 5.590000000000000524e-01 0.000000000000000000e+00
1.582316199666343927e+09 5.591000000000000414e-01 0.000000000000000000e+00
1.582316199766366005e+09 5.590000000000000524e-01 0.000000000000000000e+00
1.582316199863691092e+09 5.592000000000000304e-01 0.000000000000000000e+00
1.582316199974948883e+09 5.588999999999999524e-01 0.000000000000000000e+00
1.582316200078255892e+09 5.591000000000000414e-01 0.000000000000000000e+00
1.582316200178436041e+09 5.588999999999999524e-01 0.000000000000000000e+00
1.582316200272619963e+09 5.588999999999999524e-01 0.000000000000000000e+00
1.582316200372421980e+09 5.590000000000000524e-01 0.000000000000000000e+00
1.582316200477346897e+09 5.590000000000000524e-01 0.000000000000000000e+00
1.582316200571810007e+09 5.588999999999999524e-01 0.000000000000000000e+00
1.582316200671591997e+09 5.590000000000000524e-01 0.000000000000000000e+00
1.582316200771449089e+09 5.591000000000000414e-01 0.000000000000000000e+00
1.582316200887725115e+09 5.591000000000000414e-01 0.000000000000000000e+00
1.582316200987608910e+09 5.592000000000000304e-01 0.000000000000000000e+00
1.582316201087340117e+09 5.590000000000000524e-01 0.000000000000000000e+00
1.582316201187030077e+09 5.591000000000000414e-01 0.000000000000000000e+00
1.582316201286609888e+09 5.587999999999999634e-01 0.000000000000000000e+00
1.582316201386538029e+09 5.590000000000000524e-01 0.000000000000000000e+00
1.582316201486218929e+09 5.588999999999999524e-01 0.000000000000000000e+00
1.582316201586083889e+09 5.586999999999999744e-01 0.000000000000000000e+00
1.582316201699197054e+09 5.590000000000000524e-01 0.000000000000000000e+00
1.582316201799137115e+09 5.590000000000000524e-01 0.000000000000000000e+00
1.582316201898974895e+09 5.590000000000000524e-01 0.000000000000000000e+00
1.582316201998351097e+09 5.590000000000000524e-01 0.000000000000000000e+00
1.582316202095500946e+09 5.592000000000000304e-01 0.000000000000000000e+00
1.582316202197129965e+09 5.588999999999999524e-01 0.000000000000000000e+00
1.582316202297147036e+09 5.587999999999999634e-01 0.000000000000000000e+00
1.582316202396128893e+09 5.588999999999999524e-01 0.000000000000000000e+00
1.582316202510133982e+09 5.587999999999999634e-01 0.000000000000000000e+00
1.582316202610061884e+09 5.591000000000000414e-01 0.000000000000000000e+00
1.582316202709039927e+09 5.588999999999999524e-01 0.000000000000000000e+00
1.582316202809031010e+09 5.588999999999999524e-01 0.000000000000000000e+00
1.582316202908010960e+09 5.591000000000000414e-01 0.000000000000000000e+00
1.582316203002823114e+09 5.591000000000000414e-01 0.000000000000000000e+00
1.582316203106951952e+09 5.591000000000000414e-01 0.000000000000000000e+00
1.582316203207032919e+09 5.587999999999999634e-01 0.000000000000000000e+00
1.582316203306041956e+09 5.590000000000000524e-01 0.000000000000000000e+00
1.582316203405985117e+09 5.591000000000000414e-01 0.000000000000000000e+00
1.582316203515578032e+09 5.588999999999999524e-01 0.000000000000000000e+00
1.582316203614418983e+09 5.591000000000000414e-01 0.000000000000000000e+00
1.582316203714417934e+09 5.588999999999999524e-01 0.000000000000000000e+00
1.582316203814187050e+09 5.588999999999999524e-01 0.000000000000000000e+00
1.582316203913898945e+09 5.587999999999999634e-01 0.000000000000000000e+00
1.582316204014986992e+09 5.586999999999999744e-01 0.000000000000000000e+00
1.582316204113253117e+09 5.588999999999999524e-01 0.000000000000000000e+00
1.582316204213100910e+09 5.591000000000000414e-01 0.000000000000000000e+00
1.582316204329433918e+09 5.590000000000000524e-01 0.000000000000000000e+00
1.582316204429311991e+09 5.588999999999999524e-01 0.000000000000000000e+00
1.582316204529076099e+09 5.588999999999999524e-01 0.000000000000000000e+00
1.582316204628890991e+09 5.590000000000000524e-01 0.000000000000000000e+00
1.582316204727854013e+09 5.588999999999999524e-01 0.000000000000000000e+00
1.582316204825146914e+09 5.591000000000000414e-01 0.000000000000000000e+00
1.582316204926839113e+09 5.590000000000000524e-01 0.000000000000000000e+00
1.582316205026837111e+09 5.590000000000000524e-01 0.000000000000000000e+00
1.582316205141084909e+09 5.592000000000000304e-01 0.000000000000000000e+00
1.582316205239873886e+09 5.588999999999999524e-01 0.000000000000000000e+00
1.582316205339879036e+09 5.588999999999999524e-01 0.000000000000000000e+00
1.582316205438766956e+09 5.590000000000000524e-01 0.000000000000000000e+00
1.582316205538794041e+09 5.588999999999999524e-01 0.000000000000000000e+00
1.582316205635974884e+09 5.587999999999999634e-01 0.000000000000000000e+00
1.582316205737819910e+09 5.592000000000000304e-01 0.000000000000000000e+00
1.582316205837745905e+09 5.592000000000000304e-01 0.000000000000000000e+00
1.582316205936690092e+09 5.593000000000000194e-01 0.000000000000000000e+00
1.582316206030849934e+09 5.591000000000000414e-01 0.000000000000000000e+00
1.582316206149667025e+09 5.588999999999999524e-01 0.000000000000000000e+00
1.582316206249545097e+09 5.588999999999999524e-01 0.000000000000000000e+00
1.582316206348745108e+09 5.591000000000000414e-01 0.000000000000000000e+00
1.582316206448668003e+09 5.591000000000000414e-01 0.000000000000000000e+00
1.582316206544157028e+09 5.592000000000000304e-01 0.000000000000000000e+00
1.582316206647739887e+09 5.590000000000000524e-01 0.000000000000000000e+00
1.582316206746691942e+09 5.590000000000000524e-01 0.000000000000000000e+00
1.582316206846857071e+09 5.591000000000000414e-01 0.000000000000000000e+00
1.582316206956554890e+09 5.590000000000000524e-01 0.000000000000000000e+00
1.582316207056332111e+09 5.591000000000000414e-01 0.000000000000000000e+00
1.582316207156208992e+09 5.587999999999999634e-01 0.000000000000000000e+00
1.582316207255930901e+09 5.590000000000000524e-01 0.000000000000000000e+00
1.582316207357918978e+09 5.591000000000000414e-01 0.000000000000000000e+00
1.582316207454945087e+09 5.592000000000000304e-01 0.000000000000000000e+00
1.582316207555114031e+09 5.592000000000000304e-01 0.000000000000000000e+00
1.582316207654817104e+09 5.590000000000000524e-01 0.000000000000000000e+00
1.582316207765536070e+09 5.591000000000000414e-01 0.000000000000000000e+00
1.582316207870671034e+09 5.590000000000000524e-01 0.000000000000000000e+00
1.582316207970464945e+09 5.590000000000000524e-01 0.000000000000000000e+00
1.582316208069717884e+09 5.588999999999999524e-01 0.000000000000000000e+00
1.582316208168534040e+09 5.592000000000000304e-01 0.000000000000000000e+00
1.582316208266145945e+09 5.588999999999999524e-01 0.000000000000000000e+00
1.582316208368741035e+09 5.590000000000000524e-01 0.000000000000000000e+00
1.582316208462538958e+09 5.591000000000000414e-01 0.000000000000000000e+00
1.582316208567516088e+09 5.590000000000000524e-01 0.000000000000000000e+00
1.582316208666366100e+09 5.591000000000000414e-01 0.000000000000000000e+00
1.582316208780458927e+09 5.591000000000000414e-01 0.000000000000000000e+00
1.582316208879580021e+09 5.591000000000000414e-01 0.000000000000000000e+00
1.582316208979408979e+09 5.592000000000000304e-01 0.000000000000000000e+00
1.582316209079571009e+09 5.591000000000000414e-01 0.000000000000000000e+00
1.582316209178479910e+09 5.590000000000000524e-01 0.000000000000000000e+00
1.582316209278397083e+09 5.590000000000000524e-01 0.000000000000000000e+00
1.582316209377331972e+09 5.592000000000000304e-01 0.000000000000000000e+00
1.582316209477387905e+09 5.591000000000000414e-01 0.000000000000000000e+00
1.582316209590413094e+09 5.590000000000000524e-01 0.000000000000000000e+00
1.582316209690339088e+09 5.591000000000000414e-01 0.000000000000000000e+00
1.582316209790296078e+09 5.592000000000000304e-01 0.000000000000000000e+00
1.582316209889413118e+09 5.590000000000000524e-01 0.000000000000000000e+00
1.582316209989388943e+09 5.591000000000000414e-01 0.000000000000000000e+00
1.582316210085540056e+09 5.591000000000000414e-01 0.000000000000000000e+00
1.582316210188371897e+09 5.590000000000000524e-01 0.000000000000000000e+00
1.582316210287329912e+09 5.590000000000000524e-01 0.000000000000000000e+00
1.582316210398407936e+09 5.592000000000000304e-01 0.000000000000000000e+00
1.582316210501370907e+09 5.591000000000000414e-01 0.000000000000000000e+00
1.582316210597953081e+09 5.587999999999999634e-01 0.000000000000000000e+00
1.582316210698358059e+09 5.590000000000000524e-01 0.000000000000000000e+00
1.582316210797399044e+09 5.588999999999999524e-01 0.000000000000000000e+00
1.582316210897243023e+09 5.588999999999999524e-01 0.000000000000000000e+00
1.582316210998354912e+09 5.590000000000000524e-01 0.000000000000000000e+00
1.582316211096754074e+09 5.591000000000000414e-01 0.000000000000000000e+00
1.582316211196532965e+09 5.588999999999999524e-01 0.000000000000000000e+00
1.582316211296303988e+09 5.588999999999999524e-01 0.000000000000000000e+00
1.582316211411325932e+09 5.591000000000000414e-01 0.000000000000000000e+00
1.582316211510096073e+09 5.590000000000000524e-01 0.000000000000000000e+00
1.582316211610109091e+09 5.591000000000000414e-01 0.000000000000000000e+00
1.582316211709172010e+09 5.590000000000000524e-01 0.000000000000000000e+00
1.582316211809235096e+09 5.590000000000000524e-01 0.000000000000000000e+00
1.582316211908150911e+09 5.590000000000000524e-01 0.000000000000000000e+00
1.582316212008155107e+09 5.591000000000000414e-01 0.000000000000000000e+00
1.582316212107114077e+09 5.592000000000000304e-01 0.000000000000000000e+00
1.582316212221134901e+09 5.591000000000000414e-01 0.000000000000000000e+00
1.582316212321183920e+09 5.591000000000000414e-01 0.000000000000000000e+00
1.582316212420139074e+09 5.591000000000000414e-01 0.000000000000000000e+00
1.582316212514880896e+09 5.592000000000000304e-01 0.000000000000000000e+00
1.582316212619132042e+09 5.591000000000000414e-01 0.000000000000000000e+00
1.582316212719070911e+09 5.590000000000000524e-01 0.000000000000000000e+00
1.582316212818073034e+09 5.590000000000000524e-01 0.000000000000000000e+00
1.582316212918102026e+09 5.586999999999999744e-01 0.000000000000000000e+00
1.582316213032114983e+09 5.588999999999999524e-01 0.000000000000000000e+00
1.582316213131140947e+09 5.590000000000000524e-01 0.000000000000000000e+00
1.582316213231007099e+09 5.591000000000000414e-01 0.000000000000000000e+00
1.582316213330110073e+09 5.590000000000000524e-01 0.000000000000000000e+00
1.582316213430174112e+09 5.590000000000000524e-01 0.000000000000000000e+00
1.582316213524275064e+09 5.590000000000000524e-01 0.000000000000000000e+00
1.582316213625858068e+09 5.591000000000000414e-01 0.000000000000000000e+00
1.582316213726072073e+09 5.591000000000000414e-01 0.000000000000000000e+00
1.582316213826617956e+09 5.588999999999999524e-01 0.000000000000000000e+00
1.582316213923508883e+09 5.592000000000000304e-01 0.000000000000000000e+00
1.582316214039643049e+09 5.590000000000000524e-01 0.000000000000000000e+00
1.582316214139632940e+09 5.588999999999999524e-01 0.000000000000000000e+00
1.582316214235929966e+09 5.591000000000000414e-01 0.000000000000000000e+00
1.582316214338984013e+09 5.588999999999999524e-01 0.000000000000000000e+00
1.582316214438921928e+09 5.588999999999999524e-01 0.000000000000000000e+00
1.582316214535990000e+09 5.592000000000000304e-01 0.000000000000000000e+00
1.582316214638232946e+09 5.591000000000000414e-01 0.000000000000000000e+00
1.582316214733858109e+09 5.593000000000000194e-01 0.000000000000000000e+00
1.582316214851965904e+09 5.592000000000000304e-01 0.000000000000000000e+00
1.582316214948549986e+09 5.592000000000000304e-01 0.000000000000000000e+00
1.582316215048501968e+09 5.590000000000000524e-01 0.000000000000000000e+00
1.582316215150973082e+09 5.590000000000000524e-01 0.000000000000000000e+00
1.582316215249903917e+09 5.590000000000000524e-01 0.000000000000000000e+00
1.582316215350013971e+09 5.587999999999999634e-01 0.000000000000000000e+00
1.582316215448858023e+09 5.588999999999999524e-01 0.000000000000000000e+00
1.582316215548527956e+09 5.590000000000000524e-01 0.000000000000000000e+00
1.582316215661899090e+09 5.591000000000000414e-01 0.000000000000000000e+00
1.582316215761801958e+09 5.590000000000000524e-01 0.000000000000000000e+00
1.582316215860177040e+09 5.591000000000000414e-01 0.000000000000000000e+00
1.582316215960876942e+09 5.588999999999999524e-01 0.000000000000000000e+00
1.582316216058649063e+09 5.590000000000000524e-01 0.000000000000000000e+00
1.582316216158322096e+09 5.591000000000000414e-01 0.000000000000000000e+00
1.582316216259805918e+09 5.588999999999999524e-01 0.000000000000000000e+00
1.582316216357275963e+09 5.591000000000000414e-01 0.000000000000000000e+00
1.582316216453855991e+09 5.591000000000000414e-01 0.000000000000000000e+00
1.582316216557986021e+09 5.591000000000000414e-01 0.000000000000000000e+00
1.582316216671737909e+09 5.590000000000000524e-01 0.000000000000000000e+00
1.582316216771658897e+09 5.591000000000000414e-01 0.000000000000000000e+00
1.582316216866314888e+09 5.588999999999999524e-01 0.000000000000000000e+00
1.582316216966068029e+09 5.590000000000000524e-01 0.000000000000000000e+00
1.582316217065845013e+09 5.588999999999999524e-01 0.000000000000000000e+00
1.582316217165605068e+09 5.591000000000000414e-01 0.000000000000000000e+00
1.582316217265363932e+09 5.588999999999999524e-01 0.000000000000000000e+00
1.582316217365128040e+09 5.590000000000000524e-01 0.000000000000000000e+00
1.582316217481491089e+09 5.590000000000000524e-01 0.000000000000000000e+00
1.582316217581262112e+09 5.590000000000000524e-01 0.000000000000000000e+00
1.582316217681016922e+09 5.587999999999999634e-01 0.000000000000000000e+00
1.582316217780606031e+09 5.590000000000000524e-01 0.000000000000000000e+00
1.582316217880415916e+09 5.591000000000000414e-01 0.000000000000000000e+00
1.582316217979701996e+09 5.591000000000000414e-01 0.000000000000000000e+00
1.582316218079597950e+09 5.588999999999999524e-01 0.000000000000000000e+00
1.582316218178678036e+09 5.590000000000000524e-01 0.000000000000000000e+00
1.582316218292589903e+09 5.591000000000000414e-01 0.000000000000000000e+00
1.582316218392478943e+09 5.593000000000000194e-01 0.000000000000000000e+00
1.582316218491799116e+09 5.586999999999999744e-01 0.000000000000000000e+00
1.582316218591722012e+09 5.588999999999999524e-01 0.000000000000000000e+00
1.582316218690572977e+09 5.587999999999999634e-01 0.000000000000000000e+00
1.582316218790518045e+09 5.587999999999999634e-01 0.000000000000000000e+00
1.582316218889775038e+09 5.588999999999999524e-01 0.000000000000000000e+00
1.582316218989773989e+09 5.590000000000000524e-01 0.000000000000000000e+00
1.582316219088624001e+09 5.592000000000000304e-01 0.000000000000000000e+00
1.582316219188529968e+09 5.590000000000000524e-01 0.000000000000000000e+00
1.582316219302788019e+09 5.588999999999999524e-01 0.000000000000000000e+00
1.582316219401420116e+09 5.590000000000000524e-01 0.000000000000000000e+00
1.582316219501411915e+09 5.591000000000000414e-01 0.000000000000000000e+00
1.582316219601367950e+09 5.590000000000000524e-01 0.000000000000000000e+00
1.582316219700562000e+09 5.588999999999999524e-01 0.000000000000000000e+00
1.582316219799535990e+09 5.587999999999999634e-01 0.000000000000000000e+00
1.582316219899621010e+09 5.587999999999999634e-01 0.000000000000000000e+00
1.582316219998358011e+09 5.588999999999999524e-01 0.000000000000000000e+00
1.582316220108448029e+09 5.590000000000000524e-01 0.000000000000000000e+00
1.582316220208311081e+09 5.591000000000000414e-01 0.000000000000000000e+00
1.582316220308082104e+09 5.590000000000000524e-01 0.000000000000000000e+00
1.582316220407845974e+09 5.590000000000000524e-01 0.000000000000000000e+00
1.582316220507591009e+09 5.590000000000000524e-01 0.000000000000000000e+00
1.582316220607342005e+09 5.591000000000000414e-01 0.000000000000000000e+00
1.582316220707103968e+09 5.590000000000000524e-01 0.000000000000000000e+00
1.582316220806868076e+09 5.591000000000000414e-01 0.000000000000000000e+00
1.582316220923291922e+09 5.588999999999999524e-01 0.000000000000000000e+00
1.582316221022456884e+09 5.590000000000000524e-01 0.000000000000000000e+00
1.582316221122479916e+09 5.588999999999999524e-01 0.000000000000000000e+00
1.582316221221380949e+09 5.591000000000000414e-01 0.000000000000000000e+00
1.582316221321171045e+09 5.591000000000000414e-01 0.000000000000000000e+00
1.582316221421298981e+09 5.590000000000000524e-01 0.000000000000000000e+00
1.582316221520457029e+09 5.590000000000000524e-01 0.000000000000000000e+00
1.582316221620233059e+09 5.591000000000000414e-01 0.000000000000000000e+00
1.582316221719213963e+09 5.588999999999999524e-01 0.000000000000000000e+00
1.582316221819257021e+09 5.587999999999999634e-01 0.000000000000000000e+00
1.582316221932279110e+09 5.590000000000000524e-01 0.000000000000000000e+00
1.582316222032285929e+09 5.590000000000000524e-01 0.000000000000000000e+00
1.582316222131380081e+09 5.587999999999999634e-01 0.000000000000000000e+00
1.582316222231349945e+09 5.587999999999999634e-01 0.000000000000000000e+00
1.582316222331140995e+09 5.587999999999999634e-01 0.000000000000000000e+00
1.582316222430219889e+09 5.590000000000000524e-01 0.000000000000000000e+00
1.582316222530220032e+09 5.590000000000000524e-01 0.000000000000000000e+00
1.582316222629412889e+09 5.591000000000000414e-01 0.000000000000000000e+00
1.582316222743093967e+09 5.587999999999999634e-01 0.000000000000000000e+00
1.582316222842981100e+09 5.586999999999999744e-01 0.000000000000000000e+00
1.582316222942197084e+09 5.588999999999999524e-01 0.000000000000000000e+00
1.582316223042117119e+09 5.593000000000000194e-01 0.000000000000000000e+00
1.582316223141139030e+09 5.591000000000000414e-01 0.000000000000000000e+00
1.582316223241127014e+09 5.591000000000000414e-01 0.000000000000000000e+00
1.582316223340197086e+09 5.590000000000000524e-01 0.000000000000000000e+00
1.582316223440150976e+09 5.586999999999999744e-01 0.000000000000000000e+00
1.582316223550151110e+09 5.591000000000000414e-01 0.000000000000000000e+00
1.582316223650227070e+09 5.587999999999999634e-01 0.000000000000000000e+00
1.582316223753026009e+09 5.588999999999999524e-01 0.000000000000000000e+00
1.582316223852118969e+09 5.588999999999999524e-01 0.000000000000000000e+00
1.582316223952243090e+09 5.591000000000000414e-01 0.000000000000000000e+00
1.582316224048604965e+09 5.587999999999999634e-01 0.000000000000000000e+00
1.582316224148899078e+09 5.590000000000000524e-01 0.000000000000000000e+00
1.582316224248670101e+09 5.590000000000000524e-01 0.000000000000000000e+00
1.582316224348433971e+09 5.587999999999999634e-01 0.000000000000000000e+00
1.582316224448196888e+09 5.587999999999999634e-01 0.000000000000000000e+00
1.582316224563097954e+09 5.591000000000000414e-01 0.000000000000000000e+00
1.582316224663156986e+09 5.587999999999999634e-01 0.000000000000000000e+00
1.582316224761981964e+09 5.591000000000000414e-01 0.000000000000000000e+00
1.582316224862099886e+09 5.591000000000000414e-01 0.000000000000000000e+00
1.582316224960824013e+09 5.588999999999999524e-01 0.000000000000000000e+00
1.582316225061062098e+09 5.591000000000000414e-01 0.000000000000000000e+00
1.582316225159996033e+09 5.591000000000000414e-01 0.000000000000000000e+00
1.582316225259814024e+09 5.592000000000000304e-01 0.000000000000000000e+00
1.582316225374188900e+09 5.590000000000000524e-01 0.000000000000000000e+00
1.582316225472827911e+09 5.591000000000000414e-01 0.000000000000000000e+00
1.582316225572798014e+09 5.588999999999999524e-01 0.000000000000000000e+00
1.582316225671900034e+09 5.591000000000000414e-01 0.000000000000000000e+00
1.582316225771948099e+09 5.590000000000000524e-01 0.000000000000000000e+00
1.582316225870882034e+09 5.591000000000000414e-01 0.000000000000000000e+00
1.582316225970834970e+09 5.590000000000000524e-01 0.000000000000000000e+00
1.582316226070851088e+09 5.591000000000000414e-01 0.000000000000000000e+00
1.582316226183954954e+09 5.591000000000000414e-01 0.000000000000000000e+00
1.582316226283987999e+09 5.590000000000000524e-01 0.000000000000000000e+00
1.582316226382762909e+09 5.590000000000000524e-01 0.000000000000000000e+00
1.582316226482800961e+09 5.592000000000000304e-01 0.000000000000000000e+00
1.582316226581824064e+09 5.591000000000000414e-01 0.000000000000000000e+00
1.582316226681974888e+09 5.591000000000000414e-01 0.000000000000000000e+00
1.582316226781752110e+09 5.591000000000000414e-01 0.000000000000000000e+00
1.582316226880809069e+09 5.591000000000000414e-01 0.000000000000000000e+00
1.582316226980720043e+09 5.591000000000000414e-01 0.000000000000000000e+00
1.582316227075236082e+09 5.588999999999999524e-01 0.000000000000000000e+00
1.582316227191632032e+09 5.587999999999999634e-01 0.000000000000000000e+00
1.582316227292804003e+09 5.590000000000000524e-01 0.000000000000000000e+00
1.582316227391161919e+09 5.591000000000000414e-01 0.000000000000000000e+00
1.582316227490915060e+09 5.591000000000000414e-01 0.000000000000000000e+00
1.582316227590687037e+09 5.590000000000000524e-01 0.000000000000000000e+00
1.582316227690422058e+09 5.590000000000000524e-01 0.000000000000000000e+00
1.582316227790271044e+09 5.590000000000000524e-01 0.000000000000000000e+00
1.582316227889950991e+09 5.587999999999999634e-01 0.000000000000000000e+00
1.582316228003810883e+09 5.588999999999999524e-01 0.000000000000000000e+00
1.582316228103768110e+09 5.588999999999999524e-01 0.000000000000000000e+00
1.582316228203655958e+09 5.592000000000000304e-01 0.000000000000000000e+00
1.582316228302613020e+09 5.590000000000000524e-01 0.000000000000000000e+00
1.582316228402630091e+09 5.587999999999999634e-01 0.000000000000000000e+00
1.582316228501753092e+09 5.592000000000000304e-01 0.000000000000000000e+00
1.582316228601592064e+09 5.592000000000000304e-01 0.000000000000000000e+00
1.582316228700556040e+09 5.590000000000000524e-01 0.000000000000000000e+00
1.582316228814558029e+09 5.591000000000000414e-01 0.000000000000000000e+00
1.582316228914566040e+09 5.591000000000000414e-01 0.000000000000000000e+00
1.582316229013432980e+09 5.592000000000000304e-01 0.000000000000000000e+00
1.582316229113367081e+09 5.590000000000000524e-01 0.000000000000000000e+00
1.582316229212615013e+09 5.591000000000000414e-01 0.000000000000000000e+00
1.582316229312535048e+09 5.591000000000000414e-01 0.000000000000000000e+00
1.582316229411509037e+09 5.591000000000000414e-01 0.000000000000000000e+00
1.582316229511441946e+09 5.590000000000000524e-01 0.000000000000000000e+00
1.582316229610438108e+09 5.590000000000000524e-01 0.000000000000000000e+00
1.582316229710509062e+09 5.591000000000000414e-01 0.000000000000000000e+00
1.582316229824457884e+09 5.590000000000000524e-01 0.000000000000000000e+00
1.582316229923480988e+09 5.591000000000000414e-01 0.000000000000000000e+00
1.582316230023606062e+09 5.590000000000000524e-01 0.000000000000000000e+00
1.582316230117958069e+09 5.588999999999999524e-01 0.000000000000000000e+00
1.582316230217716932e+09 5.590000000000000524e-01 0.000000000000000000e+00
1.582316230317488909e+09 5.591000000000000414e-01 0.000000000000000000e+00
1.582316230417269945e+09 5.590000000000000524e-01 0.000000000000000000e+00
1.582316230516905069e+09 5.588999999999999524e-01 0.000000000000000000e+00
1.582316230633516073e+09 5.591000000000000414e-01 0.000000000000000000e+00
1.582316230734399080e+09 5.590000000000000524e-01 0.000000000000000000e+00
1.582316230833574057e+09 5.590000000000000524e-01 0.000000000000000000e+00
1.582316230932670116e+09 5.590000000000000524e-01 0.000000000000000000e+00
1.582316231032435894e+09 5.590000000000000524e-01 0.000000000000000000e+00
1.582316231132183075e+09 5.590000000000000524e-01 0.000000000000000000e+00
1.582316231231518984e+09 5.590000000000000524e-01 0.000000000000000000e+00
1.582316231331494093e+09 5.590000000000000524e-01 0.000000000000000000e+00
1.582316231445337057e+09 5.588999999999999524e-01 0.000000000000000000e+00
1.582316231544424057e+09 5.590000000000000524e-01 0.000000000000000000e+00
1.582316231644474983e+09 5.587999999999999634e-01 0.000000000000000000e+00
1.582316231743155003e+09 5.587999999999999634e-01 0.000000000000000000e+00
1.582316231843245029e+09 5.590000000000000524e-01 0.000000000000000000e+00
1.582316231942399025e+09 5.588999999999999524e-01 0.000000000000000000e+00
1.582316232042469978e+09 5.587999999999999634e-01 0.000000000000000000e+00
1.582316232142380953e+09 5.591000000000000414e-01 0.000000000000000000e+00
1.582316232241295099e+09 5.590000000000000524e-01 0.000000000000000000e+00
1.582316232340214014e+09 5.588999999999999524e-01 0.000000000000000000e+00
1.582316232454411030e+09 5.588999999999999524e-01 0.000000000000000000e+00
1.582316232554323912e+09 5.588999999999999524e-01 0.000000000000000000e+00
1.582316232653213978e+09 5.590000000000000524e-01 0.000000000000000000e+00
1.582316232753324032e+09 5.591000000000000414e-01 0.000000000000000000e+00
1.582316232852258921e+09 5.588999999999999524e-01 0.000000000000000000e+00
1.582316232952315092e+09 5.590000000000000524e-01 0.000000000000000000e+00
1.582316233047969103e+09 5.586999999999999744e-01 0.000000000000000000e+00
1.582316233151293039e+09 5.588999999999999524e-01 0.000000000000000000e+00
1.582316233260440111e+09 5.591000000000000414e-01 0.000000000000000000e+00
1.582316233360209942e+09 5.590000000000000524e-01 0.000000000000000000e+00
1.582316233459862947e+09 5.591000000000000414e-01 0.000000000000000000e+00
1.582316233559627056e+09 5.591000000000000414e-01 0.000000000000000000e+00
1.582316233658777952e+09 5.591000000000000414e-01 0.000000000000000000e+00
1.582316233759124994e+09 5.588999999999999524e-01 0.000000000000000000e+00
1.582316233858913898e+09 5.590000000000000524e-01 0.000000000000000000e+00
1.582316233958785057e+09 5.591000000000000414e-01 0.000000000000000000e+00
1.582316234075031042e+09 5.590000000000000524e-01 0.000000000000000000e+00
1.582316234174928904e+09 5.590000000000000524e-01 0.000000000000000000e+00
1.582316234274684906e+09 5.592000000000000304e-01 0.000000000000000000e+00
1.582316234374138117e+09 5.588999999999999524e-01 0.000000000000000000e+00
1.582316234473140001e+09 5.590000000000000524e-01 0.000000000000000000e+00
1.582316234573112011e+09 5.591000000000000414e-01 0.000000000000000000e+00
1.582316234673027992e+09 5.591000000000000414e-01 0.000000000000000000e+00
1.582316234772232056e+09 5.591000000000000414e-01 0.000000000000000000e+00
1.582316234872067928e+09 5.590000000000000524e-01 0.000000000000000000e+00
1.582316234971007109e+09 5.592000000000000304e-01 0.000000000000000000e+00
1.582316235085073948e+09 5.592000000000000304e-01 0.000000000000000000e+00
1.582316235184107065e+09 5.591000000000000414e-01 0.000000000000000000e+00
1.582316235283948898e+09 5.588999999999999524e-01 0.000000000000000000e+00
1.582316235384134054e+09 5.590000000000000524e-01 0.000000000000000000e+00
1.582316235483002901e+09 5.586999999999999744e-01 0.000000000000000000e+00
1.582316235578118086e+09 5.587999999999999634e-01 0.000000000000000000e+00
1.582316235682225943e+09 5.584999999999999964e-01 0.000000000000000000e+00
1.582316235782063961e+09 5.587999999999999634e-01 0.000000000000000000e+00
1.582316235891082048e+09 5.586999999999999744e-01 0.000000000000000000e+00
1.582316235995333910e+09 5.585999999999999854e-01 0.000000000000000000e+00
1.582316236094821930e+09 5.586999999999999744e-01 0.000000000000000000e+00
1.582316236188952923e+09 5.584999999999999964e-01 0.000000000000000000e+00
1.582316236294080973e+09 5.588999999999999524e-01 0.000000000000000000e+00
1.582316236392843008e+09 5.590000000000000524e-01 0.000000000000000000e+00
1.582316236489322901e+09 5.585999999999999854e-01 0.000000000000000000e+00
1.582316236592237949e+09 5.587999999999999634e-01 0.000000000000000000e+00
1.582316236702172041e+09 5.588999999999999524e-01 0.000000000000000000e+00
1.582316236802063942e+09 5.588999999999999524e-01 0.000000000000000000e+00
1.582316236901721954e+09 5.586999999999999744e-01 0.000000000000000000e+00
1.582316237001457930e+09 5.586999999999999744e-01 0.000000000000000000e+00
1.582316237101140976e+09 5.586999999999999744e-01 0.000000000000000000e+00
1.582316237201195955e+09 5.586999999999999744e-01 0.000000000000000000e+00
1.582316237300782919e+09 5.587999999999999634e-01 0.000000000000000000e+00
1.582316237400527954e+09 5.588999999999999524e-01 0.000000000000000000e+00
1.582316237499063015e+09 5.588999999999999524e-01 0.000000000000000000e+00
1.582316237600071907e+09 5.588999999999999524e-01 0.000000000000000000e+00
1.582316237715806961e+09 5.590000000000000524e-01 0.000000000000000000e+00
1.582316237814069033e+09 5.588999999999999524e-01 0.000000000000000000e+00
1.582316237914846897e+09 5.587999999999999634e-01 0.000000000000000000e+00
1.582316238013684034e+09 5.588999999999999524e-01 0.000000000000000000e+00
1.582316238109894037e+09 5.591000000000000414e-01 0.000000000000000000e+00
1.582316238212784052e+09 5.590000000000000524e-01 0.000000000000000000e+00
1.582316238312911034e+09 5.588999999999999524e-01 0.000000000000000000e+00
1.582316238407645941e+09 5.587999999999999634e-01 0.000000000000000000e+00
1.582316238525580883e+09 5.590000000000000524e-01 0.000000000000000000e+00
1.582316238625663996e+09 5.588999999999999524e-01 0.000000000000000000e+00
1.582316238721787930e+09 5.588999999999999524e-01 0.000000000000000000e+00
1.582316238824690104e+09 5.591000000000000414e-01 0.000000000000000000e+00
1.582316238923681974e+09 5.587999999999999634e-01 0.000000000000000000e+00
1.582316239023598909e+09 5.587999999999999634e-01 0.000000000000000000e+00
1.582316239122639894e+09 5.590000000000000524e-01 0.000000000000000000e+00
1.582316239222718000e+09 5.588999999999999524e-01 0.000000000000000000e+00
1.582316239333585024e+09 5.591000000000000414e-01 0.000000000000000000e+00
1.582316239435645103e+09 5.590000000000000524e-01 0.000000000000000000e+00
1.582316239535526037e+09 5.590000000000000524e-01 0.000000000000000000e+00
1.582316239630947113e+09 5.590000000000000524e-01 0.000000000000000000e+00
1.582316239733867884e+09 5.591000000000000414e-01 0.000000000000000000e+00
1.582316239833648920e+09 5.590000000000000524e-01 0.000000000000000000e+00
1.582316239928767920e+09 5.590000000000000524e-01 0.000000000000000000e+00
1.582316240030642986e+09 5.587999999999999634e-01 0.000000000000000000e+00
1.582316240132726908e+09 5.586999999999999744e-01 0.000000000000000000e+00
1.582316240232584953e+09 5.593000000000000194e-01 0.000000000000000000e+00
1.582316240343482018e+09 5.590000000000000524e-01 0.000000000000000000e+00
1.582316240443263054e+09 5.590000000000000524e-01 0.000000000000000000e+00
1.582316240543020964e+09 5.590000000000000524e-01 0.000000000000000000e+00
1.582316240641875029e+09 5.588999999999999524e-01 0.000000000000000000e+00
1.582316240740348101e+09 5.587999999999999634e-01 0.000000000000000000e+00
1.582316240842283964e+09 5.587999999999999634e-01 0.000000000000000000e+00
1.582316240940649986e+09 5.588999999999999524e-01 0.000000000000000000e+00
1.582316241041825056e+09 5.588999999999999524e-01 0.000000000000000000e+00
1.582316241156506062e+09 5.588999999999999524e-01 0.000000000000000000e+00
1.582316241255659103e+09 5.591000000000000414e-01 0.000000000000000000e+00
1.582316241352519035e+09 5.590000000000000524e-01 0.000000000000000000e+00
1.582316241455446959e+09 5.586999999999999744e-01 0.000000000000000000e+00
1.582316241553844929e+09 5.588999999999999524e-01 0.000000000000000000e+00
1.582316241654541969e+09 5.590000000000000524e-01 0.000000000000000000e+00
1.582316241753465891e+09 5.586999999999999744e-01 0.000000000000000000e+00
1.582316241850909948e+09 5.591000000000000414e-01 0.000000000000000000e+00
1.582316241966615915e+09 5.588999999999999524e-01 0.000000000000000000e+00
1.582316242061671972e+09 5.591000000000000414e-01 0.000000000000000000e+00
1.582316242166491985e+09 5.588999999999999524e-01 0.000000000000000000e+00
1.582316242265414000e+09 5.590000000000000524e-01 0.000000000000000000e+00
1.582316242360313892e+09 5.586999999999999744e-01 0.000000000000000000e+00
1.582316242461668968e+09 5.588999999999999524e-01 0.000000000000000000e+00
1.582316242564347982e+09 5.590000000000000524e-01 0.000000000000000000e+00
1.582316242663482904e+09 5.586999999999999744e-01 0.000000000000000000e+00
1.582316242759413958e+09 5.585999999999999854e-01 0.000000000000000000e+00
1.582316242862302065e+09 5.588999999999999524e-01 0.000000000000000000e+00
1.582316242976146936e+09 5.588999999999999524e-01 0.000000000000000000e+00
1.582316243074489117e+09 5.588999999999999524e-01 0.000000000000000000e+00
1.582316243175209999e+09 5.588999999999999524e-01 0.000000000000000000e+00
1.582316243275439978e+09 5.586999999999999744e-01 0.000000000000000000e+00
1.582316243372550011e+09 5.588999999999999524e-01 0.000000000000000000e+00
1.582316243469373941e+09 5.587999999999999634e-01 0.000000000000000000e+00
1.582316243569025993e+09 5.588999999999999524e-01 0.000000000000000000e+00
1.582316243669081926e+09 5.587999999999999634e-01 0.000000000000000000e+00
1.582316243785290003e+09 5.586999999999999744e-01 0.000000000000000000e+00
1.582316243885025978e+09 5.587999999999999634e-01 0.000000000000000000e+00
1.582316243984611034e+09 5.588999999999999524e-01 0.000000000000000000e+00
1.582316244084552050e+09 5.590000000000000524e-01 0.000000000000000000e+00
1.582316244184273005e+09 5.588999999999999524e-01 0.000000000000000000e+00
1.582316244281337976e+09 5.591000000000000414e-01 0.000000000000000000e+00
1.582316244383846998e+09 5.587999999999999634e-01 0.000000000000000000e+00
1.582316244483230114e+09 5.591000000000000414e-01 0.000000000000000000e+00
1.582316244595427990e+09 5.588999999999999524e-01 0.000000000000000000e+00
1.582316244697324991e+09 5.590000000000000524e-01 0.000000000000000000e+00
1.582316244796212912e+09 5.587999999999999634e-01 0.000000000000000000e+00
1.582316244893465042e+09 5.588999999999999524e-01 0.000000000000000000e+00
1.582316244995152950e+09 5.587999999999999634e-01 0.000000000000000000e+00
1.582316245095087051e+09 5.587999999999999634e-01 0.000000000000000000e+00
1.582316245190664053e+09 5.587999999999999634e-01 0.000000000000000000e+00
1.582316245294189930e+09 5.585999999999999854e-01 0.000000000000000000e+00
1.582316245392987013e+09 5.587999999999999634e-01 0.000000000000000000e+00
1.582316245492611885e+09 5.588999999999999524e-01 0.000000000000000000e+00
1.582316245606935978e+09 5.590000000000000524e-01 0.000000000000000000e+00
1.582316245706000090e+09 5.588999999999999524e-01 0.000000000000000000e+00
1.582316245800981045e+09 5.591000000000000414e-01 0.000000000000000000e+00
1.582316245905011892e+09 5.585999999999999854e-01 0.000000000000000000e+00
1.582316246004874945e+09 5.588999999999999524e-01 0.000000000000000000e+00
1.582316246103972912e+09 5.587999999999999634e-01 0.000000000000000000e+00
1.582316246201678991e+09 5.588999999999999524e-01 0.000000000000000000e+00
1.582316246302871943e+09 5.588999999999999524e-01 0.000000000000000000e+00
1.582316246412218094e+09 5.590000000000000524e-01 0.000000000000000000e+00
1.582316246515278101e+09 5.588999999999999524e-01 0.000000000000000000e+00
1.582316246611471891e+09 5.588999999999999524e-01 0.000000000000000000e+00
1.582316246711514950e+09 5.586999999999999744e-01 0.000000000000000000e+00
1.582316246811465979e+09 5.586999999999999744e-01 0.000000000000000000e+00
1.582316246911118031e+09 5.584999999999999964e-01 0.000000000000000000e+00
1.582316247013643026e+09 5.587999999999999634e-01 0.000000000000000000e+00
1.582316247110011101e+09 5.586999999999999744e-01 0.000000000000000000e+00
1.582316247227050066e+09 5.590000000000000524e-01 0.000000000000000000e+00
1.582316247326802015e+09 5.587999999999999634e-01 0.000000000000000000e+00
1.582316247423101902e+09 5.587999999999999634e-01 0.000000000000000000e+00
1.582316247525913000e+09 5.590000000000000524e-01 0.000000000000000000e+00
1.582316247625962019e+09 5.588999999999999524e-01 0.000000000000000000e+00
1.582316247725831032e+09 5.588999999999999524e-01 0.000000000000000000e+00
1.582316247825033903e+09 5.586999999999999744e-01 0.000000000000000000e+00
1.582316247924813986e+09 5.590000000000000524e-01 0.000000000000000000e+00
1.582316248023783922e+09 5.586999999999999744e-01 0.000000000000000000e+00
1.582316248120930910e+09 5.590000000000000524e-01 0.000000000000000000e+00
1.582316248236742973e+09 5.587999999999999634e-01 0.000000000000000000e+00
1.582316248332797050e+09 5.588999999999999524e-01 0.000000000000000000e+00
1.582316248436923981e+09 5.590000000000000524e-01 0.000000000000000000e+00
1.582316248535940886e+09 5.588999999999999524e-01 0.000000000000000000e+00
1.582316248635780096e+09 5.588999999999999524e-01 0.000000000000000000e+00
1.582316248734074116e+09 5.587999999999999634e-01 0.000000000000000000e+00
1.582316248834810019e+09 5.587999999999999634e-01 0.000000000000000000e+00
1.582316248933777094e+09 5.587999999999999634e-01 0.000000000000000000e+00
1.582316249047382116e+09 5.587999999999999634e-01 0.000000000000000000e+00
1.582316249147782087e+09 5.588999999999999524e-01 0.000000000000000000e+00
1.582316249246679068e+09 5.587999999999999634e-01 0.000000000000000000e+00
1.582316249343877077e+09 5.586999999999999744e-01 0.000000000000000000e+00
1.582316249445739985e+09 5.590000000000000524e-01 0.000000000000000000e+00
1.582316249545825958e+09 5.587999999999999634e-01 0.000000000000000000e+00
1.582316249640818119e+09 5.588999999999999524e-01 0.000000000000000000e+00
1.582316249744853973e+09 5.591000000000000414e-01 0.000000000000000000e+00
1.582316249854017973e+09 5.584999999999999964e-01 0.000000000000000000e+00
1.582316249955055952e+09 5.590000000000000524e-01 0.000000000000000000e+00
1.582316250053605080e+09 5.588999999999999524e-01 0.000000000000000000e+00
1.582316250153357983e+09 5.588999999999999524e-01 0.000000000000000000e+00
1.582316250252778053e+09 5.587999999999999634e-01 0.000000000000000000e+00
1.582316250352909088e+09 5.587999999999999634e-01 0.000000000000000000e+00
1.582316250452668905e+09 5.587999999999999634e-01 0.000000000000000000e+00
1.582316250549709082e+09 5.587999999999999634e-01 0.000000000000000000e+00
1.582316250654401064e+09 5.588999999999999524e-01 0.000000000000000000e+00
1.582316250751966953e+09 5.588999999999999524e-01 0.000000000000000000e+00
1.582316250864990950e+09 5.587999999999999634e-01 0.000000000000000000e+00
1.582316250967462063e+09 5.586999999999999744e-01 0.000000000000000000e+00
1.582316251066654921e+09 5.591000000000000414e-01 0.000000000000000000e+00
1.582316251163927078e+09 5.585999999999999854e-01 0.000000000000000000e+00
1.582316251265600920e+09 5.588999999999999524e-01 0.000000000000000000e+00
1.582316251363305092e+09 5.588999999999999524e-01 0.000000000000000000e+00
1.582316251460412979e+09 5.590000000000000524e-01 0.000000000000000000e+00
1.582316251564615965e+09 5.586999999999999744e-01 0.000000000000000000e+00
1.582316251678514004e+09 5.588999999999999524e-01 0.000000000000000000e+00
1.582316251774900913e+09 5.587999999999999634e-01 0.000000000000000000e+00
1.582316251877389908e+09 5.586999999999999744e-01 0.000000000000000000e+00
1.582316251976564884e+09 5.587999999999999634e-01 0.000000000000000000e+00
1.582316252073503017e+09 5.585999999999999854e-01 0.000000000000000000e+00
1.582316252175466061e+09 5.588999999999999524e-01 0.000000000000000000e+00
1.582316252275398970e+09 5.590000000000000524e-01 0.000000000000000000e+00
1.582316252370342970e+09 5.587999999999999634e-01 0.000000000000000000e+00
1.582316252488296986e+09 5.590000000000000524e-01 0.000000000000000000e+00
1.582316252588505983e+09 5.587999999999999634e-01 0.000000000000000000e+00
1.582316252683209896e+09 5.587999999999999634e-01 0.000000000000000000e+00
1.582316252787508965e+09 5.585999999999999854e-01 0.000000000000000000e+00
1.582316252886323929e+09 5.587999999999999634e-01 0.000000000000000000e+00
1.582316252981066942e+09 5.590000000000000524e-01 0.000000000000000000e+00
1.582316253084450960e+09 5.587999999999999634e-01 0.000000000000000000e+00
1.582316253185290098e+09 5.585999999999999854e-01 0.000000000000000000e+00
1.582316253285195112e+09 5.586999999999999744e-01 0.000000000000000000e+00
1.582316253381572008e+09 5.587999999999999634e-01 0.000000000000000000e+00
1.582316253495385885e+09 5.588999999999999524e-01 0.000000000000000000e+00
1.582316253595143080e+09 5.586999999999999744e-01 0.000000000000000000e+00
1.582316253694459915e+09 5.585999999999999854e-01 0.000000000000000000e+00
1.582316253794687986e+09 5.587999999999999634e-01 0.000000000000000000e+00
1.582316253894443035e+09 5.588999999999999524e-01 0.000000000000000000e+00
1.582316253991230965e+09 5.587999999999999634e-01 0.000000000000000000e+00
1.582316254093950033e+09 5.587999999999999634e-01 0.000000000000000000e+00
1.582316254193712950e+09 5.588999999999999524e-01 0.000000000000000000e+00
1.582316254305263996e+09 5.588999999999999524e-01 0.000000000000000000e+00
1.582316254408253908e+09 5.586999999999999744e-01 0.000000000000000000e+00
1.582316254508424997e+09 5.587999999999999634e-01 0.000000000000000000e+00
1.582316254604552984e+09 5.588999999999999524e-01 0.000000000000000000e+00
1.582316254707312107e+09 5.587999999999999634e-01 0.000000000000000000e+00
1.582316254806236982e+09 5.587999999999999634e-01 0.000000000000000000e+00
1.582316254906181097e+09 5.590000000000000524e-01 0.000000000000000000e+00
1.582316255019197941e+09 5.591000000000000414e-01 0.000000000000000000e+00
1.582316255119132996e+09 5.587999999999999634e-01 0.000000000000000000e+00
1.582316255216530085e+09 5.586999999999999744e-01 0.000000000000000000e+00
1.582316255318152905e+09 5.586999999999999744e-01 0.000000000000000000e+00
1.582316255418256998e+09 5.591000000000000414e-01 0.000000000000000000e+00
1.582316255514261007e+09 5.588999999999999524e-01 0.000000000000000000e+00
1.582316255617214918e+09 5.587999999999999634e-01 0.000000000000000000e+00
1.582316255716175079e+09 5.588999999999999524e-01 0.000000000000000000e+00
1.582316255830198050e+09 5.587999999999999634e-01 0.000000000000000000e+00
1.582316255930044889e+09 5.585999999999999854e-01 0.000000000000000000e+00
1.582316256029079914e+09 5.587999999999999634e-01 0.000000000000000000e+00
1.582316256126028061e+09 5.585999999999999854e-01 0.000000000000000000e+00
1.582316256227994919e+09 5.588999999999999524e-01 0.000000000000000000e+00
1.582316256328030109e+09 5.587999999999999634e-01 0.000000000000000000e+00
1.582316256423875093e+09 5.586999999999999744e-01 0.000000000000000000e+00
1.582316256527117968e+09 5.587999999999999634e-01 0.000000000000000000e+00
1.582316256621251106e+09 5.588999999999999524e-01 0.000000000000000000e+00
1.582316256737365007e+09 5.588999999999999524e-01 0.000000000000000000e+00
1.582316256837414980e+09 5.591000000000000414e-01 0.000000000000000000e+00
1.582316256937165976e+09 5.588999999999999524e-01 0.000000000000000000e+00
1.582316257036632061e+09 5.587999999999999634e-01 0.000000000000000000e+00
1.582316257136643887e+09 5.586999999999999744e-01 0.000000000000000000e+00
1.582316257236434937e+09 5.586999999999999744e-01 0.000000000000000000e+00
1.582316257334239960e+09 5.586999999999999744e-01 0.000000000000000000e+00
1.582316257434005976e+09 5.588999999999999524e-01 0.000000000000000000e+00
1.582316257532797098e+09 5.585999999999999854e-01 0.000000000000000000e+00
1.582316257648633957e+09 5.588999999999999524e-01 0.000000000000000000e+00
1.582316257749838114e+09 5.590000000000000524e-01 0.000000000000000000e+00
1.582316257846757889e+09 5.585999999999999854e-01 0.000000000000000000e+00
1.582316257944869995e+09 5.587999999999999634e-01 0.000000000000000000e+00
1.582316258047950983e+09 5.585999999999999854e-01 0.000000000000000000e+00
