# 
# Duration (in s): 60
# Pointing Position of the Horn: Calibrator paddle
# Angle pointing (from vertical): 50.20
# Calibrator used: YES
# Weather: very clear
# Units: tenth microWatt
# Comments: sky dip 50
1.582317497361332893e+09 5.677999999999999714e-01 0.000000000000000000e+00
1.582317497460653067e+09 5.677999999999999714e-01 0.000000000000000000e+00
1.582317497545907021e+09 5.675999999999999934e-01 0.000000000000000000e+00
1.582317497645889997e+09 5.673000000000000265e-01 0.000000000000000000e+00
1.582317497743419886e+09 5.674000000000000155e-01 0.000000000000000000e+00
1.582317497844692945e+09 5.674000000000000155e-01 0.000000000000000000e+00
1.582317497943753958e+09 5.674000000000000155e-01 0.000000000000000000e+00
1.582317498043581009e+09 5.675000000000000044e-01 0.000000000000000000e+00
1.582317498155013084e+09 5.674000000000000155e-01 0.000000000000000000e+00
1.582317498253124952e+09 5.671000000000000485e-01 0.000000000000000000e+00
1.582317498352827072e+09 5.673000000000000265e-01 0.000000000000000000e+00
1.582317498455672979e+09 5.674000000000000155e-01 0.000000000000000000e+00
1.582317498555721045e+09 5.673000000000000265e-01 0.000000000000000000e+00
1.582317498652158976e+09 5.675999999999999934e-01 0.000000000000000000e+00
1.582317498751945019e+09 5.673000000000000265e-01 0.000000000000000000e+00
1.582317498851710081e+09 5.674000000000000155e-01 0.000000000000000000e+00
1.582317498967906952e+09 5.672000000000000375e-01 0.000000000000000000e+00
1.582317499067554951e+09 5.674000000000000155e-01 0.000000000000000000e+00
1.582317499166637897e+09 5.673000000000000265e-01 0.000000000000000000e+00
1.582317499266730070e+09 5.675000000000000044e-01 0.000000000000000000e+00
1.582317499364607096e+09 5.673000000000000265e-01 0.000000000000000000e+00
1.582317499465576887e+09 5.673000000000000265e-01 0.000000000000000000e+00
1.582317499564487934e+09 5.672000000000000375e-01 0.000000000000000000e+00
1.582317499664453983e+09 5.674000000000000155e-01 0.000000000000000000e+00
1.582317499773612022e+09 5.674000000000000155e-01 0.000000000000000000e+00
1.582317499877409935e+09 5.674000000000000155e-01 0.000000000000000000e+00
1.582317499977272034e+09 5.675000000000000044e-01 0.000000000000000000e+00
1.582317500072961092e+09 5.675000000000000044e-01 0.000000000000000000e+00
1.582317500176546097e+09 5.674000000000000155e-01 0.000000000000000000e+00
1.582317500270437956e+09 5.675000000000000044e-01 0.000000000000000000e+00
1.582317500375452995e+09 5.675000000000000044e-01 0.000000000000000000e+00
1.582317500471935987e+09 5.675000000000000044e-01 0.000000000000000000e+00
1.582317500569286108e+09 5.675999999999999934e-01 0.000000000000000000e+00
1.582317500674453020e+09 5.674000000000000155e-01 0.000000000000000000e+00
1.582317500782929897e+09 5.675000000000000044e-01 0.000000000000000000e+00
1.582317500882474899e+09 5.675000000000000044e-01 0.000000000000000000e+00
1.582317500986269951e+09 5.675000000000000044e-01 0.000000000000000000e+00
1.582317501086682081e+09 5.674000000000000155e-01 0.000000000000000000e+00
1.582317501181090117e+09 5.676999999999999824e-01 0.000000000000000000e+00
1.582317501281292915e+09 5.677999999999999714e-01 0.000000000000000000e+00
1.582317501380767107e+09 5.675999999999999934e-01 0.000000000000000000e+00
1.582317501484402895e+09 5.669999999999999485e-01 0.000000000000000000e+00
1.582317501595114946e+09 5.673000000000000265e-01 0.000000000000000000e+00
1.582317501694829941e+09 5.672000000000000375e-01 0.000000000000000000e+00
1.582317501794698954e+09 5.673000000000000265e-01 0.000000000000000000e+00
1.582317501894473076e+09 5.675999999999999934e-01 0.000000000000000000e+00
1.582317501994218111e+09 5.675000000000000044e-01 0.000000000000000000e+00
1.582317502093542099e+09 5.674000000000000155e-01 0.000000000000000000e+00
1.582317502193658113e+09 5.673000000000000265e-01 0.000000000000000000e+00
1.582317502293479919e+09 5.674000000000000155e-01 0.000000000000000000e+00
1.582317502393275023e+09 5.673000000000000265e-01 0.000000000000000000e+00
1.582317502505381107e+09 5.674000000000000155e-01 0.000000000000000000e+00
1.582317502607419968e+09 5.674000000000000155e-01 0.000000000000000000e+00
1.582317502707257986e+09 5.675999999999999934e-01 0.000000000000000000e+00
1.582317502807271957e+09 5.675999999999999934e-01 0.000000000000000000e+00
1.582317502901916027e+09 5.674000000000000155e-01 0.000000000000000000e+00
1.582317503005582094e+09 5.673000000000000265e-01 0.000000000000000000e+00
1.582317503105228901e+09 5.674000000000000155e-01 0.000000000000000000e+00
1.582317503205323935e+09 5.673000000000000265e-01 0.000000000000000000e+00
1.582317503304253101e+09 5.674000000000000155e-01 0.000000000000000000e+00
1.582317503418315887e+09 5.674000000000000155e-01 0.000000000000000000e+00
1.582317503518290043e+09 5.673000000000000265e-01 0.000000000000000000e+00
1.582317503617208004e+09 5.674000000000000155e-01 0.000000000000000000e+00
1.582317503714831114e+09 5.675000000000000044e-01 0.000000000000000000e+00
1.582317503815716982e+09 5.674000000000000155e-01 0.000000000000000000e+00
1.582317503916235924e+09 5.674000000000000155e-01 0.000000000000000000e+00
1.582317504015141010e+09 5.674000000000000155e-01 0.000000000000000000e+00
1.582317504115083933e+09 5.674000000000000155e-01 0.000000000000000000e+00
1.582317504213943958e+09 5.672000000000000375e-01 0.000000000000000000e+00
1.582317504309917927e+09 5.673000000000000265e-01 0.000000000000000000e+00
1.582317504427860975e+09 5.675999999999999934e-01 0.000000000000000000e+00
1.582317504527184963e+09 5.676999999999999824e-01 0.000000000000000000e+00
1.582317504627031088e+09 5.675000000000000044e-01 0.000000000000000000e+00
1.582317504726032972e+09 5.673000000000000265e-01 0.000000000000000000e+00
1.582317504820738077e+09 5.673000000000000265e-01 0.000000000000000000e+00
1.582317504920445919e+09 5.672000000000000375e-01 0.000000000000000000e+00
1.582317505020332098e+09 5.674000000000000155e-01 0.000000000000000000e+00
1.582317505122991085e+09 5.675000000000000044e-01 0.000000000000000000e+00
1.582317505234522104e+09 5.675999999999999934e-01 0.000000000000000000e+00
1.582317505336232901e+09 5.675000000000000044e-01 0.000000000000000000e+00
1.582317505435993910e+09 5.673000000000000265e-01 0.000000000000000000e+00
1.582317505535618067e+09 5.673000000000000265e-01 0.000000000000000000e+00
1.582317505635396957e+09 5.672000000000000375e-01 0.000000000000000000e+00
1.582317505735165119e+09 5.674000000000000155e-01 0.000000000000000000e+00
1.582317505835071087e+09 5.672000000000000375e-01 0.000000000000000000e+00
1.582317505934833050e+09 5.672000000000000375e-01 0.000000000000000000e+00
1.582317506030881882e+09 5.673000000000000265e-01 0.000000000000000000e+00
1.582317506148081064e+09 5.674000000000000155e-01 0.000000000000000000e+00
1.582317506247915983e+09 5.674000000000000155e-01 0.000000000000000000e+00
1.582317506343715906e+09 5.674000000000000155e-01 0.000000000000000000e+00
1.582317506446913004e+09 5.673000000000000265e-01 0.000000000000000000e+00
1.582317506545943975e+09 5.674000000000000155e-01 0.000000000000000000e+00
1.582317506645859003e+09 5.675000000000000044e-01 0.000000000000000000e+00
1.582317506745954037e+09 5.674000000000000155e-01 0.000000000000000000e+00
1.582317506844958067e+09 5.675000000000000044e-01 0.000000000000000000e+00
1.582317506938803911e+09 5.672000000000000375e-01 0.000000000000000000e+00
1.582317507043791056e+09 5.674000000000000155e-01 0.000000000000000000e+00
1.582317507156548977e+09 5.674000000000000155e-01 0.000000000000000000e+00
1.582317507252954006e+09 5.675999999999999934e-01 0.000000000000000000e+00
1.582317507356834888e+09 5.674000000000000155e-01 0.000000000000000000e+00
1.582317507456830025e+09 5.674000000000000155e-01 0.000000000000000000e+00
1.582317507555811882e+09 5.675000000000000044e-01 0.000000000000000000e+00
1.582317507654788971e+09 5.675000000000000044e-01 0.000000000000000000e+00
1.582317507754879951e+09 5.675999999999999934e-01 0.000000000000000000e+00
1.582317507854675055e+09 5.673000000000000265e-01 0.000000000000000000e+00
1.582317507963290930e+09 5.675999999999999934e-01 0.000000000000000000e+00
1.582317508063034058e+09 5.676999999999999824e-01 0.000000000000000000e+00
1.582317508165291071e+09 5.674000000000000155e-01 0.000000000000000000e+00
1.582317508262437105e+09 5.675000000000000044e-01 0.000000000000000000e+00
1.582317508362199068e+09 5.674000000000000155e-01 0.000000000000000000e+00
1.582317508462080956e+09 5.674000000000000155e-01 0.000000000000000000e+00
1.582317508565398932e+09 5.676999999999999824e-01 0.000000000000000000e+00
1.582317508661465883e+09 5.673000000000000265e-01 0.000000000000000000e+00
1.582317508777985096e+09 5.675000000000000044e-01 0.000000000000000000e+00
1.582317508877765894e+09 5.675999999999999934e-01 0.000000000000000000e+00
1.582317508977078915e+09 5.674000000000000155e-01 0.000000000000000000e+00
1.582317509076836109e+09 5.672000000000000375e-01 0.000000000000000000e+00
1.582317509176665068e+09 5.675000000000000044e-01 0.000000000000000000e+00
1.582317509276484966e+09 5.675999999999999934e-01 0.000000000000000000e+00
1.582317509375638962e+09 5.675999999999999934e-01 0.000000000000000000e+00
1.582317509471750975e+09 5.675999999999999934e-01 0.000000000000000000e+00
1.582317509574744940e+09 5.675000000000000044e-01 0.000000000000000000e+00
1.582317509674480915e+09 5.675000000000000044e-01 0.000000000000000000e+00
1.582317509783660889e+09 5.673000000000000265e-01 0.000000000000000000e+00
1.582317509887528896e+09 5.674000000000000155e-01 0.000000000000000000e+00
1.582317509987601995e+09 5.675000000000000044e-01 0.000000000000000000e+00
1.582317510086682081e+09 5.675999999999999934e-01 0.000000000000000000e+00
1.582317510186666965e+09 5.676999999999999824e-01 0.000000000000000000e+00
1.582317510285474062e+09 5.675999999999999934e-01 0.000000000000000000e+00
1.582317510385441065e+09 5.674000000000000155e-01 0.000000000000000000e+00
1.582317510484529972e+09 5.675999999999999934e-01 0.000000000000000000e+00
1.582317510595197916e+09 5.673000000000000265e-01 0.000000000000000000e+00
1.582317510698436975e+09 5.674000000000000155e-01 0.000000000000000000e+00
1.582317510797501087e+09 5.675000000000000044e-01 0.000000000000000000e+00
1.582317510897463083e+09 5.675000000000000044e-01 0.000000000000000000e+00
1.582317510996481895e+09 5.674000000000000155e-01 0.000000000000000000e+00
1.582317511096544027e+09 5.675000000000000044e-01 0.000000000000000000e+00
1.582317511195493937e+09 5.674000000000000155e-01 0.000000000000000000e+00
1.582317511295644999e+09 5.675000000000000044e-01 0.000000000000000000e+00
1.582317511405024052e+09 5.675000000000000044e-01 0.000000000000000000e+00
1.582317511504745960e+09 5.675000000000000044e-01 0.000000000000000000e+00
1.582317511604562044e+09 5.674000000000000155e-01 0.000000000000000000e+00
1.582317511704315901e+09 5.673000000000000265e-01 0.000000000000000000e+00
1.582317511807408094e+09 5.675000000000000044e-01 0.000000000000000000e+00
1.582317511906418085e+09 5.675000000000000044e-01 0.000000000000000000e+00
1.582317512005882978e+09 5.675000000000000044e-01 0.000000000000000000e+00
1.582317512106451988e+09 5.675000000000000044e-01 0.000000000000000000e+00
1.582317512203088999e+09 5.675999999999999934e-01 0.000000000000000000e+00
1.582317512302862883e+09 5.674000000000000155e-01 0.000000000000000000e+00
1.582317512418344021e+09 5.673000000000000265e-01 0.000000000000000000e+00
1.582317512513289928e+09 5.676999999999999824e-01 0.000000000000000000e+00
1.582317512617341042e+09 5.675000000000000044e-01 0.000000000000000000e+00
1.582317512717227936e+09 5.676999999999999824e-01 0.000000000000000000e+00
1.582317512816287994e+09 5.675999999999999934e-01 0.000000000000000000e+00
1.582317512916248083e+09 5.675000000000000044e-01 0.000000000000000000e+00
1.582317513015358925e+09 5.675000000000000044e-01 0.000000000000000000e+00
1.582317513115211964e+09 5.675000000000000044e-01 0.000000000000000000e+00
1.582317513229465008e+09 5.674000000000000155e-01 0.000000000000000000e+00
1.582317513327826977e+09 5.674000000000000155e-01 0.000000000000000000e+00
1.582317513422974110e+09 5.675000000000000044e-01 0.000000000000000000e+00
1.582317513527275085e+09 5.675000000000000044e-01 0.000000000000000000e+00
1.582317513627192020e+09 5.674000000000000155e-01 0.000000000000000000e+00
1.582317513726325989e+09 5.674000000000000155e-01 0.000000000000000000e+00
1.582317513826406002e+09 5.673000000000000265e-01 0.000000000000000000e+00
1.582317513926310062e+09 5.676999999999999824e-01 0.000000000000000000e+00
1.582317514039390087e+09 5.675000000000000044e-01 0.000000000000000000e+00
1.582317514139050007e+09 5.675000000000000044e-01 0.000000000000000000e+00
1.582317514239079952e+09 5.675000000000000044e-01 0.000000000000000000e+00
1.582317514338141918e+09 5.676999999999999824e-01 0.000000000000000000e+00
1.582317514437232971e+09 5.675999999999999934e-01 0.000000000000000000e+00
1.582317514537087917e+09 5.675000000000000044e-01 0.000000000000000000e+00
1.582317514637106895e+09 5.673000000000000265e-01 0.000000000000000000e+00
1.582317514731601954e+09 5.673000000000000265e-01 0.000000000000000000e+00
1.582317514836057901e+09 5.674000000000000155e-01 0.000000000000000000e+00
1.582317514935061932e+09 5.675999999999999934e-01 0.000000000000000000e+00
1.582317515046327114e+09 5.675999999999999934e-01 0.000000000000000000e+00
1.582317515146120071e+09 5.676999999999999824e-01 0.000000000000000000e+00
1.582317515245824099e+09 5.675999999999999934e-01 0.000000000000000000e+00
1.582317515345575094e+09 5.674000000000000155e-01 0.000000000000000000e+00
1.582317515445354939e+09 5.672000000000000375e-01 0.000000000000000000e+00
1.582317515545085907e+09 5.674000000000000155e-01 0.000000000000000000e+00
1.582317515644912958e+09 5.673000000000000265e-01 0.000000000000000000e+00
1.582317515744652987e+09 5.676999999999999824e-01 0.000000000000000000e+00
1.582317515859069109e+09 5.675000000000000044e-01 0.000000000000000000e+00
1.582317515958983898e+09 5.674000000000000155e-01 0.000000000000000000e+00
1.582317516058933973e+09 5.675999999999999934e-01 0.000000000000000000e+00
1.582317516158005953e+09 5.675000000000000044e-01 0.000000000000000000e+00
1.582317516258043051e+09 5.675000000000000044e-01 0.000000000000000000e+00
1.582317516357007027e+09 5.676999999999999824e-01 0.000000000000000000e+00
1.582317516456948042e+09 5.674000000000000155e-01 0.000000000000000000e+00
1.582317516555995941e+09 5.675000000000000044e-01 0.000000000000000000e+00
1.582317516669992924e+09 5.674000000000000155e-01 0.000000000000000000e+00
1.582317516769783020e+09 5.675000000000000044e-01 0.000000000000000000e+00
1.582317516868932009e+09 5.675999999999999934e-01 0.000000000000000000e+00
1.582317516969000101e+09 5.676999999999999824e-01 0.000000000000000000e+00
1.582317517067964077e+09 5.675000000000000044e-01 0.000000000000000000e+00
1.582317517167928934e+09 5.673000000000000265e-01 0.000000000000000000e+00
1.582317517266921043e+09 5.675000000000000044e-01 0.000000000000000000e+00
1.582317517366708994e+09 5.673000000000000265e-01 0.000000000000000000e+00
1.582317517465893030e+09 5.674000000000000155e-01 0.000000000000000000e+00
1.582317517565912008e+09 5.675000000000000044e-01 0.000000000000000000e+00
1.582317517679821968e+09 5.675999999999999934e-01 0.000000000000000000e+00
1.582317517778738976e+09 5.675000000000000044e-01 0.000000000000000000e+00
1.582317517878712893e+09 5.675000000000000044e-01 0.000000000000000000e+00
1.582317517977853060e+09 5.673000000000000265e-01 0.000000000000000000e+00
1.582317518077898026e+09 5.675000000000000044e-01 0.000000000000000000e+00
1.582317518172199965e+09 5.675999999999999934e-01 0.000000000000000000e+00
1.582317518273160934e+09 5.676999999999999824e-01 0.000000000000000000e+00
1.582317518375832081e+09 5.675000000000000044e-01 0.000000000000000000e+00
1.582317518488091946e+09 5.674000000000000155e-01 0.000000000000000000e+00
1.582317518587852001e+09 5.675000000000000044e-01 0.000000000000000000e+00
1.582317518687622070e+09 5.674000000000000155e-01 0.000000000000000000e+00
1.582317518788746119e+09 5.673000000000000265e-01 0.000000000000000000e+00
1.582317518887145042e+09 5.674000000000000155e-01 0.000000000000000000e+00
1.582317518986915112e+09 5.674000000000000155e-01 0.000000000000000000e+00
1.582317519086740017e+09 5.674000000000000155e-01 0.000000000000000000e+00
1.582317519186444044e+09 5.675999999999999934e-01 0.000000000000000000e+00
1.582317519300818920e+09 5.674000000000000155e-01 0.000000000000000000e+00
1.582317519399705887e+09 5.675999999999999934e-01 0.000000000000000000e+00
1.582317519499605894e+09 5.673000000000000265e-01 0.000000000000000000e+00
1.582317519598730087e+09 5.674000000000000155e-01 0.000000000000000000e+00
1.582317519698705912e+09 5.676999999999999824e-01 0.000000000000000000e+00
1.582317519797626019e+09 5.675000000000000044e-01 0.000000000000000000e+00
1.582317519897702932e+09 5.673000000000000265e-01 0.000000000000000000e+00
1.582317519997524977e+09 5.674000000000000155e-01 0.000000000000000000e+00
1.582317520096657991e+09 5.674000000000000155e-01 0.000000000000000000e+00
1.582317520195607901e+09 5.673000000000000265e-01 0.000000000000000000e+00
1.582317520309492111e+09 5.674000000000000155e-01 0.000000000000000000e+00
1.582317520409447908e+09 5.674000000000000155e-01 0.000000000000000000e+00
1.582317520504939079e+09 5.675999999999999934e-01 0.000000000000000000e+00
1.582317520608553886e+09 5.675000000000000044e-01 0.000000000000000000e+00
1.582317520707597017e+09 5.675000000000000044e-01 0.000000000000000000e+00
1.582317520807538033e+09 5.674000000000000155e-01 0.000000000000000000e+00
1.582317520906547070e+09 5.675000000000000044e-01 0.000000000000000000e+00
1.582317521004925013e+09 5.673000000000000265e-01 0.000000000000000000e+00
1.582317521120601892e+09 5.672000000000000375e-01 0.000000000000000000e+00
1.582317521214885950e+09 5.672000000000000375e-01 0.000000000000000000e+00
1.582317521319509029e+09 5.675999999999999934e-01 0.000000000000000000e+00
1.582317521414407015e+09 5.675000000000000044e-01 0.000000000000000000e+00
1.582317521514175892e+09 5.675999999999999934e-01 0.000000000000000000e+00
1.582317521613949060e+09 5.674000000000000155e-01 0.000000000000000000e+00
1.582317521713712931e+09 5.675999999999999934e-01 0.000000000000000000e+00
1.582317521813481092e+09 5.673000000000000265e-01 0.000000000000000000e+00
1.582317521929886103e+09 5.675000000000000044e-01 0.000000000000000000e+00
1.582317522029633045e+09 5.672000000000000375e-01 0.000000000000000000e+00
1.582317522129400015e+09 5.675000000000000044e-01 0.000000000000000000e+00
1.582317522229166985e+09 5.675000000000000044e-01 0.000000000000000000e+00
1.582317522328622103e+09 5.675999999999999934e-01 0.000000000000000000e+00
1.582317522428615093e+09 5.674000000000000155e-01 0.000000000000000000e+00
1.582317522528398037e+09 5.674000000000000155e-01 0.000000000000000000e+00
1.582317522627401114e+09 5.672000000000000375e-01 0.000000000000000000e+00
1.582317522727431059e+09 5.675999999999999934e-01 0.000000000000000000e+00
1.582317522826437950e+09 5.675000000000000044e-01 0.000000000000000000e+00
1.582317522940403938e+09 5.675999999999999934e-01 0.000000000000000000e+00
1.582317523039285898e+09 5.675000000000000044e-01 0.000000000000000000e+00
1.582317523139206886e+09 5.675000000000000044e-01 0.000000000000000000e+00
1.582317523239299059e+09 5.674000000000000155e-01 0.000000000000000000e+00
1.582317523338247061e+09 5.675000000000000044e-01 0.000000000000000000e+00
1.582317523438184977e+09 5.675000000000000044e-01 0.000000000000000000e+00
1.582317523537307024e+09 5.675999999999999934e-01 0.000000000000000000e+00
1.582317523633333921e+09 5.674000000000000155e-01 0.000000000000000000e+00
1.582317523750226974e+09 5.675000000000000044e-01 0.000000000000000000e+00
1.582317523850188017e+09 5.674000000000000155e-01 0.000000000000000000e+00
1.582317523950227976e+09 5.677999999999999714e-01 0.000000000000000000e+00
1.582317524049313068e+09 5.675999999999999934e-01 0.000000000000000000e+00
1.582317524149285078e+09 5.676999999999999824e-01 0.000000000000000000e+00
1.582317524248347044e+09 5.672000000000000375e-01 0.000000000000000000e+00
1.582317524348323107e+09 5.674000000000000155e-01 0.000000000000000000e+00
1.582317524447246075e+09 5.673000000000000265e-01 0.000000000000000000e+00
1.582317524556907892e+09 5.675999999999999934e-01 0.000000000000000000e+00
1.582317524661254883e+09 5.674000000000000155e-01 0.000000000000000000e+00
1.582317524756433964e+09 5.675000000000000044e-01 0.000000000000000000e+00
1.582317524856193066e+09 5.674000000000000155e-01 0.000000000000000000e+00
1.582317524955966949e+09 5.673000000000000265e-01 0.000000000000000000e+00
1.582317525059304953e+09 5.672000000000000375e-01 0.000000000000000000e+00
1.582317525155492067e+09 5.673000000000000265e-01 0.000000000000000000e+00
1.582317525255254984e+09 5.673000000000000265e-01 0.000000000000000000e+00
1.582317525354995012e+09 5.674000000000000155e-01 0.000000000000000000e+00
1.582317525456661940e+09 5.675000000000000044e-01 0.000000000000000000e+00
1.582317525568310976e+09 5.675999999999999934e-01 0.000000000000000000e+00
1.582317525669919968e+09 5.676999999999999824e-01 0.000000000000000000e+00
1.582317525770107031e+09 5.674000000000000155e-01 0.000000000000000000e+00
1.582317525869118929e+09 5.675000000000000044e-01 0.000000000000000000e+00
1.582317525969124079e+09 5.673000000000000265e-01 0.000000000000000000e+00
1.582317526068150997e+09 5.673000000000000265e-01 0.000000000000000000e+00
1.582317526167922020e+09 5.672000000000000375e-01 0.000000000000000000e+00
1.582317526268196106e+09 5.674000000000000155e-01 0.000000000000000000e+00
1.582317526381190062e+09 5.675000000000000044e-01 0.000000000000000000e+00
1.582317526481004953e+09 5.675000000000000044e-01 0.000000000000000000e+00
1.582317526580123901e+09 5.675000000000000044e-01 0.000000000000000000e+00
1.582317526679960966e+09 5.674000000000000155e-01 0.000000000000000000e+00
1.582317526778948069e+09 5.674000000000000155e-01 0.000000000000000000e+00
1.582317526878973007e+09 5.673000000000000265e-01 0.000000000000000000e+00
1.582317526978941917e+09 5.673000000000000265e-01 0.000000000000000000e+00
1.582317527077965975e+09 5.677999999999999714e-01 0.000000000000000000e+00
1.582317527192208052e+09 5.676999999999999824e-01 0.000000000000000000e+00
1.582317527290895939e+09 5.675000000000000044e-01 0.000000000000000000e+00
1.582317527390953064e+09 5.672000000000000375e-01 0.000000000000000000e+00
1.582317527490001917e+09 5.672000000000000375e-01 0.000000000000000000e+00
1.582317527590070963e+09 5.675000000000000044e-01 0.000000000000000000e+00
1.582317527688889980e+09 5.676999999999999824e-01 0.000000000000000000e+00
1.582317527788886070e+09 5.672000000000000375e-01 0.000000000000000000e+00
1.582317527888803959e+09 5.675000000000000044e-01 0.000000000000000000e+00
1.582317527987854004e+09 5.673000000000000265e-01 0.000000000000000000e+00
1.582317528087733030e+09 5.674000000000000155e-01 0.000000000000000000e+00
1.582317528198224068e+09 5.674000000000000155e-01 0.000000000000000000e+00
1.582317528297966957e+09 5.672000000000000375e-01 0.000000000000000000e+00
1.582317528397716999e+09 5.672000000000000375e-01 0.000000000000000000e+00
1.582317528497488976e+09 5.673000000000000265e-01 0.000000000000000000e+00
1.582317528597242117e+09 5.673000000000000265e-01 0.000000000000000000e+00
1.582317528697005033e+09 5.674000000000000155e-01 0.000000000000000000e+00
1.582317528796777010e+09 5.674000000000000155e-01 0.000000000000000000e+00
1.582317528896545887e+09 5.674000000000000155e-01 0.000000000000000000e+00
1.582317529011853933e+09 5.672000000000000375e-01 0.000000000000000000e+00
1.582317529111831903e+09 5.673000000000000265e-01 0.000000000000000000e+00
1.582317529210756063e+09 5.674000000000000155e-01 0.000000000000000000e+00
1.582317529310633898e+09 5.675999999999999934e-01 0.000000000000000000e+00
1.582317529409816980e+09 5.672000000000000375e-01 0.000000000000000000e+00
1.582317529505089045e+09 5.674000000000000155e-01 0.000000000000000000e+00
1.582317529608699083e+09 5.675000000000000044e-01 0.000000000000000000e+00
1.582317529708679914e+09 5.675000000000000044e-01 0.000000000000000000e+00
1.582317529822818041e+09 5.674000000000000155e-01 0.000000000000000000e+00
1.582317529921654940e+09 5.673000000000000265e-01 0.000000000000000000e+00
1.582317530021656036e+09 5.674000000000000155e-01 0.000000000000000000e+00
1.582317530120698929e+09 5.675000000000000044e-01 0.000000000000000000e+00
1.582317530220731974e+09 5.675000000000000044e-01 0.000000000000000000e+00
1.582317530319593906e+09 5.673000000000000265e-01 0.000000000000000000e+00
1.582317530419910908e+09 5.675000000000000044e-01 0.000000000000000000e+00
1.582317530518564939e+09 5.675999999999999934e-01 0.000000000000000000e+00
1.582317530618611097e+09 5.675000000000000044e-01 0.000000000000000000e+00
1.582317530717787981e+09 5.674000000000000155e-01 0.000000000000000000e+00
1.582317530831720114e+09 5.674000000000000155e-01 0.000000000000000000e+00
1.582317530931540012e+09 5.675000000000000044e-01 0.000000000000000000e+00
1.582317531030533075e+09 5.674000000000000155e-01 0.000000000000000000e+00
1.582317531130522013e+09 5.676999999999999824e-01 0.000000000000000000e+00
1.582317531229670048e+09 5.675000000000000044e-01 0.000000000000000000e+00
1.582317531329541922e+09 5.674000000000000155e-01 0.000000000000000000e+00
1.582317531423866034e+09 5.675000000000000044e-01 0.000000000000000000e+00
1.582317531523582935e+09 5.675000000000000044e-01 0.000000000000000000e+00
1.582317531642535925e+09 5.676999999999999824e-01 0.000000000000000000e+00
1.582317531741565943e+09 5.675000000000000044e-01 0.000000000000000000e+00
1.582317531841698885e+09 5.675000000000000044e-01 0.000000000000000000e+00
1.582317531940540075e+09 5.675000000000000044e-01 0.000000000000000000e+00
1.582317532039033890e+09 5.675000000000000044e-01 0.000000000000000000e+00
1.582317532139574051e+09 5.675999999999999934e-01 0.000000000000000000e+00
1.582317532238553047e+09 5.674000000000000155e-01 0.000000000000000000e+00
1.582317532338320017e+09 5.671000000000000485e-01 0.000000000000000000e+00
1.582317532452303886e+09 5.674000000000000155e-01 0.000000000000000000e+00
1.582317532552423000e+09 5.674000000000000155e-01 0.000000000000000000e+00
1.582317532651555061e+09 5.677999999999999714e-01 0.000000000000000000e+00
1.582317532751497030e+09 5.673000000000000265e-01 0.000000000000000000e+00
1.582317532850440979e+09 5.674000000000000155e-01 0.000000000000000000e+00
1.582317532950390100e+09 5.675000000000000044e-01 0.000000000000000000e+00
1.582317533050359011e+09 5.674000000000000155e-01 0.000000000000000000e+00
1.582317533149360895e+09 5.674000000000000155e-01 0.000000000000000000e+00
1.582317533248428106e+09 5.674000000000000155e-01 0.000000000000000000e+00
1.582317533348356962e+09 5.674000000000000155e-01 0.000000000000000000e+00
1.582317533462358952e+09 5.673000000000000265e-01 0.000000000000000000e+00
1.582317533561381102e+09 5.673000000000000265e-01 0.000000000000000000e+00
1.582317533658509016e+09 5.673000000000000265e-01 0.000000000000000000e+00
1.582317533758542061e+09 5.674000000000000155e-01 0.000000000000000000e+00
1.582317533860377073e+09 5.675999999999999934e-01 0.000000000000000000e+00
1.582317533959228039e+09 5.673000000000000265e-01 0.000000000000000000e+00
1.582317534058408976e+09 5.673000000000000265e-01 0.000000000000000000e+00
1.582317534157680035e+09 5.672000000000000375e-01 0.000000000000000000e+00
1.582317534269042015e+09 5.674000000000000155e-01 0.000000000000000000e+00
1.582317534369971991e+09 5.673000000000000265e-01 0.000000000000000000e+00
1.582317534470777988e+09 5.673000000000000265e-01 0.000000000000000000e+00
1.582317534567806005e+09 5.675000000000000044e-01 0.000000000000000000e+00
1.582317534671184063e+09 5.675000000000000044e-01 0.000000000000000000e+00
1.582317534765808105e+09 5.674000000000000155e-01 0.000000000000000000e+00
1.582317534867955923e+09 5.674000000000000155e-01 0.000000000000000000e+00
1.582317534964736938e+09 5.674000000000000155e-01 0.000000000000000000e+00
1.582317535079338074e+09 5.674000000000000155e-01 0.000000000000000000e+00
1.582317535181499004e+09 5.674000000000000155e-01 0.000000000000000000e+00
1.582317535279901981e+09 5.675999999999999934e-01 0.000000000000000000e+00
1.582317535381042004e+09 5.675000000000000044e-01 0.000000000000000000e+00
1.582317535480781078e+09 5.674000000000000155e-01 0.000000000000000000e+00
1.582317535576463938e+09 5.672000000000000375e-01 0.000000000000000000e+00
1.582317535680198908e+09 5.672000000000000375e-01 0.000000000000000000e+00
1.582317535780119896e+09 5.674000000000000155e-01 0.000000000000000000e+00
1.582317535876939058e+09 5.674000000000000155e-01 0.000000000000000000e+00
1.582317535979330063e+09 5.675999999999999934e-01 0.000000000000000000e+00
1.582317536088891029e+09 5.674000000000000155e-01 0.000000000000000000e+00
1.582317536192111015e+09 5.674000000000000155e-01 0.000000000000000000e+00
1.582317536292042017e+09 5.673000000000000265e-01 0.000000000000000000e+00
1.582317536391187906e+09 5.673000000000000265e-01 0.000000000000000000e+00
1.582317536488249063e+09 5.672000000000000375e-01 0.000000000000000000e+00
1.582317536585901976e+09 5.673000000000000265e-01 0.000000000000000000e+00
1.582317536690064907e+09 5.674000000000000155e-01 0.000000000000000000e+00
1.582317536789093971e+09 5.675000000000000044e-01 0.000000000000000000e+00
1.582317536903192043e+09 5.675000000000000044e-01 0.000000000000000000e+00
1.582317537002979994e+09 5.675000000000000044e-01 0.000000000000000000e+00
1.582317537102075100e+09 5.673000000000000265e-01 0.000000000000000000e+00
1.582317537201957941e+09 5.673000000000000265e-01 0.000000000000000000e+00
1.582317537296685934e+09 5.672000000000000375e-01 0.000000000000000000e+00
1.582317537401051998e+09 5.673000000000000265e-01 0.000000000000000000e+00
1.582317537499074936e+09 5.674000000000000155e-01 0.000000000000000000e+00
1.582317537600243092e+09 5.675999999999999934e-01 0.000000000000000000e+00
1.582317537713985920e+09 5.675999999999999934e-01 0.000000000000000000e+00
1.582317537813074112e+09 5.675000000000000044e-01 0.000000000000000000e+00
1.582317537913177013e+09 5.674000000000000155e-01 0.000000000000000000e+00
1.582317538007973909e+09 5.673000000000000265e-01 0.000000000000000000e+00
1.582317538107852936e+09 5.673000000000000265e-01 0.000000000000000000e+00
1.582317538207609892e+09 5.673000000000000265e-01 0.000000000000000000e+00
1.582317538307385921e+09 5.674000000000000155e-01 0.000000000000000000e+00
1.582317538407151937e+09 5.673000000000000265e-01 0.000000000000000000e+00
1.582317538505120039e+09 5.675000000000000044e-01 0.000000000000000000e+00
1.582317538606673956e+09 5.674000000000000155e-01 0.000000000000000000e+00
1.582317538723057032e+09 5.673000000000000265e-01 0.000000000000000000e+00
1.582317538822844028e+09 5.673000000000000265e-01 0.000000000000000000e+00
1.582317538921931982e+09 5.672000000000000375e-01 0.000000000000000000e+00
1.582317539021825075e+09 5.673000000000000265e-01 0.000000000000000000e+00
1.582317539120809078e+09 5.674000000000000155e-01 0.000000000000000000e+00
1.582317539220731020e+09 5.673000000000000265e-01 0.000000000000000000e+00
1.582317539319859028e+09 5.675000000000000044e-01 0.000000000000000000e+00
1.582317539419898033e+09 5.674000000000000155e-01 0.000000000000000000e+00
1.582317539533984900e+09 5.674000000000000155e-01 0.000000000000000000e+00
1.582317539632868052e+09 5.673000000000000265e-01 0.000000000000000000e+00
1.582317539732785940e+09 5.675000000000000044e-01 0.000000000000000000e+00
1.582317539831804037e+09 5.674000000000000155e-01 0.000000000000000000e+00
1.582317539931710958e+09 5.671000000000000485e-01 0.000000000000000000e+00
1.582317540030812025e+09 5.674000000000000155e-01 0.000000000000000000e+00
1.582317540130563021e+09 5.675000000000000044e-01 0.000000000000000000e+00
1.582317540230717897e+09 5.673000000000000265e-01 0.000000000000000000e+00
1.582317540343699932e+09 5.671000000000000485e-01 0.000000000000000000e+00
1.582317540443887949e+09 5.673000000000000265e-01 0.000000000000000000e+00
1.582317540543812990e+09 5.674000000000000155e-01 0.000000000000000000e+00
1.582317540642815113e+09 5.674000000000000155e-01 0.000000000000000000e+00
1.582317540741806030e+09 5.674000000000000155e-01 0.000000000000000000e+00
1.582317540841598988e+09 5.674000000000000155e-01 0.000000000000000000e+00
1.582317540941606045e+09 5.674000000000000155e-01 0.000000000000000000e+00
1.582317541040649891e+09 5.674000000000000155e-01 0.000000000000000000e+00
1.582317541140577078e+09 5.675999999999999934e-01 0.000000000000000000e+00
1.582317541250354052e+09 5.676999999999999824e-01 0.000000000000000000e+00
1.582317541350116968e+09 5.675999999999999934e-01 0.000000000000000000e+00
1.582317541449881077e+09 5.674000000000000155e-01 0.000000000000000000e+00
1.582317541549626112e+09 5.675000000000000044e-01 0.000000000000000000e+00
1.582317541652730942e+09 5.675999999999999934e-01 0.000000000000000000e+00
1.582317541749116898e+09 5.675999999999999934e-01 0.000000000000000000e+00
1.582317541851553917e+09 5.673000000000000265e-01 0.000000000000000000e+00
1.582317541948653936e+09 5.673000000000000265e-01 0.000000000000000000e+00
1.582317542064549923e+09 5.673000000000000265e-01 0.000000000000000000e+00
1.582317542163454056e+09 5.673000000000000265e-01 0.000000000000000000e+00
1.582317542263417006e+09 5.669999999999999485e-01 0.000000000000000000e+00
1.582317542363396883e+09 5.674000000000000155e-01 0.000000000000000000e+00
1.582317542462518930e+09 5.671000000000000485e-01 0.000000000000000000e+00
1.582317542562547922e+09 5.673000000000000265e-01 0.000000000000000000e+00
1.582317542661572933e+09 5.674000000000000155e-01 0.000000000000000000e+00
1.582317542761446953e+09 5.672000000000000375e-01 0.000000000000000000e+00
1.582317542860464096e+09 5.672000000000000375e-01 0.000000000000000000e+00
1.582317542970417976e+09 5.673000000000000265e-01 0.000000000000000000e+00
1.582317543074378014e+09 5.671000000000000485e-01 0.000000000000000000e+00
1.582317543173554897e+09 5.674000000000000155e-01 0.000000000000000000e+00
1.582317543273442030e+09 5.674000000000000155e-01 0.000000000000000000e+00
1.582317543372417927e+09 5.672000000000000375e-01 0.000000000000000000e+00
1.582317543470418930e+09 5.675000000000000044e-01 0.000000000000000000e+00
1.582317543567696095e+09 5.675000000000000044e-01 0.000000000000000000e+00
1.582317543671439886e+09 5.673000000000000265e-01 0.000000000000000000e+00
1.582317543770395994e+09 5.671000000000000485e-01 0.000000000000000000e+00
1.582317543884454012e+09 5.673000000000000265e-01 0.000000000000000000e+00
1.582317543984380960e+09 5.674000000000000155e-01 0.000000000000000000e+00
1.582317544083481073e+09 5.674000000000000155e-01 0.000000000000000000e+00
1.582317544183588982e+09 5.672000000000000375e-01 0.000000000000000000e+00
1.582317544282407999e+09 5.669999999999999485e-01 0.000000000000000000e+00
1.582317544382507086e+09 5.675000000000000044e-01 0.000000000000000000e+00
1.582317544481292963e+09 5.674000000000000155e-01 0.000000000000000000e+00
1.582317544581350088e+09 5.671000000000000485e-01 0.000000000000000000e+00
1.582317544692101002e+09 5.672000000000000375e-01 0.000000000000000000e+00
1.582317544791834116e+09 5.672000000000000375e-01 0.000000000000000000e+00
1.582317544891622066e+09 5.673000000000000265e-01 0.000000000000000000e+00
1.582317544991393089e+09 5.673000000000000265e-01 0.000000000000000000e+00
1.582317545091156960e+09 5.673000000000000265e-01 0.000000000000000000e+00
1.582317545190922022e+09 5.672000000000000375e-01 0.000000000000000000e+00
1.582317545290652037e+09 5.673000000000000265e-01 0.000000000000000000e+00
1.582317545390445948e+09 5.674000000000000155e-01 0.000000000000000000e+00
1.582317545490214109e+09 5.673000000000000265e-01 0.000000000000000000e+00
1.582317545605288982e+09 5.674000000000000155e-01 0.000000000000000000e+00
1.582317545704212904e+09 5.673000000000000265e-01 0.000000000000000000e+00
1.582317545804186106e+09 5.673000000000000265e-01 0.000000000000000000e+00
1.582317545903179884e+09 5.672000000000000375e-01 0.000000000000000000e+00
1.582317546003180981e+09 5.675000000000000044e-01 0.000000000000000000e+00
1.582317546102307081e+09 5.675000000000000044e-01 0.000000000000000000e+00
1.582317546202136040e+09 5.675999999999999934e-01 0.000000000000000000e+00
1.582317546302191973e+09 5.674000000000000155e-01 0.000000000000000000e+00
1.582317546415139914e+09 5.673000000000000265e-01 0.000000000000000000e+00
1.582317546515213013e+09 5.672000000000000375e-01 0.000000000000000000e+00
1.582317546614123106e+09 5.672000000000000375e-01 0.000000000000000000e+00
1.582317546714184999e+09 5.673000000000000265e-01 0.000000000000000000e+00
1.582317546813178062e+09 5.674000000000000155e-01 0.000000000000000000e+00
1.582317546913355112e+09 5.671000000000000485e-01 0.000000000000000000e+00
1.582317547012222052e+09 5.669999999999999485e-01 0.000000000000000000e+00
1.582317547112025976e+09 5.673000000000000265e-01 0.000000000000000000e+00
1.582317547212042093e+09 5.673000000000000265e-01 0.000000000000000000e+00
1.582317547311131001e+09 5.672000000000000375e-01 0.000000000000000000e+00
1.582317547425112009e+09 5.673000000000000265e-01 0.000000000000000000e+00
1.582317547524035931e+09 5.673000000000000265e-01 0.000000000000000000e+00
1.582317547624041080e+09 5.673000000000000265e-01 0.000000000000000000e+00
1.582317547718255043e+09 5.673000000000000265e-01 0.000000000000000000e+00
1.582317547823024035e+09 5.672000000000000375e-01 0.000000000000000000e+00
1.582317547917732000e+09 5.671000000000000485e-01 0.000000000000000000e+00
1.582317548017493963e+09 5.673000000000000265e-01 0.000000000000000000e+00
1.582317548121988058e+09 5.673000000000000265e-01 0.000000000000000000e+00
1.582317548235060930e+09 5.672000000000000375e-01 0.000000000000000000e+00
1.582317548333390951e+09 5.672000000000000375e-01 0.000000000000000000e+00
1.582317548433183908e+09 5.673000000000000265e-01 0.000000000000000000e+00
1.582317548532943964e+09 5.672000000000000375e-01 0.000000000000000000e+00
1.582317548632952929e+09 5.675000000000000044e-01 0.000000000000000000e+00
1.582317548732467890e+09 5.673000000000000265e-01 0.000000000000000000e+00
1.582317548832210064e+09 5.673000000000000265e-01 0.000000000000000000e+00
1.582317548931873083e+09 5.673000000000000265e-01 0.000000000000000000e+00
1.582317549031733036e+09 5.672000000000000375e-01 0.000000000000000000e+00
1.582317549146019936e+09 5.673000000000000265e-01 0.000000000000000000e+00
1.582317549244757891e+09 5.671000000000000485e-01 0.000000000000000000e+00
1.582317549344049931e+09 5.673000000000000265e-01 0.000000000000000000e+00
1.582317549443948984e+09 5.671000000000000485e-01 0.000000000000000000e+00
1.582317549543885946e+09 5.672000000000000375e-01 0.000000000000000000e+00
1.582317549642977953e+09 5.673000000000000265e-01 0.000000000000000000e+00
1.582317549742866039e+09 5.671000000000000485e-01 0.000000000000000000e+00
1.582317549841922045e+09 5.671000000000000485e-01 0.000000000000000000e+00
1.582317549941986084e+09 5.672000000000000375e-01 0.000000000000000000e+00
1.582317550055799961e+09 5.672000000000000375e-01 0.000000000000000000e+00
1.582317550154782057e+09 5.672000000000000375e-01 0.000000000000000000e+00
1.582317550254920006e+09 5.673000000000000265e-01 0.000000000000000000e+00
1.582317550353746891e+09 5.671000000000000485e-01 0.000000000000000000e+00
1.582317550453649044e+09 5.671000000000000485e-01 0.000000000000000000e+00
1.582317550552819014e+09 5.673000000000000265e-01 0.000000000000000000e+00
1.582317550652730942e+09 5.672000000000000375e-01 0.000000000000000000e+00
1.582317550752866030e+09 5.674000000000000155e-01 0.000000000000000000e+00
1.582317550851696968e+09 5.672000000000000375e-01 0.000000000000000000e+00
1.582317550965976954e+09 5.673000000000000265e-01 0.000000000000000000e+00
1.582317551060223103e+09 5.675999999999999934e-01 0.000000000000000000e+00
1.582317551160003901e+09 5.675000000000000044e-01 0.000000000000000000e+00
1.582317551259757042e+09 5.675000000000000044e-01 0.000000000000000000e+00
1.582317551359513044e+09 5.675000000000000044e-01 0.000000000000000000e+00
1.582317551459286928e+09 5.674000000000000155e-01 0.000000000000000000e+00
1.582317551559053898e+09 5.673000000000000265e-01 0.000000000000000000e+00
1.582317551658806086e+09 5.673000000000000265e-01 0.000000000000000000e+00
1.582317551761666059e+09 5.672000000000000375e-01 0.000000000000000000e+00
1.582317551858306885e+09 5.672000000000000375e-01 0.000000000000000000e+00
1.582317551970119953e+09 5.672000000000000375e-01 0.000000000000000000e+00
1.582317552074457884e+09 5.672000000000000375e-01 0.000000000000000000e+00
1.582317552173594952e+09 5.671000000000000485e-01 0.000000000000000000e+00
1.582317552273544073e+09 5.672000000000000375e-01 0.000000000000000000e+00
1.582317552372623920e+09 5.671000000000000485e-01 0.000000000000000000e+00
1.582317552470107079e+09 5.672000000000000375e-01 0.000000000000000000e+00
1.582317552567404032e+09 5.671000000000000485e-01 0.000000000000000000e+00
1.582317552671572924e+09 5.671000000000000485e-01 0.000000000000000000e+00
1.582317552785686016e+09 5.673000000000000265e-01 0.000000000000000000e+00
1.582317552884371042e+09 5.673000000000000265e-01 0.000000000000000000e+00
1.582317552984570980e+09 5.673000000000000265e-01 0.000000000000000000e+00
1.582317553083484888e+09 5.672000000000000375e-01 0.000000000000000000e+00
1.582317553183509111e+09 5.672000000000000375e-01 0.000000000000000000e+00
1.582317553281121016e+09 5.672000000000000375e-01 0.000000000000000000e+00
1.582317553382411957e+09 5.672000000000000375e-01 0.000000000000000000e+00
1.582317553482429028e+09 5.672000000000000375e-01 0.000000000000000000e+00
1.582317553581527948e+09 5.674000000000000155e-01 0.000000000000000000e+00
1.582317553695432901e+09 5.674000000000000155e-01 0.000000000000000000e+00
1.582317553795308113e+09 5.673000000000000265e-01 0.000000000000000000e+00
1.582317553894542933e+09 5.673000000000000265e-01 0.000000000000000000e+00
1.582317553993546009e+09 5.673000000000000265e-01 0.000000000000000000e+00
1.582317554093502998e+09 5.671000000000000485e-01 0.000000000000000000e+00
1.582317554193392992e+09 5.671000000000000485e-01 0.000000000000000000e+00
1.582317554292392015e+09 5.672000000000000375e-01 0.000000000000000000e+00
1.582317554392378092e+09 5.673000000000000265e-01 0.000000000000000000e+00
1.582317554491339922e+09 5.674000000000000155e-01 0.000000000000000000e+00
1.582317554601769924e+09 5.673000000000000265e-01 0.000000000000000000e+00
1.582317554701533079e+09 5.672000000000000375e-01 0.000000000000000000e+00
1.582317554801284075e+09 5.674000000000000155e-01 0.000000000000000000e+00
1.582317554901029110e+09 5.672000000000000375e-01 0.000000000000000000e+00
1.582317555000797033e+09 5.673000000000000265e-01 0.000000000000000000e+00
1.582317555103462934e+09 5.671000000000000485e-01 0.000000000000000000e+00
1.582317555202344894e+09 5.672000000000000375e-01 0.000000000000000000e+00
1.582317555300085068e+09 5.671000000000000485e-01 0.000000000000000000e+00
1.582317555415359974e+09 5.671000000000000485e-01 0.000000000000000000e+00
1.582317555515400887e+09 5.674000000000000155e-01 0.000000000000000000e+00
1.582317555615266085e+09 5.671000000000000485e-01 0.000000000000000000e+00
1.582317555714323997e+09 5.673000000000000265e-01 0.000000000000000000e+00
1.582317555814239025e+09 5.671000000000000485e-01 0.000000000000000000e+00
1.582317555913249016e+09 5.675000000000000044e-01 0.000000000000000000e+00
1.582317556013394117e+09 5.672000000000000375e-01 0.000000000000000000e+00
1.582317556112191916e+09 5.672000000000000375e-01 0.000000000000000000e+00
1.582317556212264061e+09 5.673000000000000265e-01 0.000000000000000000e+00
1.582317556326189995e+09 5.672000000000000375e-01 0.000000000000000000e+00
1.582317556425259113e+09 5.672000000000000375e-01 0.000000000000000000e+00
1.582317556525307894e+09 5.672000000000000375e-01 0.000000000000000000e+00
1.582317556624250889e+09 5.671000000000000485e-01 0.000000000000000000e+00
1.582317556724354029e+09 5.669999999999999485e-01 0.000000000000000000e+00
1.582317556823263884e+09 5.673000000000000265e-01 0.000000000000000000e+00
1.582317556923082113e+09 5.673000000000000265e-01 0.000000000000000000e+00
1.582317557022216082e+09 5.673000000000000265e-01 0.000000000000000000e+00
1.582317557136073112e+09 5.672000000000000375e-01 0.000000000000000000e+00
1.582317557235976934e+09 5.673000000000000265e-01 0.000000000000000000e+00
1.582317557335083008e+09 5.673000000000000265e-01 0.000000000000000000e+00
