# 
# Duration (in s): 60
# Pointing Position of the Horn: Calibrator paddle
# Angle pointing (from vertical): 39.95
# Calibrator used: YES
# Weather: very clear
# Units: tenth microWatt
# Comments: sky dip 40
1.582317985894802094e+09 5.756000000000000005e-01 0.000000000000000000e+00
1.582317985983329058e+09 5.757999999999999785e-01 0.000000000000000000e+00
1.582317986083501101e+09 5.755000000000000115e-01 0.000000000000000000e+00
1.582317986182467937e+09 5.757999999999999785e-01 0.000000000000000000e+00
1.582317986281596899e+09 5.756999999999999895e-01 0.000000000000000000e+00
1.582317986381546974e+09 5.757999999999999785e-01 0.000000000000000000e+00
1.582317986481453896e+09 5.758999999999999675e-01 0.000000000000000000e+00
1.582317986580411911e+09 5.756999999999999895e-01 0.000000000000000000e+00
1.582317986694550037e+09 5.755000000000000115e-01 0.000000000000000000e+00
1.582317986793448925e+09 5.756000000000000005e-01 0.000000000000000000e+00
1.582317986893091917e+09 5.755000000000000115e-01 0.000000000000000000e+00
1.582317986992409945e+09 5.757999999999999785e-01 0.000000000000000000e+00
1.582317987089241982e+09 5.756999999999999895e-01 0.000000000000000000e+00
1.582317987191255093e+09 5.756999999999999895e-01 0.000000000000000000e+00
1.582317987291531086e+09 5.756999999999999895e-01 0.000000000000000000e+00
1.582317987390398026e+09 5.757999999999999785e-01 0.000000000000000000e+00
1.582317987500271082e+09 5.758999999999999675e-01 0.000000000000000000e+00
1.582317987600033998e+09 5.756999999999999895e-01 0.000000000000000000e+00
1.582317987699770927e+09 5.756999999999999895e-01 0.000000000000000000e+00
1.582317987799523115e+09 5.757999999999999785e-01 0.000000000000000000e+00
1.582317987898087025e+09 5.757999999999999785e-01 0.000000000000000000e+00
1.582317987999059916e+09 5.756000000000000005e-01 0.000000000000000000e+00
1.582317988101268053e+09 5.756999999999999895e-01 0.000000000000000000e+00
1.582317988198590994e+09 5.756999999999999895e-01 0.000000000000000000e+00
1.582317988314196110e+09 5.755000000000000115e-01 0.000000000000000000e+00
1.582317988413278103e+09 5.756000000000000005e-01 0.000000000000000000e+00
1.582317988513379097e+09 5.756999999999999895e-01 0.000000000000000000e+00
1.582317988612283945e+09 5.756000000000000005e-01 0.000000000000000000e+00
1.582317988710160017e+09 5.757999999999999785e-01 0.000000000000000000e+00
1.582317988811178923e+09 5.757999999999999785e-01 0.000000000000000000e+00
1.582317988911122084e+09 5.758999999999999675e-01 0.000000000000000000e+00
1.582317989010199070e+09 5.756999999999999895e-01 0.000000000000000000e+00
1.582317989124298096e+09 5.756000000000000005e-01 0.000000000000000000e+00
1.582317989223143101e+09 5.756000000000000005e-01 0.000000000000000000e+00
1.582317989323213100e+09 5.756999999999999895e-01 0.000000000000000000e+00
1.582317989421909094e+09 5.757999999999999785e-01 0.000000000000000000e+00
1.582317989522243977e+09 5.756000000000000005e-01 0.000000000000000000e+00
1.582317989620929956e+09 5.758999999999999675e-01 0.000000000000000000e+00
1.582317989720890999e+09 5.758999999999999675e-01 0.000000000000000000e+00
1.582317989820364952e+09 5.756000000000000005e-01 0.000000000000000000e+00
1.582317989920073986e+09 5.756000000000000005e-01 0.000000000000000000e+00
1.582317990033088923e+09 5.756999999999999895e-01 0.000000000000000000e+00
1.582317990128371000e+09 5.756999999999999895e-01 0.000000000000000000e+00
1.582317990230993032e+09 5.757999999999999785e-01 0.000000000000000000e+00
1.582317990330291986e+09 5.757999999999999785e-01 0.000000000000000000e+00
1.582317990426522970e+09 5.757999999999999785e-01 0.000000000000000000e+00
1.582317990526406050e+09 5.756999999999999895e-01 0.000000000000000000e+00
1.582317990626171112e+09 5.758999999999999675e-01 0.000000000000000000e+00
1.582317990725750923e+09 5.756999999999999895e-01 0.000000000000000000e+00
1.582317990825542927e+09 5.756999999999999895e-01 0.000000000000000000e+00
1.582317990942060947e+09 5.756999999999999895e-01 0.000000000000000000e+00
1.582317991036952972e+09 5.756999999999999895e-01 0.000000000000000000e+00
1.582317991141499043e+09 5.756999999999999895e-01 0.000000000000000000e+00
1.582317991241101980e+09 5.756000000000000005e-01 0.000000000000000000e+00
1.582317991340979099e+09 5.757999999999999785e-01 0.000000000000000000e+00
1.582317991440074921e+09 5.757999999999999785e-01 0.000000000000000000e+00
1.582317991537725925e+09 5.756999999999999895e-01 0.000000000000000000e+00
1.582317991639029026e+09 5.756000000000000005e-01 0.000000000000000000e+00
1.582317991752943993e+09 5.756000000000000005e-01 0.000000000000000000e+00
1.582317991848330021e+09 5.758999999999999675e-01 0.000000000000000000e+00
1.582317991951973915e+09 5.757999999999999785e-01 0.000000000000000000e+00
1.582317992051012993e+09 5.758999999999999675e-01 0.000000000000000000e+00
1.582317992150937080e+09 5.756999999999999895e-01 0.000000000000000000e+00
1.582317992249928951e+09 5.756999999999999895e-01 0.000000000000000000e+00
1.582317992348992109e+09 5.757999999999999785e-01 0.000000000000000000e+00
1.582317992444854021e+09 5.756000000000000005e-01 0.000000000000000000e+00
1.582317992562896013e+09 5.756000000000000005e-01 0.000000000000000000e+00
1.582317992661777020e+09 5.756000000000000005e-01 0.000000000000000000e+00
1.582317992756827116e+09 5.757999999999999785e-01 0.000000000000000000e+00
1.582317992856273890e+09 5.756999999999999895e-01 0.000000000000000000e+00
1.582317992960994005e+09 5.756999999999999895e-01 0.000000000000000000e+00
1.582317993059149027e+09 5.756000000000000005e-01 0.000000000000000000e+00
1.582317993159691095e+09 5.756000000000000005e-01 0.000000000000000000e+00
1.582317993257985115e+09 5.758999999999999675e-01 0.000000000000000000e+00
1.582317993358875990e+09 5.757999999999999785e-01 0.000000000000000000e+00
1.582317993469368935e+09 5.758999999999999675e-01 0.000000000000000000e+00
1.582317993571625948e+09 5.758999999999999675e-01 0.000000000000000000e+00
1.582317993668665886e+09 5.756999999999999895e-01 0.000000000000000000e+00
1.582317993768556118e+09 5.756999999999999895e-01 0.000000000000000000e+00
1.582317993868279934e+09 5.756000000000000005e-01 0.000000000000000000e+00
1.582317993968154907e+09 5.755000000000000115e-01 0.000000000000000000e+00
1.582317994067915916e+09 5.756000000000000005e-01 0.000000000000000000e+00
1.582317994167645931e+09 5.757999999999999785e-01 0.000000000000000000e+00
1.582317994281717062e+09 5.756999999999999895e-01 0.000000000000000000e+00
1.582317994381620884e+09 5.756000000000000005e-01 0.000000000000000000e+00
1.582317994481797934e+09 5.756999999999999895e-01 0.000000000000000000e+00
1.582317994575802088e+09 5.755000000000000115e-01 0.000000000000000000e+00
1.582317994680655003e+09 5.756000000000000005e-01 0.000000000000000000e+00
1.582317994779784918e+09 5.754000000000000226e-01 0.000000000000000000e+00
1.582317994879555941e+09 5.756000000000000005e-01 0.000000000000000000e+00
1.582317994978641033e+09 5.756000000000000005e-01 0.000000000000000000e+00
1.582317995077651024e+09 5.756000000000000005e-01 0.000000000000000000e+00
1.582317995177620888e+09 5.755000000000000115e-01 0.000000000000000000e+00
1.582317995291711092e+09 5.756000000000000005e-01 0.000000000000000000e+00
1.582317995390588999e+09 5.756000000000000005e-01 0.000000000000000000e+00
1.582317995489350080e+09 5.756000000000000005e-01 0.000000000000000000e+00
1.582317995589602947e+09 5.755000000000000115e-01 0.000000000000000000e+00
1.582317995689579010e+09 5.756000000000000005e-01 0.000000000000000000e+00
1.582317995788619995e+09 5.756000000000000005e-01 0.000000000000000000e+00
1.582317995887686968e+09 5.756999999999999895e-01 0.000000000000000000e+00
1.582317995987173080e+09 5.757999999999999785e-01 0.000000000000000000e+00
1.582317996081553936e+09 5.756000000000000005e-01 0.000000000000000000e+00
1.582317996196176052e+09 5.757999999999999785e-01 0.000000000000000000e+00
1.582317996295901060e+09 5.755000000000000115e-01 0.000000000000000000e+00
1.582317996395109892e+09 5.755000000000000115e-01 0.000000000000000000e+00
1.582317996495088100e+09 5.756999999999999895e-01 0.000000000000000000e+00
1.582317996595206976e+09 5.754000000000000226e-01 0.000000000000000000e+00
1.582317996694935083e+09 5.756000000000000005e-01 0.000000000000000000e+00
1.582317996794713020e+09 5.755000000000000115e-01 0.000000000000000000e+00
1.582317996894495964e+09 5.756999999999999895e-01 0.000000000000000000e+00
1.582317997010535955e+09 5.756000000000000005e-01 0.000000000000000000e+00
1.582317997110338926e+09 5.756000000000000005e-01 0.000000000000000000e+00
1.582317997207005978e+09 5.756000000000000005e-01 0.000000000000000000e+00
1.582317997309499025e+09 5.756000000000000005e-01 0.000000000000000000e+00
1.582317997408406973e+09 5.758999999999999675e-01 0.000000000000000000e+00
1.582317997507472038e+09 5.756999999999999895e-01 0.000000000000000000e+00
1.582317997607608080e+09 5.756000000000000005e-01 0.000000000000000000e+00
1.582317997721663952e+09 5.757999999999999785e-01 0.000000000000000000e+00
1.582317997820439100e+09 5.756000000000000005e-01 0.000000000000000000e+00
1.582317997920208931e+09 5.755000000000000115e-01 0.000000000000000000e+00
1.582317998019398928e+09 5.755000000000000115e-01 0.000000000000000000e+00
1.582317998115962982e+09 5.756000000000000005e-01 0.000000000000000000e+00
1.582317998218312025e+09 5.756000000000000005e-01 0.000000000000000000e+00
1.582317998318425894e+09 5.756999999999999895e-01 0.000000000000000000e+00
1.582317998417414904e+09 5.756999999999999895e-01 0.000000000000000000e+00
1.582317998517353058e+09 5.756000000000000005e-01 0.000000000000000000e+00
1.582317998616193056e+09 5.756999999999999895e-01 0.000000000000000000e+00
1.582317998725224018e+09 5.756999999999999895e-01 0.000000000000000000e+00
1.582317998829305887e+09 5.756000000000000005e-01 0.000000000000000000e+00
1.582317998929183006e+09 5.755000000000000115e-01 0.000000000000000000e+00
1.582317999024873972e+09 5.756999999999999895e-01 0.000000000000000000e+00
1.582317999124460936e+09 5.757999999999999785e-01 0.000000000000000000e+00
1.582317999224813938e+09 5.756999999999999895e-01 0.000000000000000000e+00
1.582317999324435949e+09 5.757999999999999785e-01 0.000000000000000000e+00
1.582317999421751976e+09 5.756000000000000005e-01 0.000000000000000000e+00
1.582317999538151979e+09 5.757999999999999785e-01 0.000000000000000000e+00
1.582317999637907982e+09 5.756000000000000005e-01 0.000000000000000000e+00
1.582317999737728119e+09 5.756000000000000005e-01 0.000000000000000000e+00
1.582317999837491989e+09 5.756999999999999895e-01 0.000000000000000000e+00
1.582317999933933973e+09 5.756000000000000005e-01 0.000000000000000000e+00
1.582318000036943913e+09 5.757999999999999785e-01 0.000000000000000000e+00
1.582318000136694908e+09 5.756999999999999895e-01 0.000000000000000000e+00
1.582318000250324965e+09 5.755000000000000115e-01 0.000000000000000000e+00
1.582318000350255966e+09 5.754000000000000226e-01 0.000000000000000000e+00
1.582318000449194908e+09 5.756999999999999895e-01 0.000000000000000000e+00
1.582318000549092054e+09 5.756000000000000005e-01 0.000000000000000000e+00
1.582318000648303032e+09 5.755000000000000115e-01 0.000000000000000000e+00
1.582318000748063087e+09 5.756999999999999895e-01 0.000000000000000000e+00
1.582318000847172976e+09 5.756000000000000005e-01 0.000000000000000000e+00
1.582318000947170973e+09 5.756999999999999895e-01 0.000000000000000000e+00
1.582318001046087027e+09 5.756999999999999895e-01 0.000000000000000000e+00
1.582318001146157026e+09 5.757999999999999785e-01 0.000000000000000000e+00
1.582318001258940935e+09 5.756000000000000005e-01 0.000000000000000000e+00
1.582318001359014034e+09 5.756000000000000005e-01 0.000000000000000000e+00
1.582318001455141068e+09 5.756000000000000005e-01 0.000000000000000000e+00
1.582318001553010941e+09 5.756000000000000005e-01 0.000000000000000000e+00
1.582318001657099962e+09 5.756999999999999895e-01 0.000000000000000000e+00
1.582318001757170916e+09 5.757999999999999785e-01 0.000000000000000000e+00
1.582318001855995893e+09 5.755000000000000115e-01 0.000000000000000000e+00
1.582318001955121040e+09 5.756999999999999895e-01 0.000000000000000000e+00
1.582318002054989100e+09 5.756000000000000005e-01 0.000000000000000000e+00
1.582318002165189028e+09 5.758999999999999675e-01 0.000000000000000000e+00
1.582318002267838955e+09 5.756000000000000005e-01 0.000000000000000000e+00
1.582318002364721060e+09 5.756000000000000005e-01 0.000000000000000000e+00
1.582318002464493990e+09 5.756000000000000005e-01 0.000000000000000000e+00
1.582318002564251900e+09 5.755000000000000115e-01 0.000000000000000000e+00
1.582318002664021015e+09 5.756999999999999895e-01 0.000000000000000000e+00
1.582318002763786077e+09 5.756000000000000005e-01 0.000000000000000000e+00
1.582318002863593102e+09 5.756000000000000005e-01 0.000000000000000000e+00
1.582318002978900909e+09 5.755000000000000115e-01 0.000000000000000000e+00
1.582318003077986956e+09 5.756999999999999895e-01 0.000000000000000000e+00
1.582318003177977085e+09 5.756999999999999895e-01 0.000000000000000000e+00
1.582318003276982069e+09 5.756000000000000005e-01 0.000000000000000000e+00
1.582318003376823902e+09 5.755000000000000115e-01 0.000000000000000000e+00
1.582318003475943089e+09 5.755000000000000115e-01 0.000000000000000000e+00
1.582318003575742006e+09 5.756999999999999895e-01 0.000000000000000000e+00
1.582318003688987970e+09 5.756999999999999895e-01 0.000000000000000000e+00
1.582318003789000034e+09 5.756000000000000005e-01 0.000000000000000000e+00
1.582318003887833118e+09 5.757999999999999785e-01 0.000000000000000000e+00
1.582318003987742901e+09 5.756000000000000005e-01 0.000000000000000000e+00
1.582318004086880922e+09 5.758999999999999675e-01 0.000000000000000000e+00
1.582318004186886072e+09 5.756999999999999895e-01 0.000000000000000000e+00
1.582318004285792112e+09 5.756999999999999895e-01 0.000000000000000000e+00
1.582318004385736942e+09 5.756999999999999895e-01 0.000000000000000000e+00
1.582318004485776901e+09 5.756000000000000005e-01 0.000000000000000000e+00
1.582318004584856033e+09 5.757999999999999785e-01 0.000000000000000000e+00
1.582318004697726011e+09 5.758999999999999675e-01 0.000000000000000000e+00
1.582318004797619104e+09 5.756999999999999895e-01 0.000000000000000000e+00
1.582318004892025948e+09 5.757999999999999785e-01 0.000000000000000000e+00
1.582318004991653919e+09 5.756000000000000005e-01 0.000000000000000000e+00
1.582318005091531038e+09 5.756999999999999895e-01 0.000000000000000000e+00
1.582318005191287994e+09 5.755000000000000115e-01 0.000000000000000000e+00
1.582318005291054010e+09 5.754000000000000226e-01 0.000000000000000000e+00
1.582318005390827894e+09 5.756999999999999895e-01 0.000000000000000000e+00
1.582318005488961935e+09 5.756999999999999895e-01 0.000000000000000000e+00
1.582318005606972933e+09 5.756000000000000005e-01 0.000000000000000000e+00
1.582318005706829071e+09 5.755000000000000115e-01 0.000000000000000000e+00
1.582318005806509972e+09 5.756000000000000005e-01 0.000000000000000000e+00
1.582318005905616045e+09 5.755000000000000115e-01 0.000000000000000000e+00
1.582318006005642891e+09 5.756000000000000005e-01 0.000000000000000000e+00
1.582318006104664087e+09 5.756999999999999895e-01 0.000000000000000000e+00
1.582318006204539061e+09 5.756999999999999895e-01 0.000000000000000000e+00
1.582318006303591967e+09 5.756999999999999895e-01 0.000000000000000000e+00
1.582318006417572021e+09 5.756000000000000005e-01 0.000000000000000000e+00
1.582318006517630100e+09 5.756999999999999895e-01 0.000000000000000000e+00
1.582318006616657019e+09 5.757999999999999785e-01 0.000000000000000000e+00
1.582318006716572046e+09 5.756999999999999895e-01 0.000000000000000000e+00
1.582318006811814070e+09 5.756000000000000005e-01 0.000000000000000000e+00
1.582318006915563107e+09 5.756000000000000005e-01 0.000000000000000000e+00
1.582318007014486074e+09 5.756000000000000005e-01 0.000000000000000000e+00
1.582318007113617897e+09 5.756999999999999895e-01 0.000000000000000000e+00
1.582318007227525949e+09 5.756000000000000005e-01 0.000000000000000000e+00
1.582318007327430964e+09 5.755000000000000115e-01 0.000000000000000000e+00
1.582318007426505089e+09 5.755000000000000115e-01 0.000000000000000000e+00
1.582318007526402950e+09 5.755000000000000115e-01 0.000000000000000000e+00
1.582318007625633001e+09 5.756999999999999895e-01 0.000000000000000000e+00
1.582318007725501060e+09 5.755000000000000115e-01 0.000000000000000000e+00
1.582318007824405909e+09 5.756000000000000005e-01 0.000000000000000000e+00
1.582318007923558950e+09 5.756999999999999895e-01 0.000000000000000000e+00
1.582318008034481049e+09 5.756999999999999895e-01 0.000000000000000000e+00
1.582318008134294987e+09 5.755000000000000115e-01 0.000000000000000000e+00
1.582318008234019041e+09 5.756000000000000005e-01 0.000000000000000000e+00
1.582318008336402893e+09 5.755000000000000115e-01 0.000000000000000000e+00
1.582318008433547020e+09 5.754000000000000226e-01 0.000000000000000000e+00
1.582318008533312082e+09 5.755000000000000115e-01 0.000000000000000000e+00
1.582318008633079052e+09 5.757999999999999785e-01 0.000000000000000000e+00
1.582318008732844114e+09 5.756000000000000005e-01 0.000000000000000000e+00
1.582318008847311974e+09 5.757999999999999785e-01 0.000000000000000000e+00
1.582318008947407007e+09 5.755000000000000115e-01 0.000000000000000000e+00
1.582318009046257973e+09 5.755000000000000115e-01 0.000000000000000000e+00
1.582318009146311998e+09 5.756999999999999895e-01 0.000000000000000000e+00
1.582318009245368958e+09 5.756999999999999895e-01 0.000000000000000000e+00
1.582318009345320940e+09 5.756999999999999895e-01 0.000000000000000000e+00
1.582318009444370985e+09 5.758999999999999675e-01 0.000000000000000000e+00
1.582318009558331966e+09 5.759999999999999565e-01 0.000000000000000000e+00
1.582318009657305002e+09 5.758999999999999675e-01 0.000000000000000000e+00
1.582318009757244110e+09 5.757999999999999785e-01 0.000000000000000000e+00
1.582318009856257915e+09 5.756999999999999895e-01 0.000000000000000000e+00
1.582318009954889059e+09 5.756000000000000005e-01 0.000000000000000000e+00
1.582318010055243015e+09 5.756999999999999895e-01 0.000000000000000000e+00
1.582318010155133963e+09 5.756999999999999895e-01 0.000000000000000000e+00
1.582318010251409054e+09 5.758999999999999675e-01 0.000000000000000000e+00
1.582318010368335009e+09 5.756999999999999895e-01 0.000000000000000000e+00
1.582318010467169046e+09 5.757999999999999785e-01 0.000000000000000000e+00
1.582318010567161083e+09 5.756999999999999895e-01 0.000000000000000000e+00
1.582318010661562920e+09 5.756999999999999895e-01 0.000000000000000000e+00
1.582318010766491890e+09 5.757999999999999785e-01 0.000000000000000000e+00
1.582318010861067057e+09 5.756000000000000005e-01 0.000000000000000000e+00
1.582318010960841894e+09 5.756000000000000005e-01 0.000000000000000000e+00
1.582318011060564041e+09 5.756999999999999895e-01 0.000000000000000000e+00
1.582318011178190947e+09 5.754000000000000226e-01 0.000000000000000000e+00
1.582318011276741982e+09 5.756000000000000005e-01 0.000000000000000000e+00
1.582318011376502037e+09 5.755000000000000115e-01 0.000000000000000000e+00
1.582318011476165056e+09 5.756000000000000005e-01 0.000000000000000000e+00
1.582318011576042891e+09 5.755000000000000115e-01 0.000000000000000000e+00
1.582318011675115108e+09 5.756999999999999895e-01 0.000000000000000000e+00
1.582318011775063038e+09 5.755000000000000115e-01 0.000000000000000000e+00
1.582318011874085903e+09 5.756999999999999895e-01 0.000000000000000000e+00
1.582318011988022089e+09 5.755000000000000115e-01 0.000000000000000000e+00
1.582318012087099075e+09 5.754000000000000226e-01 0.000000000000000000e+00
1.582318012187084913e+09 5.756000000000000005e-01 0.000000000000000000e+00
1.582318012285995960e+09 5.753000000000000336e-01 0.000000000000000000e+00
1.582318012385972023e+09 5.756000000000000005e-01 0.000000000000000000e+00
1.582318012485136986e+09 5.757999999999999785e-01 0.000000000000000000e+00
1.582318012584986925e+09 5.756000000000000005e-01 0.000000000000000000e+00
1.582318012683969021e+09 5.756999999999999895e-01 0.000000000000000000e+00
1.582318012784048080e+09 5.756000000000000005e-01 0.000000000000000000e+00
1.582318012896857977e+09 5.757999999999999785e-01 0.000000000000000000e+00
1.582318012997015953e+09 5.755000000000000115e-01 0.000000000000000000e+00
1.582318013096108913e+09 5.756999999999999895e-01 0.000000000000000000e+00
1.582318013196155071e+09 5.756000000000000005e-01 0.000000000000000000e+00
1.582318013294845104e+09 5.755000000000000115e-01 0.000000000000000000e+00
1.582318013394913912e+09 5.756999999999999895e-01 0.000000000000000000e+00
1.582318013489311934e+09 5.756000000000000005e-01 0.000000000000000000e+00
1.582318013590013981e+09 5.756000000000000005e-01 0.000000000000000000e+00
1.582318013689636946e+09 5.756999999999999895e-01 0.000000000000000000e+00
1.582318013802067041e+09 5.755000000000000115e-01 0.000000000000000000e+00
1.582318013904083014e+09 5.754000000000000226e-01 0.000000000000000000e+00
1.582318014003401041e+09 5.756000000000000005e-01 0.000000000000000000e+00
1.582318014103219986e+09 5.758999999999999675e-01 0.000000000000000000e+00
1.582318014203108072e+09 5.757999999999999785e-01 0.000000000000000000e+00
1.582318014302987099e+09 5.757999999999999785e-01 0.000000000000000000e+00
1.582318014402678967e+09 5.754000000000000226e-01 0.000000000000000000e+00
1.582318014502459049e+09 5.755000000000000115e-01 0.000000000000000000e+00
1.582318014617069006e+09 5.756000000000000005e-01 0.000000000000000000e+00
1.582318014716733932e+09 5.754000000000000226e-01 0.000000000000000000e+00
1.582318014812181950e+09 5.755000000000000115e-01 0.000000000000000000e+00
1.582318014914769888e+09 5.755000000000000115e-01 0.000000000000000000e+00
1.582318015014863014e+09 5.756000000000000005e-01 0.000000000000000000e+00
1.582318015113931894e+09 5.756999999999999895e-01 0.000000000000000000e+00
1.582318015209278107e+09 5.755000000000000115e-01 0.000000000000000000e+00
1.582318015312809944e+09 5.754000000000000226e-01 0.000000000000000000e+00
1.582318015426654100e+09 5.756999999999999895e-01 0.000000000000000000e+00
1.582318015526947975e+09 5.755000000000000115e-01 0.000000000000000000e+00
1.582318015625719070e+09 5.756000000000000005e-01 0.000000000000000000e+00
1.582318015722847939e+09 5.755000000000000115e-01 0.000000000000000000e+00
1.582318015824585915e+09 5.756999999999999895e-01 0.000000000000000000e+00
1.582318015923705101e+09 5.755000000000000115e-01 0.000000000000000000e+00
1.582318016022522926e+09 5.754000000000000226e-01 0.000000000000000000e+00
1.582318016131927967e+09 5.756000000000000005e-01 0.000000000000000000e+00
1.582318016232079983e+09 5.756000000000000005e-01 0.000000000000000000e+00
1.582318016333771944e+09 5.757999999999999785e-01 0.000000000000000000e+00
1.582318016431205988e+09 5.757999999999999785e-01 0.000000000000000000e+00
1.582318016530081034e+09 5.756999999999999895e-01 0.000000000000000000e+00
1.582318016630600929e+09 5.756999999999999895e-01 0.000000000000000000e+00
1.582318016730391979e+09 5.757999999999999785e-01 0.000000000000000000e+00
1.582318016830136061e+09 5.756000000000000005e-01 0.000000000000000000e+00
1.582318016947757959e+09 5.755000000000000115e-01 0.000000000000000000e+00
1.582318017046545982e+09 5.754000000000000226e-01 0.000000000000000000e+00
1.582318017146039009e+09 5.756000000000000005e-01 0.000000000000000000e+00
1.582318017245570898e+09 5.756000000000000005e-01 0.000000000000000000e+00
1.582318017345386982e+09 5.756999999999999895e-01 0.000000000000000000e+00
1.582318017444737911e+09 5.757999999999999785e-01 0.000000000000000000e+00
1.582318017543473005e+09 5.757999999999999785e-01 0.000000000000000000e+00
1.582318017643506050e+09 5.755000000000000115e-01 0.000000000000000000e+00
1.582318017757502079e+09 5.754000000000000226e-01 0.000000000000000000e+00
1.582318017856519938e+09 5.756000000000000005e-01 0.000000000000000000e+00
1.582318017954602003e+09 5.755000000000000115e-01 0.000000000000000000e+00
1.582318018055449009e+09 5.756000000000000005e-01 0.000000000000000000e+00
1.582318018155448914e+09 5.754000000000000226e-01 0.000000000000000000e+00
1.582318018254570961e+09 5.756999999999999895e-01 0.000000000000000000e+00
1.582318018354569912e+09 5.755000000000000115e-01 0.000000000000000000e+00
1.582318018453397989e+09 5.754000000000000226e-01 0.000000000000000000e+00
1.582318018567579031e+09 5.756999999999999895e-01 0.000000000000000000e+00
1.582318018666470051e+09 5.755000000000000115e-01 0.000000000000000000e+00
1.582318018766340971e+09 5.756999999999999895e-01 0.000000000000000000e+00
1.582318018865490913e+09 5.755000000000000115e-01 0.000000000000000000e+00
1.582318018965600014e+09 5.756999999999999895e-01 0.000000000000000000e+00
1.582318019064459085e+09 5.756999999999999895e-01 0.000000000000000000e+00
1.582318019164400101e+09 5.759999999999999565e-01 0.000000000000000000e+00
1.582318019263235092e+09 5.755000000000000115e-01 0.000000000000000000e+00
1.582318019373878002e+09 5.754000000000000226e-01 0.000000000000000000e+00
1.582318019473809958e+09 5.756999999999999895e-01 0.000000000000000000e+00
1.582318019572158098e+09 5.755000000000000115e-01 0.000000000000000000e+00
1.582318019675436974e+09 5.755000000000000115e-01 0.000000000000000000e+00
1.582318019775304079e+09 5.755000000000000115e-01 0.000000000000000000e+00
1.582318019872876883e+09 5.756000000000000005e-01 0.000000000000000000e+00
1.582318019972640038e+09 5.753000000000000336e-01 0.000000000000000000e+00
1.582318020088274956e+09 5.756000000000000005e-01 0.000000000000000000e+00
1.582318020187241077e+09 5.754000000000000226e-01 0.000000000000000000e+00
1.582318020286461115e+09 5.756999999999999895e-01 0.000000000000000000e+00
1.582318020386284113e+09 5.755000000000000115e-01 0.000000000000000000e+00
1.582318020485321999e+09 5.756999999999999895e-01 0.000000000000000000e+00
1.582318020585365057e+09 5.756000000000000005e-01 0.000000000000000000e+00
1.582318020684209108e+09 5.757999999999999785e-01 0.000000000000000000e+00
1.582318020784125090e+09 5.755000000000000115e-01 0.000000000000000000e+00
1.582318020897228003e+09 5.756000000000000005e-01 0.000000000000000000e+00
1.582318020997315884e+09 5.755000000000000115e-01 0.000000000000000000e+00
1.582318021096204996e+09 5.755000000000000115e-01 0.000000000000000000e+00
1.582318021196324110e+09 5.754000000000000226e-01 0.000000000000000000e+00
1.582318021295099974e+09 5.754000000000000226e-01 0.000000000000000000e+00
1.582318021395070076e+09 5.756000000000000005e-01 0.000000000000000000e+00
1.582318021494173050e+09 5.754000000000000226e-01 0.000000000000000000e+00
1.582318021594050884e+09 5.755000000000000115e-01 0.000000000000000000e+00
1.582318021707294941e+09 5.756999999999999895e-01 0.000000000000000000e+00
1.582318021807224035e+09 5.755000000000000115e-01 0.000000000000000000e+00
1.582318021906162977e+09 5.756000000000000005e-01 0.000000000000000000e+00
1.582318022006114960e+09 5.755000000000000115e-01 0.000000000000000000e+00
1.582318022100893021e+09 5.757999999999999785e-01 0.000000000000000000e+00
1.582318022200622082e+09 5.755000000000000115e-01 0.000000000000000000e+00
1.582318022304095030e+09 5.754000000000000226e-01 0.000000000000000000e+00
1.582318022400152922e+09 5.756000000000000005e-01 0.000000000000000000e+00
1.582318022499916077e+09 5.755000000000000115e-01 0.000000000000000000e+00
1.582318022616303921e+09 5.754000000000000226e-01 0.000000000000000000e+00
1.582318022716077089e+09 5.756999999999999895e-01 0.000000000000000000e+00
1.582318022815840006e+09 5.756000000000000005e-01 0.000000000000000000e+00
1.582318022915041924e+09 5.756999999999999895e-01 0.000000000000000000e+00
1.582318023015120983e+09 5.754000000000000226e-01 0.000000000000000000e+00
1.582318023113993883e+09 5.756000000000000005e-01 0.000000000000000000e+00
1.582318023214099884e+09 5.754000000000000226e-01 0.000000000000000000e+00
1.582318023328023911e+09 5.755000000000000115e-01 0.000000000000000000e+00
1.582318023427027941e+09 5.754000000000000226e-01 0.000000000000000000e+00
1.582318023527034044e+09 5.756999999999999895e-01 0.000000000000000000e+00
1.582318023626096010e+09 5.755000000000000115e-01 0.000000000000000000e+00
1.582318023724980116e+09 5.756000000000000005e-01 0.000000000000000000e+00
1.582318023825006008e+09 5.757999999999999785e-01 0.000000000000000000e+00
1.582318023923909903e+09 5.756000000000000005e-01 0.000000000000000000e+00
1.582318024023819923e+09 5.756000000000000005e-01 0.000000000000000000e+00
1.582318024122900009e+09 5.753000000000000336e-01 0.000000000000000000e+00
1.582318024237070084e+09 5.755000000000000115e-01 0.000000000000000000e+00
1.582318024335851908e+09 5.754000000000000226e-01 0.000000000000000000e+00
1.582318024436011076e+09 5.756999999999999895e-01 0.000000000000000000e+00
1.582318024534898043e+09 5.756999999999999895e-01 0.000000000000000000e+00
1.582318024634919882e+09 5.756000000000000005e-01 0.000000000000000000e+00
1.582318024733830929e+09 5.754000000000000226e-01 0.000000000000000000e+00
1.582318024833885908e+09 5.756999999999999895e-01 0.000000000000000000e+00
1.582318024932924032e+09 5.755000000000000115e-01 0.000000000000000000e+00
1.582318025043842077e+09 5.755000000000000115e-01 0.000000000000000000e+00
1.582318025143591881e+09 5.756999999999999895e-01 0.000000000000000000e+00
1.582318025243346930e+09 5.755000000000000115e-01 0.000000000000000000e+00
1.582318025343111038e+09 5.755000000000000115e-01 0.000000000000000000e+00
1.582318025442869902e+09 5.755000000000000115e-01 0.000000000000000000e+00
1.582318025543697119e+09 5.756000000000000005e-01 0.000000000000000000e+00
1.582318025642406940e+09 5.756000000000000005e-01 0.000000000000000000e+00
1.582318025742834091e+09 5.755000000000000115e-01 0.000000000000000000e+00
1.582318025842761040e+09 5.756000000000000005e-01 0.000000000000000000e+00
1.582318025954374075e+09 5.753000000000000336e-01 0.000000000000000000e+00
1.582318026055730104e+09 5.756999999999999895e-01 0.000000000000000000e+00
1.582318026155713081e+09 5.756000000000000005e-01 0.000000000000000000e+00
1.582318026254817009e+09 5.756000000000000005e-01 0.000000000000000000e+00
1.582318026354685068e+09 5.756000000000000005e-01 0.000000000000000000e+00
1.582318026453726053e+09 5.755000000000000115e-01 0.000000000000000000e+00
1.582318026551688910e+09 5.756000000000000005e-01 0.000000000000000000e+00
1.582318026652719975e+09 5.755000000000000115e-01 0.000000000000000000e+00
1.582318026752609968e+09 5.756999999999999895e-01 0.000000000000000000e+00
1.582318026865588903e+09 5.756000000000000005e-01 0.000000000000000000e+00
1.582318026965634108e+09 5.755000000000000115e-01 0.000000000000000000e+00
1.582318027064675093e+09 5.755000000000000115e-01 0.000000000000000000e+00
1.582318027164663076e+09 5.757999999999999785e-01 0.000000000000000000e+00
1.582318027259746075e+09 5.756999999999999895e-01 0.000000000000000000e+00
1.582318027363648891e+09 5.756999999999999895e-01 0.000000000000000000e+00
1.582318027462724924e+09 5.755000000000000115e-01 0.000000000000000000e+00
1.582318027562827110e+09 5.756000000000000005e-01 0.000000000000000000e+00
1.582318027670871973e+09 5.756000000000000005e-01 0.000000000000000000e+00
1.582318027775607109e+09 5.755000000000000115e-01 0.000000000000000000e+00
1.582318027870417118e+09 5.756000000000000005e-01 0.000000000000000000e+00
1.582318027970154047e+09 5.756000000000000005e-01 0.000000000000000000e+00
1.582318028073656082e+09 5.755000000000000115e-01 0.000000000000000000e+00
1.582318028169689894e+09 5.753000000000000336e-01 0.000000000000000000e+00
1.582318028269438028e+09 5.755000000000000115e-01 0.000000000000000000e+00
1.582318028385833025e+09 5.754000000000000226e-01 0.000000000000000000e+00
1.582318028481724977e+09 5.756999999999999895e-01 0.000000000000000000e+00
1.582318028585361958e+09 5.756000000000000005e-01 0.000000000000000000e+00
1.582318028684602022e+09 5.756000000000000005e-01 0.000000000000000000e+00
1.582318028784531116e+09 5.755000000000000115e-01 0.000000000000000000e+00
1.582318028883429050e+09 5.755000000000000115e-01 0.000000000000000000e+00
1.582318028983416080e+09 5.753000000000000336e-01 0.000000000000000000e+00
1.582318029082607985e+09 5.756000000000000005e-01 0.000000000000000000e+00
1.582318029196408987e+09 5.755000000000000115e-01 0.000000000000000000e+00
1.582318029295635939e+09 5.755000000000000115e-01 0.000000000000000000e+00
1.582318029395452976e+09 5.756999999999999895e-01 0.000000000000000000e+00
1.582318029494518042e+09 5.755000000000000115e-01 0.000000000000000000e+00
1.582318029594362020e+09 5.753000000000000336e-01 0.000000000000000000e+00
1.582318029693499088e+09 5.755000000000000115e-01 0.000000000000000000e+00
1.582318029793318987e+09 5.755000000000000115e-01 0.000000000000000000e+00
1.582318029892416000e+09 5.755000000000000115e-01 0.000000000000000000e+00
1.582318030006457090e+09 5.754000000000000226e-01 0.000000000000000000e+00
1.582318030105437994e+09 5.756000000000000005e-01 0.000000000000000000e+00
1.582318030205306053e+09 5.756999999999999895e-01 0.000000000000000000e+00
1.582318030304472923e+09 5.753000000000000336e-01 0.000000000000000000e+00
1.582318030404303074e+09 5.753000000000000336e-01 0.000000000000000000e+00
1.582318030503317118e+09 5.755000000000000115e-01 0.000000000000000000e+00
1.582318030603199005e+09 5.754000000000000226e-01 0.000000000000000000e+00
1.582318030702208042e+09 5.754000000000000226e-01 0.000000000000000000e+00
1.582318030813371897e+09 5.754000000000000226e-01 0.000000000000000000e+00
1.582318030913125038e+09 5.756000000000000005e-01 0.000000000000000000e+00
1.582318031012912989e+09 5.754000000000000226e-01 0.000000000000000000e+00
1.582318031112675905e+09 5.755000000000000115e-01 0.000000000000000000e+00
1.582318031212444067e+09 5.756999999999999895e-01 0.000000000000000000e+00
1.582318031313446999e+09 5.755000000000000115e-01 0.000000000000000000e+00
1.582318031411942005e+09 5.755000000000000115e-01 0.000000000000000000e+00
1.582318031511699915e+09 5.755000000000000115e-01 0.000000000000000000e+00
1.582318031611464024e+09 5.756999999999999895e-01 0.000000000000000000e+00
1.582318031725372076e+09 5.756999999999999895e-01 0.000000000000000000e+00
1.582318031825228930e+09 5.754000000000000226e-01 0.000000000000000000e+00
1.582318031924197912e+09 5.752000000000000446e-01 0.000000000000000000e+00
1.582318032024235964e+09 5.754000000000000226e-01 0.000000000000000000e+00
1.582318032123230934e+09 5.753000000000000336e-01 0.000000000000000000e+00
1.582318032223153114e+09 5.755000000000000115e-01 0.000000000000000000e+00
1.582318032322061062e+09 5.754000000000000226e-01 0.000000000000000000e+00
1.582318032422061920e+09 5.756999999999999895e-01 0.000000000000000000e+00
1.582318032530925989e+09 5.755000000000000115e-01 0.000000000000000000e+00
1.582318032635124922e+09 5.755000000000000115e-01 0.000000000000000000e+00
1.582318032734179974e+09 5.756000000000000005e-01 0.000000000000000000e+00
1.582318032834302902e+09 5.755000000000000115e-01 0.000000000000000000e+00
1.582318032930880070e+09 5.754000000000000226e-01 0.000000000000000000e+00
1.582318033030158997e+09 5.754000000000000226e-01 0.000000000000000000e+00
1.582318033132220984e+09 5.753000000000000336e-01 0.000000000000000000e+00
1.582318033231976986e+09 5.754000000000000226e-01 0.000000000000000000e+00
1.582318033346297026e+09 5.754000000000000226e-01 0.000000000000000000e+00
1.582318033440383911e+09 5.754000000000000226e-01 0.000000000000000000e+00
1.582318033544123888e+09 5.756999999999999895e-01 0.000000000000000000e+00
1.582318033639940023e+09 5.756999999999999895e-01 0.000000000000000000e+00
1.582318033739712000e+09 5.755000000000000115e-01 0.000000000000000000e+00
1.582318033839464903e+09 5.752000000000000446e-01 0.000000000000000000e+00
1.582318033939235926e+09 5.754000000000000226e-01 0.000000000000000000e+00
1.582318034055627108e+09 5.755000000000000115e-01 0.000000000000000000e+00
1.582318034155394077e+09 5.754000000000000226e-01 0.000000000000000000e+00
1.582318034255168915e+09 5.755000000000000115e-01 0.000000000000000000e+00
1.582318034354892015e+09 5.754000000000000226e-01 0.000000000000000000e+00
1.582318034453823090e+09 5.754000000000000226e-01 0.000000000000000000e+00
1.582318034551326036e+09 5.755000000000000115e-01 0.000000000000000000e+00
1.582318034652942896e+09 5.754000000000000226e-01 0.000000000000000000e+00
1.582318034752935886e+09 5.753000000000000336e-01 0.000000000000000000e+00
1.582318034851957083e+09 5.754000000000000226e-01 0.000000000000000000e+00
1.582318034965986967e+09 5.755000000000000115e-01 0.000000000000000000e+00
1.582318035064929962e+09 5.755000000000000115e-01 0.000000000000000000e+00
1.582318035164848089e+09 5.755000000000000115e-01 0.000000000000000000e+00
1.582318035263865948e+09 5.755000000000000115e-01 0.000000000000000000e+00
1.582318035363862038e+09 5.753000000000000336e-01 0.000000000000000000e+00
1.582318035462928057e+09 5.753000000000000336e-01 0.000000000000000000e+00
1.582318035561861038e+09 5.756000000000000005e-01 0.000000000000000000e+00
1.582318035661900997e+09 5.754000000000000226e-01 0.000000000000000000e+00
1.582318035775801897e+09 5.754000000000000226e-01 0.000000000000000000e+00
1.582318035874830008e+09 5.754000000000000226e-01 0.000000000000000000e+00
1.582318035973820925e+09 5.756000000000000005e-01 0.000000000000000000e+00
1.582318036073838949e+09 5.754000000000000226e-01 0.000000000000000000e+00
1.582318036172898054e+09 5.754000000000000226e-01 0.000000000000000000e+00
1.582318036272902012e+09 5.755000000000000115e-01 0.000000000000000000e+00
1.582318036372926950e+09 5.754000000000000226e-01 0.000000000000000000e+00
1.582318036483149052e+09 5.753000000000000336e-01 0.000000000000000000e+00
1.582318036582916975e+09 5.756000000000000005e-01 0.000000000000000000e+00
1.582318036682677984e+09 5.753000000000000336e-01 0.000000000000000000e+00
1.582318036782443047e+09 5.754000000000000226e-01 0.000000000000000000e+00
1.582318036882208109e+09 5.756000000000000005e-01 0.000000000000000000e+00
1.582318036981972933e+09 5.755000000000000115e-01 0.000000000000000000e+00
1.582318037081739902e+09 5.755000000000000115e-01 0.000000000000000000e+00
1.582318037181504011e+09 5.753000000000000336e-01 0.000000000000000000e+00
1.582318037295725107e+09 5.753000000000000336e-01 0.000000000000000000e+00
1.582318037395747900e+09 5.755000000000000115e-01 0.000000000000000000e+00
1.582318037494712114e+09 5.752000000000000446e-01 0.000000000000000000e+00
1.582318037594863892e+09 5.754000000000000226e-01 0.000000000000000000e+00
1.582318037693536043e+09 5.755000000000000115e-01 0.000000000000000000e+00
1.582318037793495893e+09 5.754000000000000226e-01 0.000000000000000000e+00
1.582318037892592907e+09 5.754000000000000226e-01 0.000000000000000000e+00
1.582318037987963915e+09 5.753000000000000336e-01 0.000000000000000000e+00
1.582318038091727972e+09 5.753000000000000336e-01 0.000000000000000000e+00
1.582318038205666065e+09 5.752000000000000446e-01 0.000000000000000000e+00
1.582318038304702044e+09 5.755000000000000115e-01 0.000000000000000000e+00
1.582318038404733896e+09 5.752000000000000446e-01 0.000000000000000000e+00
1.582318038503583908e+09 5.754000000000000226e-01 0.000000000000000000e+00
1.582318038603523970e+09 5.755000000000000115e-01 0.000000000000000000e+00
1.582318038702446938e+09 5.755000000000000115e-01 0.000000000000000000e+00
1.582318038802613974e+09 5.753000000000000336e-01 0.000000000000000000e+00
1.582318038901520014e+09 5.753000000000000336e-01 0.000000000000000000e+00
1.582318039001522064e+09 5.753000000000000336e-01 0.000000000000000000e+00
1.582318039115695000e+09 5.755000000000000115e-01 0.000000000000000000e+00
1.582318039209975958e+09 5.752000000000000446e-01 0.000000000000000000e+00
1.582318039309720993e+09 5.755000000000000115e-01 0.000000000000000000e+00
1.582318039413661003e+09 5.753000000000000336e-01 0.000000000000000000e+00
1.582318039509255886e+09 5.752000000000000446e-01 0.000000000000000000e+00
1.582318039612561941e+09 5.755000000000000115e-01 0.000000000000000000e+00
1.582318039711338997e+09 5.754000000000000226e-01 0.000000000000000000e+00
1.582318039808532000e+09 5.753000000000000336e-01 0.000000000000000000e+00
1.582318039924444914e+09 5.754000000000000226e-01 0.000000000000000000e+00
1.582318040024399042e+09 5.752000000000000446e-01 0.000000000000000000e+00
1.582318040123411894e+09 5.753000000000000336e-01 0.000000000000000000e+00
1.582318040223377943e+09 5.753000000000000336e-01 0.000000000000000000e+00
1.582318040322652102e+09 5.753000000000000336e-01 0.000000000000000000e+00
1.582318040422257900e+09 5.754000000000000226e-01 0.000000000000000000e+00
1.582318040521409988e+09 5.755000000000000115e-01 0.000000000000000000e+00
1.582318040621355057e+09 5.753000000000000336e-01 0.000000000000000000e+00
1.582318040720413923e+09 5.749999999999999556e-01 0.000000000000000000e+00
1.582318040820353985e+09 5.754000000000000226e-01 0.000000000000000000e+00
1.582318040933233023e+09 5.753000000000000336e-01 0.000000000000000000e+00
1.582318041033339024e+09 5.754000000000000226e-01 0.000000000000000000e+00
1.582318041132378101e+09 5.755000000000000115e-01 0.000000000000000000e+00
1.582318041232348919e+09 5.752000000000000446e-01 0.000000000000000000e+00
1.582318041331420898e+09 5.754000000000000226e-01 0.000000000000000000e+00
1.582318041431416035e+09 5.753000000000000336e-01 0.000000000000000000e+00
1.582318041526722908e+09 5.755000000000000115e-01 0.000000000000000000e+00
1.582318041630285978e+09 5.753000000000000336e-01 0.000000000000000000e+00
1.582318041743385077e+09 5.753000000000000336e-01 0.000000000000000000e+00
1.582318041843235970e+09 5.754000000000000226e-01 0.000000000000000000e+00
1.582318041942224979e+09 5.754000000000000226e-01 0.000000000000000000e+00
1.582318042042263031e+09 5.753000000000000336e-01 0.000000000000000000e+00
1.582318042136312962e+09 5.753000000000000336e-01 0.000000000000000000e+00
1.582318042241242886e+09 5.752000000000000446e-01 0.000000000000000000e+00
1.582318042335836887e+09 5.755000000000000115e-01 0.000000000000000000e+00
1.582318042453989029e+09 5.754000000000000226e-01 0.000000000000000000e+00
1.582318042551095009e+09 5.753000000000000336e-01 0.000000000000000000e+00
1.582318042653240919e+09 5.752000000000000446e-01 0.000000000000000000e+00
1.582318042751490116e+09 5.754000000000000226e-01 0.000000000000000000e+00
1.582318042851259947e+09 5.753000000000000336e-01 0.000000000000000000e+00
1.582318042951021910e+09 5.753000000000000336e-01 0.000000000000000000e+00
1.582318043050789118e+09 5.755000000000000115e-01 0.000000000000000000e+00
1.582318043150130987e+09 5.753000000000000336e-01 0.000000000000000000e+00
1.582318043250016928e+09 5.753000000000000336e-01 0.000000000000000000e+00
1.582318043349093914e+09 5.753000000000000336e-01 0.000000000000000000e+00
1.582318043463296890e+09 5.753000000000000336e-01 0.000000000000000000e+00
1.582318043562201023e+09 5.752000000000000446e-01 0.000000000000000000e+00
1.582318043662307978e+09 5.754000000000000226e-01 0.000000000000000000e+00
1.582318043760947943e+09 5.754000000000000226e-01 0.000000000000000000e+00
1.582318043860985041e+09 5.752000000000000446e-01 0.000000000000000000e+00
1.582318043960089922e+09 5.752000000000000446e-01 0.000000000000000000e+00
1.582318044060038090e+09 5.750999999999999446e-01 0.000000000000000000e+00
1.582318044159053087e+09 5.754000000000000226e-01 0.000000000000000000e+00
1.582318044259042978e+09 5.755000000000000115e-01 0.000000000000000000e+00
1.582318044372987986e+09 5.754000000000000226e-01 0.000000000000000000e+00
1.582318044472147942e+09 5.754000000000000226e-01 0.000000000000000000e+00
1.582318044570924044e+09 5.753000000000000336e-01 0.000000000000000000e+00
1.582318044670932055e+09 5.755000000000000115e-01 0.000000000000000000e+00
1.582318044770020962e+09 5.753000000000000336e-01 0.000000000000000000e+00
1.582318044869955063e+09 5.752000000000000446e-01 0.000000000000000000e+00
1.582318044968952894e+09 5.754000000000000226e-01 0.000000000000000000e+00
1.582318045068990946e+09 5.755000000000000115e-01 0.000000000000000000e+00
1.582318045179033041e+09 5.754000000000000226e-01 0.000000000000000000e+00
1.582318045278793097e+09 5.755000000000000115e-01 0.000000000000000000e+00
1.582318045378552914e+09 5.753000000000000336e-01 0.000000000000000000e+00
1.582318045478291988e+09 5.753000000000000336e-01 0.000000000000000000e+00
1.582318045578063965e+09 5.753000000000000336e-01 0.000000000000000000e+00
1.582318045679919004e+09 5.752000000000000446e-01 0.000000000000000000e+00
1.582318045778909922e+09 5.753000000000000336e-01 0.000000000000000000e+00
1.582318045892986059e+09 5.755000000000000115e-01 0.000000000000000000e+00
