# 
# Duration (in s): 60
# Pointing Position of the Horn: Calibrator paddle
# Angle pointing (from vertical): 80.3
# Calibrator used: YES
# Weather: very clear
# Units: tenth microWatt
# Comments: sky dip 80
1.582316078006993055e+09 5.586999999999999744e-01 0.000000000000000000e+00
1.582316078124912024e+09 5.588999999999999524e-01 0.000000000000000000e+00
1.582316078238734007e+09 5.588999999999999524e-01 0.000000000000000000e+00
1.582316078338727951e+09 5.586999999999999744e-01 0.000000000000000000e+00
1.582316078437742949e+09 5.588999999999999524e-01 0.000000000000000000e+00
1.582316078537957907e+09 5.586999999999999744e-01 0.000000000000000000e+00
1.582316078636710882e+09 5.588999999999999524e-01 0.000000000000000000e+00
1.582316078736603975e+09 5.587999999999999634e-01 0.000000000000000000e+00
1.582316078835756063e+09 5.588999999999999524e-01 0.000000000000000000e+00
1.582316078935707092e+09 5.587999999999999634e-01 0.000000000000000000e+00
1.582316079030445099e+09 5.587999999999999634e-01 0.000000000000000000e+00
1.582316079145140886e+09 5.588999999999999524e-01 0.000000000000000000e+00
1.582316079244637966e+09 5.587999999999999634e-01 0.000000000000000000e+00
1.582316079344973087e+09 5.586999999999999744e-01 0.000000000000000000e+00
1.582316079444838047e+09 5.588999999999999524e-01 0.000000000000000000e+00
1.582316079544595003e+09 5.587999999999999634e-01 0.000000000000000000e+00
1.582316079645433903e+09 5.586999999999999744e-01 0.000000000000000000e+00
1.582316079744009972e+09 5.590000000000000524e-01 0.000000000000000000e+00
1.582316079843837976e+09 5.587999999999999634e-01 0.000000000000000000e+00
1.582316079943586111e+09 5.587999999999999634e-01 0.000000000000000000e+00
1.582316080058810949e+09 5.591000000000000414e-01 0.000000000000000000e+00
1.582316080158597946e+09 5.588999999999999524e-01 0.000000000000000000e+00
1.582316080257695913e+09 5.590000000000000524e-01 0.000000000000000000e+00
1.582316080357588053e+09 5.590000000000000524e-01 0.000000000000000000e+00
1.582316080457397938e+09 5.588999999999999524e-01 0.000000000000000000e+00
1.582316080555270910e+09 5.590000000000000524e-01 0.000000000000000000e+00
1.582316080656522036e+09 5.591000000000000414e-01 0.000000000000000000e+00
1.582316080755573034e+09 5.587999999999999634e-01 0.000000000000000000e+00
1.582316080868546009e+09 5.586999999999999744e-01 0.000000000000000000e+00
1.582316080963463068e+09 5.587999999999999634e-01 0.000000000000000000e+00
1.582316081068465948e+09 5.588999999999999524e-01 0.000000000000000000e+00
1.582316081167579889e+09 5.587999999999999634e-01 0.000000000000000000e+00
1.582316081267503023e+09 5.588999999999999524e-01 0.000000000000000000e+00
1.582316081367409945e+09 5.590000000000000524e-01 0.000000000000000000e+00
1.582316081464689016e+09 5.590000000000000524e-01 0.000000000000000000e+00
1.582316081566432953e+09 5.590000000000000524e-01 0.000000000000000000e+00
1.582316081665518045e+09 5.591000000000000414e-01 0.000000000000000000e+00
1.582316081765326977e+09 5.587999999999999634e-01 0.000000000000000000e+00
1.582316081878253937e+09 5.587999999999999634e-01 0.000000000000000000e+00
1.582316081978456020e+09 5.588999999999999524e-01 0.000000000000000000e+00
1.582316082078263998e+09 5.590000000000000524e-01 0.000000000000000000e+00
1.582316082177366972e+09 5.590000000000000524e-01 0.000000000000000000e+00
1.582316082277234077e+09 5.591000000000000414e-01 0.000000000000000000e+00
1.582316082375401974e+09 5.590000000000000524e-01 0.000000000000000000e+00
1.582316082476392031e+09 5.587999999999999634e-01 0.000000000000000000e+00
1.582316082570669889e+09 5.590000000000000524e-01 0.000000000000000000e+00
1.582316082688344002e+09 5.591000000000000414e-01 0.000000000000000000e+00
1.582316082786493063e+09 5.591000000000000414e-01 0.000000000000000000e+00
1.582316082886548996e+09 5.590000000000000524e-01 0.000000000000000000e+00
1.582316082986341000e+09 5.592000000000000304e-01 0.000000000000000000e+00
1.582316083086136103e+09 5.590000000000000524e-01 0.000000000000000000e+00
1.582316083185904026e+09 5.588999999999999524e-01 0.000000000000000000e+00
1.582316083285603046e+09 5.590000000000000524e-01 0.000000000000000000e+00
1.582316083385312080e+09 5.590000000000000524e-01 0.000000000000000000e+00
1.582316083500263929e+09 5.592000000000000304e-01 0.000000000000000000e+00
1.582316083599260092e+09 5.591000000000000414e-01 0.000000000000000000e+00
1.582316083699229002e+09 5.590000000000000524e-01 0.000000000000000000e+00
1.582316083798319101e+09 5.590000000000000524e-01 0.000000000000000000e+00
1.582316083898149967e+09 5.591000000000000414e-01 0.000000000000000000e+00
1.582316083997376919e+09 5.587999999999999634e-01 0.000000000000000000e+00
1.582316084097148895e+09 5.590000000000000524e-01 0.000000000000000000e+00
1.582316084194964886e+09 5.590000000000000524e-01 0.000000000000000000e+00
1.582316084296298027e+09 5.588999999999999524e-01 0.000000000000000000e+00
1.582316084395225048e+09 5.590000000000000524e-01 0.000000000000000000e+00
1.582316084508858919e+09 5.587999999999999634e-01 0.000000000000000000e+00
1.582316084609191895e+09 5.591000000000000414e-01 0.000000000000000000e+00
1.582316084708123922e+09 5.588999999999999524e-01 0.000000000000000000e+00
1.582316084808051109e+09 5.587999999999999634e-01 0.000000000000000000e+00
1.582316084907260895e+09 5.587999999999999634e-01 0.000000000000000000e+00
1.582316085007107973e+09 5.588999999999999524e-01 0.000000000000000000e+00
1.582316085103282928e+09 5.588999999999999524e-01 0.000000000000000000e+00
1.582316085206130981e+09 5.590000000000000524e-01 0.000000000000000000e+00
1.582316085320020914e+09 5.588999999999999524e-01 0.000000000000000000e+00
1.582316085416843891e+09 5.591000000000000414e-01 0.000000000000000000e+00
1.582316085518893957e+09 5.587999999999999634e-01 0.000000000000000000e+00
1.582316085616224051e+09 5.588999999999999524e-01 0.000000000000000000e+00
1.582316085713077068e+09 5.588999999999999524e-01 0.000000000000000000e+00
1.582316085812944889e+09 5.588999999999999524e-01 0.000000000000000000e+00
1.582316085912708998e+09 5.588999999999999524e-01 0.000000000000000000e+00
1.582316086012470007e+09 5.587999999999999634e-01 0.000000000000000000e+00
1.582316086128874063e+09 5.588999999999999524e-01 0.000000000000000000e+00
1.582316086228643894e+09 5.588999999999999524e-01 0.000000000000000000e+00
1.582316086327960014e+09 5.591000000000000414e-01 0.000000000000000000e+00
1.582316086427989006e+09 5.590000000000000524e-01 0.000000000000000000e+00
1.582316086527792931e+09 5.587999999999999634e-01 0.000000000000000000e+00
1.582316086627665043e+09 5.590000000000000524e-01 0.000000000000000000e+00
1.582316086727436066e+09 5.587999999999999634e-01 0.000000000000000000e+00
1.582316086822591066e+09 5.588999999999999524e-01 0.000000000000000000e+00
1.582316086926846027e+09 5.588999999999999524e-01 0.000000000000000000e+00
1.582316087025943995e+09 5.590000000000000524e-01 0.000000000000000000e+00
1.582316087135675907e+09 5.588999999999999524e-01 0.000000000000000000e+00
1.582316087238886118e+09 5.590000000000000524e-01 0.000000000000000000e+00
1.582316087338970900e+09 5.586999999999999744e-01 0.000000000000000000e+00
1.582316087438841105e+09 5.588999999999999524e-01 0.000000000000000000e+00
1.582316087537911892e+09 5.588999999999999524e-01 0.000000000000000000e+00
1.582316087637753010e+09 5.590000000000000524e-01 0.000000000000000000e+00
1.582316087736862898e+09 5.591000000000000414e-01 0.000000000000000000e+00
1.582316087836860895e+09 5.590000000000000524e-01 0.000000000000000000e+00
1.582316087949793100e+09 5.586999999999999744e-01 0.000000000000000000e+00
1.582316088044917107e+09 5.588999999999999524e-01 0.000000000000000000e+00
1.582316088149802923e+09 5.590000000000000524e-01 0.000000000000000000e+00
1.582316088248859882e+09 5.586999999999999744e-01 0.000000000000000000e+00
1.582316088348757982e+09 5.590000000000000524e-01 0.000000000000000000e+00
1.582316088447762012e+09 5.590000000000000524e-01 0.000000000000000000e+00
1.582316088547324896e+09 5.590000000000000524e-01 0.000000000000000000e+00
1.582316088646752119e+09 5.591000000000000414e-01 0.000000000000000000e+00
1.582316088755911112e+09 5.590000000000000524e-01 0.000000000000000000e+00
1.582316088860935926e+09 5.587999999999999634e-01 0.000000000000000000e+00
1.582316088955411911e+09 5.588999999999999524e-01 0.000000000000000000e+00
1.582316089055083990e+09 5.586999999999999744e-01 0.000000000000000000e+00
1.582316089154959917e+09 5.588999999999999524e-01 0.000000000000000000e+00
1.582316089257853985e+09 5.591000000000000414e-01 0.000000000000000000e+00
1.582316089354500055e+09 5.591000000000000414e-01 0.000000000000000000e+00
1.582316089454224110e+09 5.592000000000000304e-01 0.000000000000000000e+00
1.582316089553030014e+09 5.590000000000000524e-01 0.000000000000000000e+00
1.582316089653742075e+09 5.587999999999999634e-01 0.000000000000000000e+00
1.582316089770143032e+09 5.588999999999999524e-01 0.000000000000000000e+00
1.582316089869651079e+09 5.588999999999999524e-01 0.000000000000000000e+00
1.582316089969683886e+09 5.588999999999999524e-01 0.000000000000000000e+00
1.582316090068667889e+09 5.591000000000000414e-01 0.000000000000000000e+00
1.582316090168628931e+09 5.591000000000000414e-01 0.000000000000000000e+00
1.582316090263046026e+09 5.590000000000000524e-01 0.000000000000000000e+00
1.582316090367409945e+09 5.588999999999999524e-01 0.000000000000000000e+00
1.582316090466543913e+09 5.590000000000000524e-01 0.000000000000000000e+00
1.582316090580696106e+09 5.586999999999999744e-01 0.000000000000000000e+00
1.582316090680624008e+09 5.591000000000000414e-01 0.000000000000000000e+00
1.582316090779598951e+09 5.591000000000000414e-01 0.000000000000000000e+00
1.582316090879451036e+09 5.587999999999999634e-01 0.000000000000000000e+00
1.582316090978602886e+09 5.588999999999999524e-01 0.000000000000000000e+00
1.582316091078478098e+09 5.591000000000000414e-01 0.000000000000000000e+00
1.582316091177536964e+09 5.590000000000000524e-01 0.000000000000000000e+00
1.582316091277486086e+09 5.590000000000000524e-01 0.000000000000000000e+00
1.582316091391534090e+09 5.587999999999999634e-01 0.000000000000000000e+00
1.582316091490609884e+09 5.587999999999999634e-01 0.000000000000000000e+00
1.582316091590436935e+09 5.587999999999999634e-01 0.000000000000000000e+00
1.582316091689487934e+09 5.588999999999999524e-01 0.000000000000000000e+00
1.582316091789343119e+09 5.590000000000000524e-01 0.000000000000000000e+00
1.582316091888571978e+09 5.590000000000000524e-01 0.000000000000000000e+00
1.582316091988439083e+09 5.587999999999999634e-01 0.000000000000000000e+00
1.582316092088414907e+09 5.587999999999999634e-01 0.000000000000000000e+00
1.582316092187494993e+09 5.585999999999999854e-01 0.000000000000000000e+00
1.582316092286542892e+09 5.590000000000000524e-01 0.000000000000000000e+00
1.582316092397222042e+09 5.591000000000000414e-01 0.000000000000000000e+00
1.582316092500556946e+09 5.588999999999999524e-01 0.000000000000000000e+00
1.582316092596724033e+09 5.587999999999999634e-01 0.000000000000000000e+00
1.582316092699419022e+09 5.590000000000000524e-01 0.000000000000000000e+00
1.582316092796247005e+09 5.588999999999999524e-01 0.000000000000000000e+00
1.582316092896018982e+09 5.588999999999999524e-01 0.000000000000000000e+00
1.582316092995783091e+09 5.588999999999999524e-01 0.000000000000000000e+00
1.582316093095566034e+09 5.587999999999999634e-01 0.000000000000000000e+00
1.582316093211277008e+09 5.587999999999999634e-01 0.000000000000000000e+00
1.582316093310348988e+09 5.588999999999999524e-01 0.000000000000000000e+00
1.582316093410532951e+09 5.586999999999999744e-01 0.000000000000000000e+00
1.582316093509299040e+09 5.588999999999999524e-01 0.000000000000000000e+00
1.582316093609201908e+09 5.587999999999999634e-01 0.000000000000000000e+00
1.582316093707304001e+09 5.588999999999999524e-01 0.000000000000000000e+00
1.582316093804650068e+09 5.587999999999999634e-01 0.000000000000000000e+00
1.582316093908204079e+09 5.586999999999999744e-01 0.000000000000000000e+00
1.582316094007236958e+09 5.586999999999999744e-01 0.000000000000000000e+00
1.582316094117062092e+09 5.587999999999999634e-01 0.000000000000000000e+00
1.582316094220247030e+09 5.586999999999999744e-01 0.000000000000000000e+00
1.582316094318008900e+09 5.587999999999999634e-01 0.000000000000000000e+00
1.582316094416918039e+09 5.585999999999999854e-01 0.000000000000000000e+00
1.582316094518804073e+09 5.588999999999999524e-01 0.000000000000000000e+00
1.582316094616127014e+09 5.590000000000000524e-01 0.000000000000000000e+00
1.582316094718321085e+09 5.590000000000000524e-01 0.000000000000000000e+00
1.582316094818257093e+09 5.588999999999999524e-01 0.000000000000000000e+00
1.582316094917258978e+09 5.590000000000000524e-01 0.000000000000000000e+00
1.582316095031064034e+09 5.590000000000000524e-01 0.000000000000000000e+00
1.582316095129965067e+09 5.586999999999999744e-01 0.000000000000000000e+00
1.582316095225979090e+09 5.590000000000000524e-01 0.000000000000000000e+00
1.582316095330043077e+09 5.588999999999999524e-01 0.000000000000000000e+00
1.582316095428960085e+09 5.587999999999999634e-01 0.000000000000000000e+00
1.582316095529140949e+09 5.587999999999999634e-01 0.000000000000000000e+00
1.582316095623747110e+09 5.588999999999999524e-01 0.000000000000000000e+00
1.582316095725202084e+09 5.587999999999999634e-01 0.000000000000000000e+00
1.582316095822297096e+09 5.590000000000000524e-01 0.000000000000000000e+00
1.582316095938842058e+09 5.588999999999999524e-01 0.000000000000000000e+00
1.582316096038299084e+09 5.587999999999999634e-01 0.000000000000000000e+00
1.582316096138200998e+09 5.588999999999999524e-01 0.000000000000000000e+00
1.582316096238089085e+09 5.588999999999999524e-01 0.000000000000000000e+00
1.582316096337588072e+09 5.588999999999999524e-01 0.000000000000000000e+00
1.582316096437453985e+09 5.587999999999999634e-01 0.000000000000000000e+00
1.582316096537328959e+09 5.591000000000000414e-01 0.000000000000000000e+00
1.582316096637177944e+09 5.590000000000000524e-01 0.000000000000000000e+00
1.582316096736994028e+09 5.587999999999999634e-01 0.000000000000000000e+00
1.582316096851099968e+09 5.586999999999999744e-01 0.000000000000000000e+00
1.582316096951021910e+09 5.587999999999999634e-01 0.000000000000000000e+00
1.582316097049983978e+09 5.587999999999999634e-01 0.000000000000000000e+00
1.582316097150060892e+09 5.587999999999999634e-01 0.000000000000000000e+00
1.582316097248996019e+09 5.586999999999999744e-01 0.000000000000000000e+00
1.582316097348989010e+09 5.591000000000000414e-01 0.000000000000000000e+00
1.582316097448004007e+09 5.590000000000000524e-01 0.000000000000000000e+00
1.582316097548085928e+09 5.588999999999999524e-01 0.000000000000000000e+00
1.582316097662144899e+09 5.587999999999999634e-01 0.000000000000000000e+00
1.582316097760994911e+09 5.590000000000000524e-01 0.000000000000000000e+00
1.582316097860946894e+09 5.586999999999999744e-01 0.000000000000000000e+00
1.582316097960055113e+09 5.590000000000000524e-01 0.000000000000000000e+00
1.582316098059977055e+09 5.592000000000000304e-01 0.000000000000000000e+00
1.582316098159843922e+09 5.591000000000000414e-01 0.000000000000000000e+00
1.582316098258990049e+09 5.591000000000000414e-01 0.000000000000000000e+00
1.582316098357851982e+09 5.590000000000000524e-01 0.000000000000000000e+00
1.582316098457959890e+09 5.587999999999999634e-01 0.000000000000000000e+00
1.582316098571916103e+09 5.587999999999999634e-01 0.000000000000000000e+00
1.582316098670710087e+09 5.590000000000000524e-01 0.000000000000000000e+00
1.582316098770729065e+09 5.586999999999999744e-01 0.000000000000000000e+00
1.582316098865068913e+09 5.588999999999999524e-01 0.000000000000000000e+00
1.582316098969816923e+09 5.586999999999999744e-01 0.000000000000000000e+00
1.582316099064604044e+09 5.588999999999999524e-01 0.000000000000000000e+00
1.582316099168883085e+09 5.590000000000000524e-01 0.000000000000000000e+00
1.582316099264149904e+09 5.587999999999999634e-01 0.000000000000000000e+00
1.582316099363890886e+09 5.591000000000000414e-01 0.000000000000000000e+00
1.582316099463651896e+09 5.590000000000000524e-01 0.000000000000000000e+00
1.582316099580051899e+09 5.590000000000000524e-01 0.000000000000000000e+00
1.582316099680804968e+09 5.590000000000000524e-01 0.000000000000000000e+00
1.582316099779541016e+09 5.590000000000000524e-01 0.000000000000000000e+00
1.582316099879640102e+09 5.590000000000000524e-01 0.000000000000000000e+00
1.582316099979074001e+09 5.587999999999999634e-01 0.000000000000000000e+00
1.582316100078721046e+09 5.588999999999999524e-01 0.000000000000000000e+00
1.582316100178608894e+09 5.586999999999999744e-01 0.000000000000000000e+00
1.582316100277890921e+09 5.587999999999999634e-01 0.000000000000000000e+00
1.582316100391808987e+09 5.586999999999999744e-01 0.000000000000000000e+00
1.582316100490658045e+09 5.588999999999999524e-01 0.000000000000000000e+00
1.582316100590701103e+09 5.590000000000000524e-01 0.000000000000000000e+00
1.582316100690615892e+09 5.586999999999999744e-01 0.000000000000000000e+00
1.582316100789685965e+09 5.587999999999999634e-01 0.000000000000000000e+00
1.582316100889456034e+09 5.586999999999999744e-01 0.000000000000000000e+00
1.582316100988749027e+09 5.587999999999999634e-01 0.000000000000000000e+00
1.582316101088443041e+09 5.585999999999999854e-01 0.000000000000000000e+00
1.582316101187627077e+09 5.591000000000000414e-01 0.000000000000000000e+00
1.582316101301549911e+09 5.588999999999999524e-01 0.000000000000000000e+00
1.582316101401535988e+09 5.588999999999999524e-01 0.000000000000000000e+00
1.582316101500771999e+09 5.591000000000000414e-01 0.000000000000000000e+00
1.582316101600642920e+09 5.588999999999999524e-01 0.000000000000000000e+00
1.582316101699610949e+09 5.588999999999999524e-01 0.000000000000000000e+00
1.582316101799658060e+09 5.588999999999999524e-01 0.000000000000000000e+00
1.582316101898574114e+09 5.588999999999999524e-01 0.000000000000000000e+00
1.582316101998462915e+09 5.587999999999999634e-01 0.000000000000000000e+00
1.582316102097536087e+09 5.591000000000000414e-01 0.000000000000000000e+00
1.582316102211590052e+09 5.590000000000000524e-01 0.000000000000000000e+00
1.582316102306852102e+09 5.586999999999999744e-01 0.000000000000000000e+00
1.582316102406610012e+09 5.588999999999999524e-01 0.000000000000000000e+00
1.582316102510454893e+09 5.590000000000000524e-01 0.000000000000000000e+00
1.582316102606156111e+09 5.591000000000000414e-01 0.000000000000000000e+00
1.582316102705876112e+09 5.587999999999999634e-01 0.000000000000000000e+00
1.582316102808501959e+09 5.587999999999999634e-01 0.000000000000000000e+00
1.582316102905401945e+09 5.588999999999999524e-01 0.000000000000000000e+00
1.582316103005182028e+09 5.588999999999999524e-01 0.000000000000000000e+00
1.582316103121567965e+09 5.588999999999999524e-01 0.000000000000000000e+00
1.582316103221313000e+09 5.588999999999999524e-01 0.000000000000000000e+00
1.582316103320566893e+09 5.586999999999999744e-01 0.000000000000000000e+00
1.582316103420387030e+09 5.588999999999999524e-01 0.000000000000000000e+00
1.582316103518455982e+09 5.588999999999999524e-01 0.000000000000000000e+00
1.582316103615740061e+09 5.587999999999999634e-01 0.000000000000000000e+00
1.582316103719583035e+09 5.586999999999999744e-01 0.000000000000000000e+00
1.582316103818464041e+09 5.587999999999999634e-01 0.000000000000000000e+00
1.582316103932425022e+09 5.587999999999999634e-01 0.000000000000000000e+00
1.582316104031377077e+09 5.587999999999999634e-01 0.000000000000000000e+00
1.582316104131278038e+09 5.586999999999999744e-01 0.000000000000000000e+00
1.582316104230304956e+09 5.588999999999999524e-01 0.000000000000000000e+00
1.582316104330233097e+09 5.590000000000000524e-01 0.000000000000000000e+00
1.582316104429380894e+09 5.588999999999999524e-01 0.000000000000000000e+00
1.582316104529460907e+09 5.590000000000000524e-01 0.000000000000000000e+00
1.582316104629353046e+09 5.590000000000000524e-01 0.000000000000000000e+00
1.582316104728226900e+09 5.587999999999999634e-01 0.000000000000000000e+00
1.582316104828131914e+09 5.588999999999999524e-01 0.000000000000000000e+00
1.582316104941173077e+09 5.590000000000000524e-01 0.000000000000000000e+00
1.582316105041198969e+09 5.591000000000000414e-01 0.000000000000000000e+00
1.582316105140300035e+09 5.591000000000000414e-01 0.000000000000000000e+00
1.582316105240113974e+09 5.587999999999999634e-01 0.000000000000000000e+00
1.582316105339287043e+09 5.587999999999999634e-01 0.000000000000000000e+00
1.582316105439297915e+09 5.591000000000000414e-01 0.000000000000000000e+00
1.582316105539181948e+09 5.591000000000000414e-01 0.000000000000000000e+00
1.582316105638277054e+09 5.591000000000000414e-01 0.000000000000000000e+00
1.582316105752235889e+09 5.588999999999999524e-01 0.000000000000000000e+00
1.582316105848373890e+09 5.591000000000000414e-01 0.000000000000000000e+00
1.582316105951312065e+09 5.590000000000000524e-01 0.000000000000000000e+00
1.582316106047888041e+09 5.591000000000000414e-01 0.000000000000000000e+00
1.582316106147666931e+09 5.591000000000000414e-01 0.000000000000000000e+00
1.582316106247430086e+09 5.590000000000000524e-01 0.000000000000000000e+00
1.582316106349152088e+09 5.590000000000000524e-01 0.000000000000000000e+00
1.582316106446959019e+09 5.590000000000000524e-01 0.000000000000000000e+00
1.582316106546746016e+09 5.588999999999999524e-01 0.000000000000000000e+00
1.582316106662127972e+09 5.588999999999999524e-01 0.000000000000000000e+00
1.582316106761301041e+09 5.586999999999999744e-01 0.000000000000000000e+00
1.582316106861135006e+09 5.592000000000000304e-01 0.000000000000000000e+00
1.582316106959963083e+09 5.591000000000000414e-01 0.000000000000000000e+00
1.582316107060111046e+09 5.588999999999999524e-01 0.000000000000000000e+00
1.582316107160101891e+09 5.588999999999999524e-01 0.000000000000000000e+00
1.582316107259077072e+09 5.588999999999999524e-01 0.000000000000000000e+00
1.582316107359185934e+09 5.590000000000000524e-01 0.000000000000000000e+00
1.582316107458050013e+09 5.592000000000000304e-01 0.000000000000000000e+00
1.582316107572063923e+09 5.590000000000000524e-01 0.000000000000000000e+00
1.582316107671760082e+09 5.588999999999999524e-01 0.000000000000000000e+00
1.582316107771023989e+09 5.590000000000000524e-01 0.000000000000000000e+00
1.582316107870948076e+09 5.588999999999999524e-01 0.000000000000000000e+00
1.582316107969921112e+09 5.590000000000000524e-01 0.000000000000000000e+00
1.582316108069957972e+09 5.588999999999999524e-01 0.000000000000000000e+00
1.582316108168957949e+09 5.588999999999999524e-01 0.000000000000000000e+00
1.582316108268956900e+09 5.590000000000000524e-01 0.000000000000000000e+00
1.582316108381824970e+09 5.591000000000000414e-01 0.000000000000000000e+00
1.582316108481873989e+09 5.588999999999999524e-01 0.000000000000000000e+00
1.582316108581819057e+09 5.587999999999999634e-01 0.000000000000000000e+00
1.582316108681020021e+09 5.590000000000000524e-01 0.000000000000000000e+00
1.582316108781025887e+09 5.590000000000000524e-01 0.000000000000000000e+00
1.582316108879829884e+09 5.588999999999999524e-01 0.000000000000000000e+00
1.582316108979809999e+09 5.588999999999999524e-01 0.000000000000000000e+00
1.582316109073998928e+09 5.587999999999999634e-01 0.000000000000000000e+00
1.582316109178801060e+09 5.588999999999999524e-01 0.000000000000000000e+00
1.582316109290158987e+09 5.588999999999999524e-01 0.000000000000000000e+00
1.582316109389918089e+09 5.588999999999999524e-01 0.000000000000000000e+00
1.582316109489685059e+09 5.590000000000000524e-01 0.000000000000000000e+00
1.582316109589447975e+09 5.590000000000000524e-01 0.000000000000000000e+00
1.582316109689239979e+09 5.588999999999999524e-01 0.000000000000000000e+00
1.582316109788945913e+09 5.588999999999999524e-01 0.000000000000000000e+00
1.582316109888714075e+09 5.588999999999999524e-01 0.000000000000000000e+00
1.582316109988472939e+09 5.590000000000000524e-01 0.000000000000000000e+00
1.582316110103080034e+09 5.590000000000000524e-01 0.000000000000000000e+00
1.582316110202785015e+09 5.590000000000000524e-01 0.000000000000000000e+00
1.582316110301718950e+09 5.586999999999999744e-01 0.000000000000000000e+00
1.582316110401859045e+09 5.586999999999999744e-01 0.000000000000000000e+00
1.582316110500619888e+09 5.588999999999999524e-01 0.000000000000000000e+00
1.582316110600692987e+09 5.591000000000000414e-01 0.000000000000000000e+00
1.582316110699762106e+09 5.591000000000000414e-01 0.000000000000000000e+00
1.582316110799750090e+09 5.590000000000000524e-01 0.000000000000000000e+00
1.582316110899637938e+09 5.588999999999999524e-01 0.000000000000000000e+00
1.582316111012624025e+09 5.586999999999999744e-01 0.000000000000000000e+00
1.582316111112723112e+09 5.588999999999999524e-01 0.000000000000000000e+00
1.582316111212584972e+09 5.588999999999999524e-01 0.000000000000000000e+00
1.582316111311676979e+09 5.587999999999999634e-01 0.000000000000000000e+00
1.582316111410651922e+09 5.586999999999999744e-01 0.000000000000000000e+00
1.582316111510735035e+09 5.590000000000000524e-01 0.000000000000000000e+00
1.582316111610626936e+09 5.587999999999999634e-01 0.000000000000000000e+00
1.582316111709673882e+09 5.590000000000000524e-01 0.000000000000000000e+00
1.582316111823738098e+09 5.587999999999999634e-01 0.000000000000000000e+00
1.582316111922506094e+09 5.586999999999999744e-01 0.000000000000000000e+00
1.582316112017792940e+09 5.586999999999999744e-01 0.000000000000000000e+00
1.582316112116693020e+09 5.587999999999999634e-01 0.000000000000000000e+00
1.582316112221560001e+09 5.588999999999999524e-01 0.000000000000000000e+00
1.582316112319441080e+09 5.586999999999999744e-01 0.000000000000000000e+00
1.582316112416014910e+09 5.590000000000000524e-01 0.000000000000000000e+00
1.582316112520178080e+09 5.588999999999999524e-01 0.000000000000000000e+00
1.582316112615475893e+09 5.590000000000000524e-01 0.000000000000000000e+00
1.582316112719422102e+09 5.587999999999999634e-01 0.000000000000000000e+00
1.582316112831667900e+09 5.586999999999999744e-01 0.000000000000000000e+00
1.582316112931430101e+09 5.588999999999999524e-01 0.000000000000000000e+00
1.582316113031197071e+09 5.588999999999999524e-01 0.000000000000000000e+00
1.582316113130971909e+09 5.588999999999999524e-01 0.000000000000000000e+00
1.582316113231645107e+09 5.587999999999999634e-01 0.000000000000000000e+00
1.582316113330384016e+09 5.588999999999999524e-01 0.000000000000000000e+00
1.582316113430257082e+09 5.590000000000000524e-01 0.000000000000000000e+00
1.582316113529637098e+09 5.588999999999999524e-01 0.000000000000000000e+00
1.582316113643510103e+09 5.587999999999999634e-01 0.000000000000000000e+00
1.582316113743462086e+09 5.587999999999999634e-01 0.000000000000000000e+00
1.582316113842434883e+09 5.588999999999999524e-01 0.000000000000000000e+00
1.582316113942511082e+09 5.591000000000000414e-01 0.000000000000000000e+00
1.582316114041392088e+09 5.588999999999999524e-01 0.000000000000000000e+00
1.582316114141371012e+09 5.588999999999999524e-01 0.000000000000000000e+00
1.582316114240365028e+09 5.588999999999999524e-01 0.000000000000000000e+00
1.582316114340363979e+09 5.587999999999999634e-01 0.000000000000000000e+00
1.582316114439357996e+09 5.588999999999999524e-01 0.000000000000000000e+00
1.582316114551798105e+09 5.588999999999999524e-01 0.000000000000000000e+00
1.582316114653340101e+09 5.590000000000000524e-01 0.000000000000000000e+00
1.582316114752401114e+09 5.591000000000000414e-01 0.000000000000000000e+00
1.582316114852196932e+09 5.588999999999999524e-01 0.000000000000000000e+00
1.582316114951296091e+09 5.588999999999999524e-01 0.000000000000000000e+00
1.582316115051227093e+09 5.590000000000000524e-01 0.000000000000000000e+00
1.582316115150408030e+09 5.587999999999999634e-01 0.000000000000000000e+00
1.582316115250189066e+09 5.588999999999999524e-01 0.000000000000000000e+00
1.582316115349229097e+09 5.591000000000000414e-01 0.000000000000000000e+00
1.582316115458740950e+09 5.590000000000000524e-01 0.000000000000000000e+00
1.582316115558495998e+09 5.590000000000000524e-01 0.000000000000000000e+00
1.582316115658267975e+09 5.588999999999999524e-01 0.000000000000000000e+00
1.582316115758038998e+09 5.587999999999999634e-01 0.000000000000000000e+00
1.582316115857769966e+09 5.588999999999999524e-01 0.000000000000000000e+00
1.582316115961173058e+09 5.587999999999999634e-01 0.000000000000000000e+00
1.582316116057281971e+09 5.585999999999999854e-01 0.000000000000000000e+00
1.582316116157059908e+09 5.590000000000000524e-01 0.000000000000000000e+00
1.582316116256834030e+09 5.590000000000000524e-01 0.000000000000000000e+00
1.582316116356591940e+09 5.587999999999999634e-01 0.000000000000000000e+00
1.582316116472974062e+09 5.588999999999999524e-01 0.000000000000000000e+00
1.582316116572233915e+09 5.586999999999999744e-01 0.000000000000000000e+00
1.582316116672213078e+09 5.586999999999999744e-01 0.000000000000000000e+00
1.582316116771210909e+09 5.586999999999999744e-01 0.000000000000000000e+00
1.582316116871105909e+09 5.587999999999999634e-01 0.000000000000000000e+00
1.582316116970212936e+09 5.587999999999999634e-01 0.000000000000000000e+00
1.582316117070094109e+09 5.584999999999999964e-01 0.000000000000000000e+00
1.582316117169133902e+09 5.588999999999999524e-01 0.000000000000000000e+00
1.582316117283149004e+09 5.588999999999999524e-01 0.000000000000000000e+00
1.582316117383284092e+09 5.588999999999999524e-01 0.000000000000000000e+00
1.582316117482052088e+09 5.587999999999999634e-01 0.000000000000000000e+00
1.582316117582036972e+09 5.588999999999999524e-01 0.000000000000000000e+00
1.582316117681016922e+09 5.588999999999999524e-01 0.000000000000000000e+00
1.582316117781012058e+09 5.586999999999999744e-01 0.000000000000000000e+00
1.582316117880006075e+09 5.586999999999999744e-01 0.000000000000000000e+00
1.582316117980134964e+09 5.586999999999999744e-01 0.000000000000000000e+00
1.582316118080128908e+09 5.587999999999999634e-01 0.000000000000000000e+00
1.582316118192945004e+09 5.585999999999999854e-01 0.000000000000000000e+00
1.582316118292942047e+09 5.586999999999999744e-01 0.000000000000000000e+00
1.582316118392910004e+09 5.586999999999999744e-01 0.000000000000000000e+00
1.582316118492019892e+09 5.587999999999999634e-01 0.000000000000000000e+00
1.582316118587412119e+09 5.588999999999999524e-01 0.000000000000000000e+00
1.582316118690920115e+09 5.585999999999999854e-01 0.000000000000000000e+00
1.582316118790956020e+09 5.588999999999999524e-01 0.000000000000000000e+00
1.582316118890041113e+09 5.588999999999999524e-01 0.000000000000000000e+00
1.582316118989883900e+09 5.587999999999999634e-01 0.000000000000000000e+00
1.582316119088882923e+09 5.585999999999999854e-01 0.000000000000000000e+00
1.582316119199786901e+09 5.586999999999999744e-01 0.000000000000000000e+00
1.582316119303004980e+09 5.586999999999999744e-01 0.000000000000000000e+00
1.582316119399318933e+09 5.586999999999999744e-01 0.000000000000000000e+00
1.582316119499088049e+09 5.587999999999999634e-01 0.000000000000000000e+00
1.582316119598853111e+09 5.587999999999999634e-01 0.000000000000000000e+00
1.582316119700934887e+09 5.587999999999999634e-01 0.000000000000000000e+00
1.582316119798374891e+09 5.585999999999999854e-01 0.000000000000000000e+00
1.582316119898180962e+09 5.587999999999999634e-01 0.000000000000000000e+00
1.582316120012711048e+09 5.586999999999999744e-01 0.000000000000000000e+00
1.582316120112812996e+09 5.587999999999999634e-01 0.000000000000000000e+00
1.582316120212798119e+09 5.586999999999999744e-01 0.000000000000000000e+00
1.582316120311817884e+09 5.585999999999999854e-01 0.000000000000000000e+00
1.582316120411955118e+09 5.586999999999999744e-01 0.000000000000000000e+00
1.582316120510875940e+09 5.586999999999999744e-01 0.000000000000000000e+00
1.582316120610790968e+09 5.585999999999999854e-01 0.000000000000000000e+00
1.582316120709815979e+09 5.587999999999999634e-01 0.000000000000000000e+00
1.582316120823704958e+09 5.584999999999999964e-01 0.000000000000000000e+00
1.582316120923595905e+09 5.587999999999999634e-01 0.000000000000000000e+00
1.582316121017832994e+09 5.586999999999999744e-01 0.000000000000000000e+00
1.582316121122777939e+09 5.584999999999999964e-01 0.000000000000000000e+00
1.582316121221749067e+09 5.586999999999999744e-01 0.000000000000000000e+00
1.582316121321820021e+09 5.585999999999999854e-01 0.000000000000000000e+00
1.582316121420742035e+09 5.586999999999999744e-01 0.000000000000000000e+00
1.582316121517841101e+09 5.585999999999999854e-01 0.000000000000000000e+00
1.582316121615183115e+09 5.585999999999999854e-01 0.000000000000000000e+00
1.582316121719820023e+09 5.587999999999999634e-01 0.000000000000000000e+00
1.582316121833607912e+09 5.584999999999999964e-01 0.000000000000000000e+00
1.582316121932845116e+09 5.585999999999999854e-01 0.000000000000000000e+00
1.582316122032696009e+09 5.584999999999999964e-01 0.000000000000000000e+00
1.582316122132570982e+09 5.586999999999999744e-01 0.000000000000000000e+00
1.582316122231666088e+09 5.585999999999999854e-01 0.000000000000000000e+00
1.582316122330729961e+09 5.584999999999999964e-01 0.000000000000000000e+00
1.582316122430454016e+09 5.583000000000000185e-01 0.000000000000000000e+00
1.582316122525177002e+09 5.585999999999999854e-01 0.000000000000000000e+00
1.582316122638394117e+09 5.590000000000000524e-01 0.000000000000000000e+00
1.582316122741321087e+09 5.586999999999999744e-01 0.000000000000000000e+00
1.582316122842596054e+09 5.588999999999999524e-01 0.000000000000000000e+00
1.582316122940857887e+09 5.585999999999999854e-01 0.000000000000000000e+00
1.582316123040606022e+09 5.584999999999999964e-01 0.000000000000000000e+00
1.582316123140357971e+09 5.585999999999999854e-01 0.000000000000000000e+00
1.582316123240113974e+09 5.586999999999999744e-01 0.000000000000000000e+00
1.582316123339915991e+09 5.590000000000000524e-01 0.000000000000000000e+00
1.582316123454498053e+09 5.586999999999999744e-01 0.000000000000000000e+00
1.582316123551896095e+09 5.586999999999999744e-01 0.000000000000000000e+00
1.582316123653567076e+09 5.587999999999999634e-01 0.000000000000000000e+00
1.582316123752460957e+09 5.587999999999999634e-01 0.000000000000000000e+00
1.582316123852458000e+09 5.586999999999999744e-01 0.000000000000000000e+00
1.582316123951559067e+09 5.586999999999999744e-01 0.000000000000000000e+00
1.582316124051373005e+09 5.588999999999999524e-01 0.000000000000000000e+00
1.582316124151580095e+09 5.588999999999999524e-01 0.000000000000000000e+00
1.582316124250597954e+09 5.585999999999999854e-01 0.000000000000000000e+00
1.582316124350521088e+09 5.588999999999999524e-01 0.000000000000000000e+00
1.582316124463520050e+09 5.586999999999999744e-01 0.000000000000000000e+00
1.582316124563394070e+09 5.584999999999999964e-01 0.000000000000000000e+00
1.582316124662385941e+09 5.587999999999999634e-01 0.000000000000000000e+00
1.582316124762353897e+09 5.586999999999999744e-01 0.000000000000000000e+00
1.582316124862397909e+09 5.587999999999999634e-01 0.000000000000000000e+00
1.582316124961390018e+09 5.590000000000000524e-01 0.000000000000000000e+00
1.582316125061314106e+09 5.587999999999999634e-01 0.000000000000000000e+00
1.582316125160296917e+09 5.588999999999999524e-01 0.000000000000000000e+00
1.582316125274291039e+09 5.585999999999999854e-01 0.000000000000000000e+00
1.582316125368385077e+09 5.586999999999999744e-01 0.000000000000000000e+00
1.582316125473362923e+09 5.588999999999999524e-01 0.000000000000000000e+00
1.582316125573543072e+09 5.586999999999999744e-01 0.000000000000000000e+00
1.582316125667685986e+09 5.587999999999999634e-01 0.000000000000000000e+00
1.582316125767445087e+09 5.587999999999999634e-01 0.000000000000000000e+00
1.582316125867213964e+09 5.586999999999999744e-01 0.000000000000000000e+00
1.582316125966948032e+09 5.587999999999999634e-01 0.000000000000000000e+00
1.582316126083334923e+09 5.586999999999999744e-01 0.000000000000000000e+00
1.582316126183099985e+09 5.586999999999999744e-01 0.000000000000000000e+00
1.582316126279273987e+09 5.587999999999999634e-01 0.000000000000000000e+00
1.582316126382627010e+09 5.585999999999999854e-01 0.000000000000000000e+00
1.582316126482400894e+09 5.588999999999999524e-01 0.000000000000000000e+00
1.582316126582160950e+09 5.587999999999999634e-01 0.000000000000000000e+00
1.582316126681926966e+09 5.586999999999999744e-01 0.000000000000000000e+00
1.582316126779141903e+09 5.585999999999999854e-01 0.000000000000000000e+00
1.582316126881181002e+09 5.586999999999999744e-01 0.000000000000000000e+00
1.582316126980190039e+09 5.588999999999999524e-01 0.000000000000000000e+00
1.582316127094281912e+09 5.586999999999999744e-01 0.000000000000000000e+00
1.582316127194142103e+09 5.587999999999999634e-01 0.000000000000000000e+00
1.582316127293082952e+09 5.587999999999999634e-01 0.000000000000000000e+00
1.582316127393049955e+09 5.586999999999999744e-01 0.000000000000000000e+00
1.582316127492209911e+09 5.588999999999999524e-01 0.000000000000000000e+00
1.582316127591985941e+09 5.586999999999999744e-01 0.000000000000000000e+00
1.582316127691176891e+09 5.585999999999999854e-01 0.000000000000000000e+00
1.582316127791169882e+09 5.587999999999999634e-01 0.000000000000000000e+00
1.582316127905143976e+09 5.586999999999999744e-01 0.000000000000000000e+00
1.582316128004106998e+09 5.587999999999999634e-01 0.000000000000000000e+00
1.582316128104026079e+09 5.588999999999999524e-01 0.000000000000000000e+00
1.582316128203035116e+09 5.586999999999999744e-01 0.000000000000000000e+00
1.582316128303076982e+09 5.586999999999999744e-01 0.000000000000000000e+00
1.582316128402106047e+09 5.586999999999999744e-01 0.000000000000000000e+00
1.582316128502243996e+09 5.585999999999999854e-01 0.000000000000000000e+00
1.582316128600923061e+09 5.587999999999999634e-01 0.000000000000000000e+00
1.582316128710396051e+09 5.584999999999999964e-01 0.000000000000000000e+00
1.582316128810158014e+09 5.587999999999999634e-01 0.000000000000000000e+00
1.582316128909924030e+09 5.587999999999999634e-01 0.000000000000000000e+00
1.582316129009676933e+09 5.586999999999999744e-01 0.000000000000000000e+00
1.582316129109425068e+09 5.587999999999999634e-01 0.000000000000000000e+00
1.582316129209184885e+09 5.585999999999999854e-01 0.000000000000000000e+00
1.582316129308018923e+09 5.584999999999999964e-01 0.000000000000000000e+00
1.582316129408716917e+09 5.585999999999999854e-01 0.000000000000000000e+00
1.582316129510950089e+09 5.586999999999999744e-01 0.000000000000000000e+00
1.582316129608242035e+09 5.586999999999999744e-01 0.000000000000000000e+00
1.582316129725053072e+09 5.586999999999999744e-01 0.000000000000000000e+00
1.582316129823996067e+09 5.588999999999999524e-01 0.000000000000000000e+00
1.582316129923857927e+09 5.587999999999999634e-01 0.000000000000000000e+00
1.582316130023875952e+09 5.586999999999999744e-01 0.000000000000000000e+00
1.582316130123024940e+09 5.585999999999999854e-01 0.000000000000000000e+00
1.582316130221863031e+09 5.587999999999999634e-01 0.000000000000000000e+00
1.582316130321852922e+09 5.585999999999999854e-01 0.000000000000000000e+00
1.582316130421828985e+09 5.590000000000000524e-01 0.000000000000000000e+00
1.582316130534822941e+09 5.586999999999999744e-01 0.000000000000000000e+00
1.582316130635086060e+09 5.586999999999999744e-01 0.000000000000000000e+00
1.582316130733834028e+09 5.586999999999999744e-01 0.000000000000000000e+00
1.582316130833692074e+09 5.584999999999999964e-01 0.000000000000000000e+00
1.582316130933856010e+09 5.587999999999999634e-01 0.000000000000000000e+00
1.582316131032757044e+09 5.585999999999999854e-01 0.000000000000000000e+00
1.582316131132787943e+09 5.585999999999999854e-01 0.000000000000000000e+00
1.582316131231806993e+09 5.585999999999999854e-01 0.000000000000000000e+00
1.582316131345695019e+09 5.585999999999999854e-01 0.000000000000000000e+00
1.582316131444725037e+09 5.584999999999999964e-01 0.000000000000000000e+00
1.582316131544604063e+09 5.586999999999999744e-01 0.000000000000000000e+00
1.582316131643727064e+09 5.585999999999999854e-01 0.000000000000000000e+00
1.582316131743697882e+09 5.584999999999999964e-01 0.000000000000000000e+00
1.582316131842746973e+09 5.590000000000000524e-01 0.000000000000000000e+00
1.582316131942651033e+09 5.587999999999999634e-01 0.000000000000000000e+00
1.582316132042577982e+09 5.588999999999999524e-01 0.000000000000000000e+00
1.582316132141635895e+09 5.588999999999999524e-01 0.000000000000000000e+00
1.582316132241588116e+09 5.585999999999999854e-01 0.000000000000000000e+00
1.582316132351675034e+09 5.584999999999999964e-01 0.000000000000000000e+00
1.582316132451432943e+09 5.586999999999999744e-01 0.000000000000000000e+00
1.582316132551208973e+09 5.585999999999999854e-01 0.000000000000000000e+00
1.582316132651163101e+09 5.587999999999999634e-01 0.000000000000000000e+00
1.582316132750741959e+09 5.587999999999999634e-01 0.000000000000000000e+00
1.582316132852694988e+09 5.587999999999999634e-01 0.000000000000000000e+00
1.582316132950267076e+09 5.586999999999999744e-01 0.000000000000000000e+00
1.582316133050018072e+09 5.585999999999999854e-01 0.000000000000000000e+00
1.582316133165566921e+09 5.585999999999999854e-01 0.000000000000000000e+00
1.582316133265455961e+09 5.585999999999999854e-01 0.000000000000000000e+00
1.582316133364589930e+09 5.585999999999999854e-01 0.000000000000000000e+00
1.582316133464730978e+09 5.588999999999999524e-01 0.000000000000000000e+00
1.582316133563533068e+09 5.588999999999999524e-01 0.000000000000000000e+00
1.582316133663527966e+09 5.585999999999999854e-01 0.000000000000000000e+00
1.582316133762604952e+09 5.586999999999999744e-01 0.000000000000000000e+00
1.582316133862493992e+09 5.587999999999999634e-01 0.000000000000000000e+00
1.582316133976589918e+09 5.587999999999999634e-01 0.000000000000000000e+00
1.582316134075541019e+09 5.587999999999999634e-01 0.000000000000000000e+00
1.582316134175437927e+09 5.588999999999999524e-01 0.000000000000000000e+00
1.582316134274507999e+09 5.585999999999999854e-01 0.000000000000000000e+00
1.582316134374321938e+09 5.587999999999999634e-01 0.000000000000000000e+00
1.582316134473486900e+09 5.588999999999999524e-01 0.000000000000000000e+00
1.582316134573363066e+09 5.586999999999999744e-01 0.000000000000000000e+00
1.582316134673449039e+09 5.586999999999999744e-01 0.000000000000000000e+00
1.582316134772485018e+09 5.586999999999999744e-01 0.000000000000000000e+00
1.582316134871432066e+09 5.584999999999999964e-01 0.000000000000000000e+00
1.582316134985471010e+09 5.587999999999999634e-01 0.000000000000000000e+00
1.582316135085376978e+09 5.587999999999999634e-01 0.000000000000000000e+00
1.582316135184252024e+09 5.586999999999999744e-01 0.000000000000000000e+00
1.582316135284271955e+09 5.586999999999999744e-01 0.000000000000000000e+00
1.582316135383476019e+09 5.588999999999999524e-01 0.000000000000000000e+00
1.582316135483566999e+09 5.586999999999999744e-01 0.000000000000000000e+00
1.582316135582464933e+09 5.585999999999999854e-01 0.000000000000000000e+00
1.582316135682363987e+09 5.586999999999999744e-01 0.000000000000000000e+00
1.582316135796355009e+09 5.587999999999999634e-01 0.000000000000000000e+00
1.582316135893234015e+09 5.586999999999999744e-01 0.000000000000000000e+00
1.582316135992990017e+09 5.588999999999999524e-01 0.000000000000000000e+00
1.582316136092783928e+09 5.586999999999999744e-01 0.000000000000000000e+00
1.582316136192491055e+09 5.584999999999999964e-01 0.000000000000000000e+00
1.582316136289446115e+09 5.586999999999999744e-01 0.000000000000000000e+00
1.582316136393316031e+09 5.585999999999999854e-01 0.000000000000000000e+00
1.582316136491776943e+09 5.586999999999999744e-01 0.000000000000000000e+00
1.582316136591556072e+09 5.587999999999999634e-01 0.000000000000000000e+00
1.582316136704021931e+09 5.586999999999999744e-01 0.000000000000000000e+00
1.582316136805428028e+09 5.588999999999999524e-01 0.000000000000000000e+00
1.582316136905268908e+09 5.586999999999999744e-01 0.000000000000000000e+00
1.582316137004456997e+09 5.586999999999999744e-01 0.000000000000000000e+00
1.582316137104521036e+09 5.588999999999999524e-01 0.000000000000000000e+00
1.582316137204407930e+09 5.588999999999999524e-01 0.000000000000000000e+00
1.582316137303173065e+09 5.586999999999999744e-01 0.000000000000000000e+00
1.582316137403146982e+09 5.588999999999999524e-01 0.000000000000000000e+00
1.582316137502300978e+09 5.586999999999999744e-01 0.000000000000000000e+00
1.582316137602344990e+09 5.585999999999999854e-01 0.000000000000000000e+00
1.582316137715375900e+09 5.586999999999999744e-01 0.000000000000000000e+00
1.582316137815402985e+09 5.586999999999999744e-01 0.000000000000000000e+00
1.582316137915186882e+09 5.585999999999999854e-01 0.000000000000000000e+00
