# 
# Duration (in s): 30
# Pointing Position of the Horn: Calibrator paddle
# Angle pointing (from vertical): 50.45
# Calibrator used: YES
# Weather: very clear
# Units: tenth of microWatt
# Comments: pointing at sky 
1.581712224956712961e+09 -6.018000000000000016e-01 2.706700000000000159e+02
1.581712225059587002e+09 -6.018999999999999906e-01 2.706700000000000159e+02
1.581712225158881903e+09 -6.019999999999999796e-01 2.706700000000000159e+02
1.581712225258913994e+09 -6.018000000000000016e-01 2.706600000000000250e+02
1.581712225355261087e+09 -6.018999999999999906e-01 2.706600000000000250e+02
1.581712225457901955e+09 -6.018999999999999906e-01 2.706600000000000250e+02
1.581712225557833910e+09 -6.018000000000000016e-01 2.706600000000000250e+02
1.581712225656812906e+09 -6.019999999999999796e-01 2.706600000000000250e+02
1.581712225770667076e+09 -6.019999999999999796e-01 2.706600000000000250e+02
1.581712225870871067e+09 -6.017000000000000126e-01 2.706600000000000250e+02
1.581712225968478918e+09 -6.021999999999999575e-01 2.706600000000000250e+02
1.581712226069858074e+09 -6.020999999999999686e-01 2.706600000000000250e+02
1.581712226169719934e+09 -6.020999999999999686e-01 2.706600000000000250e+02
1.581712226268776894e+09 -6.021999999999999575e-01 2.706600000000000250e+02
1.581712226368962049e+09 -6.018999999999999906e-01 2.706600000000000250e+02
1.581712226468771935e+09 -6.020999999999999686e-01 2.706600000000000250e+02
1.581712226579377890e+09 -6.019999999999999796e-01 2.706600000000000250e+02
1.581712226679105997e+09 -6.019999999999999796e-01 2.706600000000000250e+02
1.581712226778889894e+09 -6.018000000000000016e-01 2.706600000000000250e+02
1.581712226878341913e+09 -6.019999999999999796e-01 2.706600000000000250e+02
1.581712226978406906e+09 -6.019999999999999796e-01 2.706600000000000250e+02
1.581712227078183889e+09 -6.018999999999999906e-01 2.706600000000000250e+02
1.581712227177964926e+09 -6.018000000000000016e-01 2.706600000000000250e+02
1.581712227277734041e+09 -6.018999999999999906e-01 2.706600000000000250e+02
1.581712227377466917e+09 -6.019999999999999796e-01 2.706600000000000250e+02
1.581712227492721081e+09 -6.018999999999999906e-01 2.706600000000000250e+02
1.581712227592483044e+09 -6.019999999999999796e-01 2.706600000000000250e+02
1.581712227691668034e+09 -6.017000000000000126e-01 2.706600000000000250e+02
1.581712227787081957e+09 -6.017000000000000126e-01 2.706600000000000250e+02
1.581712227885615110e+09 -6.018000000000000016e-01 2.706600000000000250e+02
1.581712227990658998e+09 -6.018999999999999906e-01 2.706600000000000250e+02
1.581712228090655088e+09 -6.020999999999999686e-01 2.706600000000000250e+02
1.581712228189562082e+09 -6.020999999999999686e-01 2.706600000000000250e+02
1.581712228289635897e+09 -6.018999999999999906e-01 2.706600000000000250e+02
1.581712228389633894e+09 -6.018000000000000016e-01 2.706600000000000250e+02
1.581712228488742113e+09 -6.021999999999999575e-01 2.706600000000000250e+02
1.581712228602571964e+09 -6.024000000000000465e-01 2.706600000000000250e+02
1.581712228701670885e+09 -6.020999999999999686e-01 2.706600000000000250e+02
1.581712228801650047e+09 -6.025000000000000355e-01 2.706700000000000159e+02
1.581712228901571989e+09 -6.021999999999999575e-01 2.706700000000000159e+02
1.581712229000670910e+09 -6.021999999999999575e-01 2.706700000000000159e+02
1.581712229100596905e+09 -6.021999999999999575e-01 2.706700000000000159e+02
1.581712229199600935e+09 -6.021999999999999575e-01 2.706700000000000159e+02
1.581712229299516916e+09 -6.021999999999999575e-01 2.706700000000000159e+02
1.581712229399642944e+09 -6.021999999999999575e-01 2.706700000000000159e+02
1.581712229512559891e+09 -6.020999999999999686e-01 2.706700000000000159e+02
1.581712229612593889e+09 -6.018999999999999906e-01 2.706700000000000159e+02
1.581712229712470055e+09 -6.021999999999999575e-01 2.706700000000000159e+02
1.581712229811299086e+09 -6.020999999999999686e-01 2.706700000000000159e+02
1.581712229911355019e+09 -6.019999999999999796e-01 2.706700000000000159e+02
1.581712230010499954e+09 -6.018000000000000016e-01 2.706700000000000159e+02
1.581712230110491037e+09 -6.019999999999999796e-01 2.706700000000000159e+02
1.581712230210407019e+09 -6.019999999999999796e-01 2.706700000000000159e+02
1.581712230309451103e+09 -6.020999999999999686e-01 2.706700000000000159e+02
1.581712230409354925e+09 -6.020999999999999686e-01 2.706700000000000159e+02
1.581712230520055056e+09 -6.020999999999999686e-01 2.706700000000000159e+02
1.581712230619827032e+09 -6.022999999999999465e-01 2.706700000000000159e+02
1.581712230719522953e+09 -6.021999999999999575e-01 2.706700000000000159e+02
1.581712230819313049e+09 -6.020999999999999686e-01 2.706700000000000159e+02
1.581712230919084072e+09 -6.021999999999999575e-01 2.706700000000000159e+02
1.581712231018906116e+09 -6.020999999999999686e-01 2.706700000000000159e+02
1.581712231118616104e+09 -6.020999999999999686e-01 2.706700000000000159e+02
1.581712231218373060e+09 -6.022999999999999465e-01 2.706700000000000159e+02
1.581712231318146944e+09 -6.020999999999999686e-01 2.706700000000000159e+02
1.581712231417920113e+09 -6.022999999999999465e-01 2.706700000000000159e+02
1.581712231533442974e+09 -6.019999999999999796e-01 2.706700000000000159e+02
1.581712231628602028e+09 -6.022999999999999465e-01 2.706700000000000159e+02
1.581712231732467890e+09 -6.024000000000000465e-01 2.706700000000000159e+02
1.581712231832402945e+09 -6.022999999999999465e-01 2.706700000000000159e+02
1.581712231931385994e+09 -6.021999999999999575e-01 2.706700000000000159e+02
1.581712232031398058e+09 -6.021999999999999575e-01 2.706700000000000159e+02
1.581712232131189108e+09 -6.021999999999999575e-01 2.706700000000000159e+02
1.581712232230488062e+09 -6.020999999999999686e-01 2.706700000000000159e+02
1.581712232344434023e+09 -6.021999999999999575e-01 2.706700000000000159e+02
1.581712232444268942e+09 -6.019999999999999796e-01 2.706700000000000159e+02
1.581712232543153048e+09 -6.019999999999999796e-01 2.706700000000000159e+02
1.581712232638479948e+09 -6.022999999999999465e-01 2.706700000000000159e+02
1.581712232742238045e+09 -6.019999999999999796e-01 2.706700000000000159e+02
1.581712232842257977e+09 -6.020999999999999686e-01 2.706700000000000159e+02
1.581712232942248106e+09 -6.020999999999999686e-01 2.706800000000000068e+02
1.581712233041160107e+09 -6.018999999999999906e-01 2.706800000000000068e+02
1.581712233141279936e+09 -6.019999999999999796e-01 2.706800000000000068e+02
1.581712233240277052e+09 -6.021999999999999575e-01 2.706800000000000068e+02
1.581712233354247093e+09 -6.018000000000000016e-01 2.706800000000000068e+02
1.581712233454183102e+09 -6.021999999999999575e-01 2.706800000000000068e+02
1.581712233554294109e+09 -6.021999999999999575e-01 2.706800000000000068e+02
1.581712233653237104e+09 -6.022999999999999465e-01 2.706800000000000068e+02
1.581712233753202915e+09 -6.022999999999999465e-01 2.706800000000000068e+02
1.581712233852288008e+09 -6.021999999999999575e-01 2.706800000000000068e+02
1.581712233952171087e+09 -6.022999999999999465e-01 2.706800000000000068e+02
1.581712234051223993e+09 -6.022999999999999465e-01 2.706899999999999977e+02
1.581712234151122093e+09 -6.024000000000000465e-01 2.706899999999999977e+02
1.581712234251158953e+09 -6.020999999999999686e-01 2.706899999999999977e+02
1.581712234364058971e+09 -6.020999999999999686e-01 2.706899999999999977e+02
1.581712234460699081e+09 -6.024000000000000465e-01 2.706899999999999977e+02
1.581712234560461998e+09 -6.024000000000000465e-01 2.706899999999999977e+02
1.581712234660213947e+09 -6.022999999999999465e-01 2.706899999999999977e+02
1.581712234763190031e+09 -6.018999999999999906e-01 2.706899999999999977e+02
1.581712234859730959e+09 -6.020999999999999686e-01 2.706899999999999977e+02
1.581712234959496021e+09 -6.018999999999999906e-01 2.706899999999999977e+02
1.581712235059262991e+09 -6.018000000000000016e-01 2.706899999999999977e+02
1.581712235159023046e+09 -6.017000000000000126e-01 2.706899999999999977e+02
1.581712235258780956e+09 -6.014000000000000457e-01 2.706899999999999977e+02
1.581712235375121117e+09 -6.018999999999999906e-01 2.706899999999999977e+02
1.581712235473346949e+09 -6.016000000000000236e-01 2.706899999999999977e+02
1.581712235574142933e+09 -6.011999999999999567e-01 2.706899999999999977e+02
1.581712235673125029e+09 -6.009999999999999787e-01 2.706899999999999977e+02
1.581712235773081064e+09 -6.011999999999999567e-01 2.706899999999999977e+02
1.581712235873162031e+09 -6.010999999999999677e-01 2.706899999999999977e+02
1.581712235972222090e+09 -6.008999999999999897e-01 2.706899999999999977e+02
1.581712236072065115e+09 -6.011999999999999567e-01 2.706899999999999977e+02
1.581712236186148882e+09 -6.017000000000000126e-01 2.706899999999999977e+02
1.581712236285011053e+09 -6.016000000000000236e-01 2.706899999999999977e+02
1.581712236384938955e+09 -6.017000000000000126e-01 2.706899999999999977e+02
1.581712236484148026e+09 -6.017000000000000126e-01 2.706899999999999977e+02
1.581712236584214926e+09 -6.019999999999999796e-01 2.706899999999999977e+02
1.581712236683974028e+09 -6.017000000000000126e-01 2.706999999999999886e+02
1.581712236782942057e+09 -6.017000000000000126e-01 2.706899999999999977e+02
1.581712236882991076e+09 -6.017000000000000126e-01 2.706899999999999977e+02
1.581712236982772112e+09 -6.009999999999999787e-01 2.706899999999999977e+02
1.581712237082079887e+09 -6.010999999999999677e-01 2.706999999999999886e+02
1.581712237196111917e+09 -6.010999999999999677e-01 2.706999999999999886e+02
1.581712237294985056e+09 -6.008999999999999897e-01 2.706999999999999886e+02
1.581712237395119905e+09 -6.011999999999999567e-01 2.706999999999999886e+02
1.581712237494988918e+09 -6.008999999999999897e-01 2.707099999999999795e+02
1.581712237593960047e+09 -6.008000000000000007e-01 2.707099999999999795e+02
1.581712237693844080e+09 -6.006000000000000227e-01 2.707099999999999795e+02
1.581712237793817997e+09 -6.007000000000000117e-01 2.706999999999999886e+02
1.581712237892949104e+09 -6.005000000000000338e-01 2.706999999999999886e+02
1.581712237992820024e+09 -6.006000000000000227e-01 2.707099999999999795e+02
1.581712238092814922e+09 -6.008999999999999897e-01 2.707099999999999795e+02
1.581712238201826096e+09 -6.009999999999999787e-01 2.707099999999999795e+02
1.581712238301574945e+09 -6.008999999999999897e-01 2.707099999999999795e+02
1.581712238401335955e+09 -6.008999999999999897e-01 2.707099999999999795e+02
1.581712238501106977e+09 -6.012999999999999456e-01 2.707099999999999795e+02
1.581712238600924015e+09 -6.011999999999999567e-01 2.707099999999999795e+02
1.581712238700603962e+09 -6.010999999999999677e-01 2.707099999999999795e+02
1.581712238800374985e+09 -6.014000000000000457e-01 2.707099999999999795e+02
1.581712238900130033e+09 -6.014000000000000457e-01 2.707099999999999795e+02
1.581712238999917030e+09 -6.012999999999999456e-01 2.707099999999999795e+02
1.581712239099658012e+09 -6.017000000000000126e-01 2.707099999999999795e+02
1.581712239215734959e+09 -6.015000000000000346e-01 2.707099999999999795e+02
1.581712239315697908e+09 -6.016000000000000236e-01 2.707099999999999795e+02
1.581712239415584087e+09 -6.016000000000000236e-01 2.707099999999999795e+02
1.581712239514811039e+09 -6.015000000000000346e-01 2.707099999999999795e+02
1.581712239614706039e+09 -6.014000000000000457e-01 2.707099999999999795e+02
1.581712239713937998e+09 -6.018000000000000016e-01 2.707200000000000273e+02
1.581712239813699007e+09 -6.014000000000000457e-01 2.707200000000000273e+02
1.581712239913743019e+09 -6.014000000000000457e-01 2.707200000000000273e+02
1.581712240012728930e+09 -6.008999999999999897e-01 2.707200000000000273e+02
1.581712240112674952e+09 -6.009999999999999787e-01 2.707200000000000273e+02
1.581712240226763964e+09 -6.011999999999999567e-01 2.707200000000000273e+02
1.581712240325809956e+09 -6.012999999999999456e-01 2.707200000000000273e+02
1.581712240425587893e+09 -6.012999999999999456e-01 2.707200000000000273e+02
1.581712240524668932e+09 -6.011999999999999567e-01 2.707200000000000273e+02
1.581712240624686956e+09 -6.011999999999999567e-01 2.707200000000000273e+02
1.581712240724646091e+09 -6.012999999999999456e-01 2.707200000000000273e+02
1.581712240823755980e+09 -6.010999999999999677e-01 2.707200000000000273e+02
1.581712240923548937e+09 -6.009999999999999787e-01 2.707200000000000273e+02
1.581712241022619009e+09 -6.012999999999999456e-01 2.707200000000000273e+02
1.581712241136555910e+09 -6.010999999999999677e-01 2.707200000000000273e+02
1.581712241236680984e+09 -6.011999999999999567e-01 2.707200000000000273e+02
1.581712241335645914e+09 -6.014000000000000457e-01 2.707200000000000273e+02
1.581712241435482025e+09 -6.014000000000000457e-01 2.707200000000000273e+02
1.581712241535662889e+09 -6.012999999999999456e-01 2.707200000000000273e+02
1.581712241634629011e+09 -5.998999999999999888e-01 2.707200000000000273e+02
1.581712241734622955e+09 -6.008999999999999897e-01 2.707200000000000273e+02
1.581712241834491014e+09 -6.008999999999999897e-01 2.707200000000000273e+02
1.581712241942928076e+09 -6.012999999999999456e-01 2.707200000000000273e+02
1.581712242042697906e+09 -6.012999999999999456e-01 2.707200000000000273e+02
1.581712242147538900e+09 -6.014000000000000457e-01 2.707200000000000273e+02
1.581712242242235899e+09 -6.015000000000000346e-01 2.707200000000000273e+02
1.581712242341985941e+09 -6.016000000000000236e-01 2.707200000000000273e+02
1.581712242441746950e+09 -6.015000000000000346e-01 2.707200000000000273e+02
1.581712242541511059e+09 -6.014000000000000457e-01 2.707200000000000273e+02
1.581712242641227007e+09 -6.011999999999999567e-01 2.707200000000000273e+02
1.581712242757637024e+09 -6.014000000000000457e-01 2.707200000000000273e+02
1.581712242857409954e+09 -6.009999999999999787e-01 2.707200000000000273e+02
1.581712242958717108e+09 -6.008999999999999897e-01 2.707200000000000273e+02
1.581712243056930065e+09 -6.007000000000000117e-01 2.707200000000000273e+02
1.581712243156706095e+09 -6.009999999999999787e-01 2.707200000000000273e+02
1.581712243256464005e+09 -6.009999999999999787e-01 2.707099999999999795e+02
1.581712243356414080e+09 -6.011999999999999567e-01 2.707099999999999795e+02
1.581712243455993891e+09 -6.008999999999999897e-01 2.707200000000000273e+02
1.581712243555516958e+09 -6.011999999999999567e-01 2.707200000000000273e+02
1.581712243669476986e+09 -6.018999999999999906e-01 2.707200000000000273e+02
1.581712243769424915e+09 -6.017000000000000126e-01 2.707200000000000273e+02
1.581712243868428946e+09 -6.016000000000000236e-01 2.707200000000000273e+02
1.581712243968586922e+09 -6.017000000000000126e-01 2.707099999999999795e+02
1.581712244067413092e+09 -6.017000000000000126e-01 2.707099999999999795e+02
1.581712244167238951e+09 -6.016000000000000236e-01 2.707099999999999795e+02
1.581712244267333031e+09 -6.016000000000000236e-01 2.707099999999999795e+02
1.581712244366393089e+09 -6.015000000000000346e-01 2.707099999999999795e+02
1.581712244462826967e+09 -6.009999999999999787e-01 2.707099999999999795e+02
1.581712244580511093e+09 -6.011999999999999567e-01 2.707099999999999795e+02
1.581712244679446936e+09 -6.012999999999999456e-01 2.707099999999999795e+02
1.581712244779329062e+09 -6.018000000000000016e-01 2.707099999999999795e+02
1.581712244878312111e+09 -6.015000000000000346e-01 2.707099999999999795e+02
1.581712244978504896e+09 -6.016000000000000236e-01 2.707099999999999795e+02
1.581712245078284979e+09 -6.018000000000000016e-01 2.707099999999999795e+02
1.581712245177300930e+09 -6.017000000000000126e-01 2.707099999999999795e+02
1.581712245277426958e+09 -6.017000000000000126e-01 2.707099999999999795e+02
1.581712245376298904e+09 -6.017000000000000126e-01 2.707099999999999795e+02
1.581712245473077059e+09 -6.017000000000000126e-01 2.707099999999999795e+02
1.581712245590377092e+09 -6.014000000000000457e-01 2.707099999999999795e+02
1.581712245689245939e+09 -6.017000000000000126e-01 2.707099999999999795e+02
1.581712245789182901e+09 -6.012999999999999456e-01 2.707099999999999795e+02
1.581712245889173985e+09 -6.012999999999999456e-01 2.706999999999999886e+02
1.581712245983330011e+09 -6.014000000000000457e-01 2.707099999999999795e+02
1.581712246088258982e+09 -6.011999999999999567e-01 2.707099999999999795e+02
1.581712246188229084e+09 -6.011999999999999567e-01 2.706999999999999886e+02
1.581712246282646894e+09 -6.004000000000000448e-01 2.706999999999999886e+02
1.581712246399019003e+09 -6.008000000000000007e-01 2.706999999999999886e+02
1.581712246498792887e+09 -6.008000000000000007e-01 2.706999999999999886e+02
1.581712246598552942e+09 -6.008000000000000007e-01 2.706999999999999886e+02
1.581712246698285103e+09 -6.009999999999999787e-01 2.706999999999999886e+02
1.581712246798064947e+09 -6.008999999999999897e-01 2.706999999999999886e+02
1.581712246897830963e+09 -6.011999999999999567e-01 2.706999999999999886e+02
1.581712246997577906e+09 -6.010999999999999677e-01 2.706999999999999886e+02
1.581712247097342014e+09 -6.011999999999999567e-01 2.706999999999999886e+02
1.581712247197113991e+09 -6.011999999999999567e-01 2.706999999999999886e+02
1.581712247296869040e+09 -6.007000000000000117e-01 2.706999999999999886e+02
1.581712247411381960e+09 -6.008999999999999897e-01 2.706999999999999886e+02
1.581712247511106968e+09 -6.008000000000000007e-01 2.706999999999999886e+02
1.581712247610183001e+09 -6.009999999999999787e-01 2.706999999999999886e+02
1.581712247710056067e+09 -6.008999999999999897e-01 2.706999999999999886e+02
1.581712247810163975e+09 -6.011999999999999567e-01 2.706999999999999886e+02
1.581712247909152985e+09 -6.008999999999999897e-01 2.706999999999999886e+02
1.581712248009154081e+09 -6.008999999999999897e-01 2.706999999999999886e+02
1.581712248108036041e+09 -6.009999999999999787e-01 2.706999999999999886e+02
1.581712248222058058e+09 -6.010999999999999677e-01 2.706999999999999886e+02
1.581712248322094917e+09 -6.010999999999999677e-01 2.706899999999999977e+02
1.581712248421036959e+09 -6.010999999999999677e-01 2.706899999999999977e+02
1.581712248521075964e+09 -6.011999999999999567e-01 2.706899999999999977e+02
1.581712248621148109e+09 -6.014000000000000457e-01 2.706899999999999977e+02
1.581712248720026016e+09 -6.011999999999999567e-01 2.706999999999999886e+02
1.581712248819967985e+09 -6.012999999999999456e-01 2.706899999999999977e+02
1.581712248920177937e+09 -6.014000000000000457e-01 2.706899999999999977e+02
1.581712249018975973e+09 -6.012999999999999456e-01 2.706899999999999977e+02
1.581712249132980108e+09 -6.014000000000000457e-01 2.706899999999999977e+02
1.581712249232940912e+09 -6.012999999999999456e-01 2.706899999999999977e+02
1.581712249332097054e+09 -6.016000000000000236e-01 2.706899999999999977e+02
1.581712249432174921e+09 -6.014000000000000457e-01 2.706899999999999977e+02
1.581712249527616024e+09 -6.012999999999999456e-01 2.706899999999999977e+02
1.581712249628043890e+09 -6.011999999999999567e-01 2.706899999999999977e+02
1.581712249729970932e+09 -6.012999999999999456e-01 2.706899999999999977e+02
1.581712249829868078e+09 -6.014000000000000457e-01 2.706899999999999977e+02
1.581712249929872990e+09 -6.011999999999999567e-01 2.706899999999999977e+02
1.581712250040375948e+09 -6.011999999999999567e-01 2.706899999999999977e+02
1.581712250140156031e+09 -6.014000000000000457e-01 2.706899999999999977e+02
1.581712250239916086e+09 -6.012999999999999456e-01 2.706899999999999977e+02
1.581712250339684010e+09 -6.011999999999999567e-01 2.706899999999999977e+02
1.581712250439454079e+09 -6.011999999999999567e-01 2.706899999999999977e+02
1.581712250539217949e+09 -6.010999999999999677e-01 2.706899999999999977e+02
1.581712250638221025e+09 -6.010999999999999677e-01 2.706899999999999977e+02
1.581712250738692045e+09 -6.014000000000000457e-01 2.706899999999999977e+02
1.581712250854868889e+09 -6.014000000000000457e-01 2.706899999999999977e+02
1.581712250953917980e+09 -6.012999999999999456e-01 2.706899999999999977e+02
1.581712251053977966e+09 -6.010999999999999677e-01 2.706899999999999977e+02
1.581712251152920008e+09 -6.012999999999999456e-01 2.706899999999999977e+02
1.581712251252810001e+09 -6.016000000000000236e-01 2.706899999999999977e+02
1.581712251351866961e+09 -6.012999999999999456e-01 2.706899999999999977e+02
1.581712251451773882e+09 -6.014000000000000457e-01 2.706899999999999977e+02
1.581712251551775932e+09 -6.014000000000000457e-01 2.706899999999999977e+02
1.581712251650988102e+09 -6.012999999999999456e-01 2.706899999999999977e+02
1.581712251764803886e+09 -6.011999999999999567e-01 2.706899999999999977e+02
1.581712251864799976e+09 -6.009999999999999787e-01 2.706899999999999977e+02
1.581712251963795900e+09 -6.012999999999999456e-01 2.706899999999999977e+02
1.581712252063817978e+09 -6.011999999999999567e-01 2.706899999999999977e+02
1.581712252162873030e+09 -6.010999999999999677e-01 2.706899999999999977e+02
1.581712252262726068e+09 -6.011999999999999567e-01 2.706899999999999977e+02
1.581712252362791061e+09 -6.011999999999999567e-01 2.706899999999999977e+02
1.581712252461793900e+09 -6.011999999999999567e-01 2.706899999999999977e+02
1.581712252561691046e+09 -6.011999999999999567e-01 2.706899999999999977e+02
1.581712252675784111e+09 -6.015000000000000346e-01 2.706899999999999977e+02
1.581712252774650097e+09 -6.010999999999999677e-01 2.706899999999999977e+02
1.581712252874627113e+09 -6.010999999999999677e-01 2.706899999999999977e+02
1.581712252974448919e+09 -6.011999999999999567e-01 2.706899999999999977e+02
1.581712253073750019e+09 -6.010999999999999677e-01 2.706899999999999977e+02
1.581712253173661947e+09 -6.010999999999999677e-01 2.706899999999999977e+02
1.581712253272674084e+09 -6.011999999999999567e-01 2.706899999999999977e+02
1.581712253372664928e+09 -6.012999999999999456e-01 2.706899999999999977e+02
1.581712253472465992e+09 -6.015000000000000346e-01 2.706899999999999977e+02
1.581712253571599007e+09 -6.012999999999999456e-01 2.706800000000000068e+02
1.581712253671605110e+09 -6.016000000000000236e-01 2.706800000000000068e+02
1.581712253781493902e+09 -6.016000000000000236e-01 2.706899999999999977e+02
1.581712253881243944e+09 -6.012999999999999456e-01 2.706899999999999977e+02
1.581712253981004953e+09 -6.014000000000000457e-01 2.706800000000000068e+02
1.581712254080784082e+09 -6.011999999999999567e-01 2.706800000000000068e+02
1.581712254180547953e+09 -6.014000000000000457e-01 2.706800000000000068e+02
1.581712254280303955e+09 -6.010999999999999677e-01 2.706800000000000068e+02
1.581712254380079985e+09 -6.009999999999999787e-01 2.706800000000000068e+02
1.581712254479837894e+09 -6.012999999999999456e-01 2.706899999999999977e+02
1.581712254579607010e+09 -6.010999999999999677e-01 2.706800000000000068e+02
1.581712254695604086e+09 -6.008000000000000007e-01 2.706800000000000068e+02
1.581712254795624018e+09 -6.011999999999999567e-01 2.706800000000000068e+02
1.581712254895493031e+09 -6.010999999999999677e-01 2.706800000000000068e+02
