# 
# Duration (in s): 30
# Pointing Position of the Horn: Calibrator paddle
# Angle pointing (from vertical): 60.35
# Calibrator used: YES
# Weather: very clear
# Units: tenth microWatt
# Comments: pointing at sky 
1.581712340417248011e+09 -6.012999999999999456e-01 2.705799999999999841e+02
1.581712340516704082e+09 -6.011999999999999567e-01 2.705699999999999932e+02
1.581712340626498938e+09 -6.014000000000000457e-01 2.705699999999999932e+02
1.581712340725100994e+09 -6.011999999999999567e-01 2.705699999999999932e+02
1.581712340829729080e+09 -6.011999999999999567e-01 2.705699999999999932e+02
1.581712340929745913e+09 -6.009999999999999787e-01 2.705699999999999932e+02
1.581712341024377108e+09 -6.009999999999999787e-01 2.705699999999999932e+02
1.581712341124140024e+09 -6.008999999999999897e-01 2.705799999999999841e+02
1.581712341223916054e+09 -6.011999999999999567e-01 2.705699999999999932e+02
1.581712341323694944e+09 -6.012999999999999456e-01 2.705699999999999932e+02
1.581712341423393011e+09 -6.009999999999999787e-01 2.705699999999999932e+02
1.581712341539896011e+09 -6.008999999999999897e-01 2.705699999999999932e+02
1.581712341639560938e+09 -6.009999999999999787e-01 2.705699999999999932e+02
1.581712341739335060e+09 -6.010999999999999677e-01 2.705699999999999932e+02
1.581712341839081049e+09 -6.011999999999999567e-01 2.705699999999999932e+02
1.581712341938852072e+09 -6.007000000000000117e-01 2.705699999999999932e+02
1.581712342038619041e+09 -6.007000000000000117e-01 2.705699999999999932e+02
1.581712342138426065e+09 -6.006000000000000227e-01 2.705600000000000023e+02
1.581712342238140106e+09 -6.008000000000000007e-01 2.705600000000000023e+02
1.581712342337596893e+09 -6.007000000000000117e-01 2.705600000000000023e+02
1.581712342437633038e+09 -6.006000000000000227e-01 2.705600000000000023e+02
1.581712342551642895e+09 -6.008999999999999897e-01 2.705600000000000023e+02
1.581712342650788069e+09 -6.010999999999999677e-01 2.705600000000000023e+02
1.581712342750653028e+09 -6.010999999999999677e-01 2.705600000000000023e+02
1.581712342849606991e+09 -6.008000000000000007e-01 2.705600000000000023e+02
1.581712342949744940e+09 -6.011999999999999567e-01 2.705600000000000023e+02
1.581712343049530029e+09 -6.011999999999999567e-01 2.705600000000000023e+02
1.581712343148691893e+09 -6.010999999999999677e-01 2.705600000000000023e+02
1.581712343248560905e+09 -6.010999999999999677e-01 2.705600000000000023e+02
1.581712343347542048e+09 -6.010999999999999677e-01 2.705600000000000023e+02
1.581712343461616039e+09 -6.010999999999999677e-01 2.705600000000000023e+02
1.581712343561553001e+09 -6.009999999999999787e-01 2.705600000000000023e+02
1.581712343660486937e+09 -6.009999999999999787e-01 2.705600000000000023e+02
1.581712343760601044e+09 -6.010999999999999677e-01 2.705600000000000023e+02
1.581712343860462904e+09 -6.008000000000000007e-01 2.705500000000000114e+02
1.581712343959479094e+09 -6.010999999999999677e-01 2.705500000000000114e+02
1.581712344059463024e+09 -6.008999999999999897e-01 2.705500000000000114e+02
1.581712344155185938e+09 -6.009999999999999787e-01 2.705500000000000114e+02
1.581712344272087097e+09 -6.006000000000000227e-01 2.705500000000000114e+02
1.581712344372503042e+09 -6.008999999999999897e-01 2.705500000000000114e+02
1.581712344471357107e+09 -6.009999999999999787e-01 2.705500000000000114e+02
1.581712344571530104e+09 -6.008000000000000007e-01 2.705500000000000114e+02
1.581712344671377897e+09 -6.008000000000000007e-01 2.705500000000000114e+02
1.581712344770308971e+09 -6.008000000000000007e-01 2.705500000000000114e+02
1.581712344870465994e+09 -6.010999999999999677e-01 2.705500000000000114e+02
1.581712344970352888e+09 -6.005000000000000338e-01 2.705500000000000114e+02
1.581712345064766884e+09 -6.008999999999999897e-01 2.705500000000000114e+02
1.581712345181171894e+09 -6.008999999999999897e-01 2.705500000000000114e+02
1.581712345280998945e+09 -6.010999999999999677e-01 2.705500000000000114e+02
1.581712345380672932e+09 -6.008999999999999897e-01 2.705500000000000114e+02
1.581712345480417013e+09 -6.008000000000000007e-01 2.705500000000000114e+02
1.581712345580195904e+09 -6.008999999999999897e-01 2.705500000000000114e+02
1.581712345680037022e+09 -6.010999999999999677e-01 2.705500000000000114e+02
1.581712345779732943e+09 -6.010999999999999677e-01 2.705500000000000114e+02
1.581712345879493952e+09 -6.011999999999999567e-01 2.705500000000000114e+02
1.581712345979254007e+09 -6.011999999999999567e-01 2.705500000000000114e+02
1.581712346079016924e+09 -6.009999999999999787e-01 2.705500000000000114e+02
1.581712346193380117e+09 -6.008000000000000007e-01 2.705500000000000114e+02
1.581712346293279886e+09 -6.010999999999999677e-01 2.705500000000000114e+02
1.581712346392342091e+09 -6.012999999999999456e-01 2.705500000000000114e+02
1.581712346492450953e+09 -6.009999999999999787e-01 2.705500000000000114e+02
1.581712346592495918e+09 -6.010999999999999677e-01 2.705500000000000114e+02
1.581712346691399097e+09 -6.009999999999999787e-01 2.705500000000000114e+02
1.581712346791388035e+09 -6.010999999999999677e-01 2.705500000000000114e+02
1.581712346890391111e+09 -6.008999999999999897e-01 2.705500000000000114e+02
1.581712346990462065e+09 -6.010999999999999677e-01 2.705500000000000114e+02
1.581712347090503931e+09 -6.009999999999999787e-01 2.705400000000000205e+02
1.581712347203274965e+09 -6.009999999999999787e-01 2.705400000000000205e+02
1.581712347303165913e+09 -6.008999999999999897e-01 2.705400000000000205e+02
1.581712347403337955e+09 -6.008999999999999897e-01 2.705500000000000114e+02
1.581712347502207994e+09 -6.010999999999999677e-01 2.705500000000000114e+02
1.581712347602263927e+09 -6.009999999999999787e-01 2.705500000000000114e+02
1.581712347701369047e+09 -6.008999999999999897e-01 2.705400000000000205e+02
1.581712347801129103e+09 -6.008999999999999897e-01 2.705500000000000114e+02
1.581712347901169062e+09 -6.011999999999999567e-01 2.705500000000000114e+02
1.581712348014086008e+09 -6.012999999999999456e-01 2.705500000000000114e+02
1.581712348114149094e+09 -6.009999999999999787e-01 2.705500000000000114e+02
1.581712348214145899e+09 -6.014000000000000457e-01 2.705500000000000114e+02
1.581712348313141108e+09 -6.011999999999999567e-01 2.705500000000000114e+02
1.581712348413280010e+09 -6.012999999999999456e-01 2.705500000000000114e+02
1.581712348512222052e+09 -6.011999999999999567e-01 2.705500000000000114e+02
1.581712348612133026e+09 -6.014000000000000457e-01 2.705500000000000114e+02
1.581712348712151051e+09 -6.012999999999999456e-01 2.705400000000000205e+02
1.581712348811153889e+09 -6.011999999999999567e-01 2.705500000000000114e+02
1.581712348911084890e+09 -6.012999999999999456e-01 2.705500000000000114e+02
1.581712349022051096e+09 -6.009999999999999787e-01 2.705500000000000114e+02
1.581712349121779919e+09 -6.009999999999999787e-01 2.705500000000000114e+02
1.581712349221585035e+09 -6.008999999999999897e-01 2.705500000000000114e+02
1.581712349321367979e+09 -6.010999999999999677e-01 2.705500000000000114e+02
1.581712349421078920e+09 -6.010999999999999677e-01 2.705500000000000114e+02
1.581712349520844936e+09 -6.009999999999999787e-01 2.705500000000000114e+02
1.581712349620608091e+09 -6.010999999999999677e-01 2.705500000000000114e+02
1.581712349720370054e+09 -6.009999999999999787e-01 2.705500000000000114e+02
1.581712349820137978e+09 -6.008999999999999897e-01 2.705500000000000114e+02
1.581712349919892073e+09 -6.009999999999999787e-01 2.705500000000000114e+02
1.581712350035012007e+09 -6.008999999999999897e-01 2.705500000000000114e+02
1.581712350134131908e+09 -6.009999999999999787e-01 2.705500000000000114e+02
1.581712350234003067e+09 -6.008999999999999897e-01 2.705500000000000114e+02
1.581712350334099054e+09 -6.008000000000000007e-01 2.705500000000000114e+02
1.581712350433044910e+09 -6.009999999999999787e-01 2.705500000000000114e+02
1.581712350533159971e+09 -6.008999999999999897e-01 2.705400000000000205e+02
1.581712350632994890e+09 -6.009999999999999787e-01 2.705400000000000205e+02
1.581712350731988907e+09 -6.012999999999999456e-01 2.705500000000000114e+02
1.581712350831927061e+09 -6.011999999999999567e-01 2.705500000000000114e+02
1.581712350931054115e+09 -6.011999999999999567e-01 2.705500000000000114e+02
1.581712351045011997e+09 -6.012999999999999456e-01 2.705500000000000114e+02
1.581712351145071983e+09 -6.011999999999999567e-01 2.705500000000000114e+02
1.581712351244983912e+09 -6.011999999999999567e-01 2.705400000000000205e+02
1.581712351343991995e+09 -6.010999999999999677e-01 2.705400000000000205e+02
1.581712351443806887e+09 -6.012999999999999456e-01 2.705500000000000114e+02
1.581712351542999029e+09 -6.014000000000000457e-01 2.705500000000000114e+02
1.581712351642941952e+09 -6.010999999999999677e-01 2.705500000000000114e+02
1.581712351741962910e+09 -6.012999999999999456e-01 2.705400000000000205e+02
1.581712351841960907e+09 -6.010999999999999677e-01 2.705400000000000205e+02
1.581712351941802025e+09 -6.008999999999999897e-01 2.705400000000000205e+02
1.581712352054934025e+09 -6.012999999999999456e-01 2.705400000000000205e+02
1.581712352154772043e+09 -6.011999999999999567e-01 2.705500000000000114e+02
1.581712352254899025e+09 -6.011999999999999567e-01 2.705500000000000114e+02
1.581712352353945017e+09 -6.014000000000000457e-01 2.705500000000000114e+02
1.581712352453840971e+09 -6.012999999999999456e-01 2.705400000000000205e+02
1.581712352552835941e+09 -6.008999999999999897e-01 2.705400000000000205e+02
1.581712352652724981e+09 -6.010999999999999677e-01 2.705400000000000205e+02
1.581712352752850056e+09 -6.011999999999999567e-01 2.705500000000000114e+02
1.581712352851854086e+09 -6.012999999999999456e-01 2.705400000000000205e+02
1.581712352965923071e+09 -6.010999999999999677e-01 2.705500000000000114e+02
1.581712353062458992e+09 -6.009999999999999787e-01 2.705500000000000114e+02
1.581712353162216902e+09 -6.011999999999999567e-01 2.705400000000000205e+02
1.581712353261987925e+09 -6.011999999999999567e-01 2.705400000000000205e+02
1.581712353361732960e+09 -6.010999999999999677e-01 2.705400000000000205e+02
1.581712353461482048e+09 -6.011999999999999567e-01 2.705400000000000205e+02
1.581712353561239004e+09 -6.015000000000000346e-01 2.705400000000000205e+02
1.581712353661026955e+09 -6.014000000000000457e-01 2.705400000000000205e+02
1.581712353760797977e+09 -6.010999999999999677e-01 2.705400000000000205e+02
1.581712353876806021e+09 -6.010999999999999677e-01 2.705400000000000205e+02
1.581712353975771904e+09 -6.014000000000000457e-01 2.705400000000000205e+02
1.581712354075661898e+09 -6.015000000000000346e-01 2.705400000000000205e+02
1.581712354175663948e+09 -6.010999999999999677e-01 2.705400000000000205e+02
1.581712354274748087e+09 -6.010999999999999677e-01 2.705400000000000205e+02
1.581712354374664068e+09 -6.010999999999999677e-01 2.705400000000000205e+02
1.581712354471242905e+09 -6.010999999999999677e-01 2.705400000000000205e+02
1.581712354573741913e+09 -6.008999999999999897e-01 2.705400000000000205e+02
1.581712354673731089e+09 -6.008999999999999897e-01 2.705400000000000205e+02
1.581712354772695065e+09 -6.010999999999999677e-01 2.705400000000000205e+02
1.581712354886854887e+09 -6.008999999999999897e-01 2.705400000000000205e+02
1.581712354985615015e+09 -6.008999999999999897e-01 2.705400000000000205e+02
1.581712355085545063e+09 -6.008999999999999897e-01 2.705400000000000205e+02
1.581712355185641050e+09 -6.007000000000000117e-01 2.705400000000000205e+02
1.581712355284653902e+09 -6.008999999999999897e-01 2.705400000000000205e+02
1.581712355384479046e+09 -6.010999999999999677e-01 2.705400000000000205e+02
1.581712355484527111e+09 -6.008000000000000007e-01 2.705400000000000205e+02
1.581712355583643913e+09 -6.012999999999999456e-01 2.705400000000000205e+02
1.581712355683628082e+09 -6.009999999999999787e-01 2.705400000000000205e+02
1.581712355782577991e+09 -6.012999999999999456e-01 2.705400000000000205e+02
1.581712355896718979e+09 -6.010999999999999677e-01 2.705400000000000205e+02
1.581712355996535063e+09 -6.010999999999999677e-01 2.705400000000000205e+02
1.581712356095582962e+09 -6.010999999999999677e-01 2.705400000000000205e+02
1.581712356195637941e+09 -6.012999999999999456e-01 2.705400000000000205e+02
1.581712356295459032e+09 -6.010999999999999677e-01 2.705400000000000205e+02
1.581712356394648075e+09 -6.011999999999999567e-01 2.705400000000000205e+02
1.581712356494653940e+09 -6.011999999999999567e-01 2.705400000000000205e+02
1.581712356593540907e+09 -6.010999999999999677e-01 2.705400000000000205e+02
1.581712356693476915e+09 -6.011999999999999567e-01 2.705400000000000205e+02
1.581712356803596020e+09 -6.012999999999999456e-01 2.705400000000000205e+02
1.581712356903358936e+09 -6.009999999999999787e-01 2.705400000000000205e+02
1.581712357003190041e+09 -6.009999999999999787e-01 2.705400000000000205e+02
1.581712357102874041e+09 -6.009999999999999787e-01 2.705400000000000205e+02
1.581712357202640057e+09 -6.010999999999999677e-01 2.705400000000000205e+02
1.581712357302411079e+09 -6.008999999999999897e-01 2.705400000000000205e+02
1.581712357402149916e+09 -6.008999999999999897e-01 2.705400000000000205e+02
1.581712357501905918e+09 -6.008999999999999897e-01 2.705400000000000205e+02
1.581712357601666927e+09 -6.008000000000000007e-01 2.705400000000000205e+02
1.581712357717509031e+09 -6.009999999999999787e-01 2.705400000000000205e+02
1.581712357817404985e+09 -6.008000000000000007e-01 2.705400000000000205e+02
1.581712357917521000e+09 -6.008999999999999897e-01 2.705400000000000205e+02
1.581712358016459942e+09 -6.010999999999999677e-01 2.705400000000000205e+02
1.581712358116496086e+09 -6.009999999999999787e-01 2.705400000000000205e+02
1.581712358215465069e+09 -6.008000000000000007e-01 2.705400000000000205e+02
1.581712358315304041e+09 -6.008999999999999897e-01 2.705400000000000205e+02
1.581712358412312031e+09 -6.010999999999999677e-01 2.705400000000000205e+02
1.581712358514543056e+09 -6.011999999999999567e-01 2.705400000000000205e+02
1.581712358614368916e+09 -6.010999999999999677e-01 2.705400000000000205e+02
1.581712358728423119e+09 -6.010999999999999677e-01 2.705400000000000205e+02
1.581712358827462912e+09 -6.010999999999999677e-01 2.705400000000000205e+02
1.581712358927504063e+09 -6.011999999999999567e-01 2.705400000000000205e+02
1.581712359026544094e+09 -6.008999999999999897e-01 2.705400000000000205e+02
1.581712359126347065e+09 -6.011999999999999567e-01 2.705400000000000205e+02
1.581712359226407051e+09 -6.012999999999999456e-01 2.705400000000000205e+02
1.581712359325347900e+09 -6.012999999999999456e-01 2.705400000000000205e+02
1.581712359425419092e+09 -6.011999999999999567e-01 2.705400000000000205e+02
1.581712359524326086e+09 -6.011999999999999567e-01 2.705400000000000205e+02
1.581712359624305964e+09 -6.007000000000000117e-01 2.705400000000000205e+02
1.581712359738430977e+09 -6.010999999999999677e-01 2.705400000000000205e+02
1.581712359838294983e+09 -6.010999999999999677e-01 2.705400000000000205e+02
1.581712359937329054e+09 -6.010999999999999677e-01 2.705400000000000205e+02
1.581712360037247896e+09 -6.007000000000000117e-01 2.705400000000000205e+02
1.581712360136311054e+09 -6.007000000000000117e-01 2.705400000000000205e+02
1.581712360236243963e+09 -6.009999999999999787e-01 2.705400000000000205e+02
1.581712360336196899e+09 -6.008999999999999897e-01 2.705400000000000205e+02
1.581712360435216904e+09 -6.010999999999999677e-01 2.705400000000000205e+02
1.581712360535422087e+09 -6.008000000000000007e-01 2.705400000000000205e+02
1.581712360644459963e+09 -6.008999999999999897e-01 2.705400000000000205e+02
1.581712360748246908e+09 -6.009999999999999787e-01 2.705400000000000205e+02
1.581712360843997002e+09 -6.008999999999999897e-01 2.705400000000000205e+02
1.581712360943778038e+09 -6.010999999999999677e-01 2.705400000000000205e+02
1.581712361047301054e+09 -6.010999999999999677e-01 2.705400000000000205e+02
1.581712361143290997e+09 -6.009999999999999787e-01 2.705400000000000205e+02
1.581712361243050098e+09 -6.009999999999999787e-01 2.705400000000000205e+02
1.581712361342822075e+09 -6.011999999999999567e-01 2.705400000000000205e+02
1.581712361459184885e+09 -6.014000000000000457e-01 2.705400000000000205e+02
1.581712361558944941e+09 -6.012999999999999456e-01 2.705400000000000205e+02
1.581712361658720970e+09 -6.010999999999999677e-01 2.705400000000000205e+02
1.581712361758155107e+09 -6.011999999999999567e-01 2.705400000000000205e+02
1.581712361858055115e+09 -6.011999999999999567e-01 2.705400000000000205e+02
1.581712361958009958e+09 -6.010999999999999677e-01 2.705400000000000205e+02
1.581712362057234049e+09 -6.008999999999999897e-01 2.705400000000000205e+02
1.581712362157344103e+09 -6.011999999999999567e-01 2.705400000000000205e+02
1.581712362271147013e+09 -6.009999999999999787e-01 2.705400000000000205e+02
1.581712362370094061e+09 -6.010999999999999677e-01 2.705400000000000205e+02
1.581712362470129013e+09 -6.008999999999999897e-01 2.705400000000000205e+02
1.581712362569080114e+09 -6.008000000000000007e-01 2.705400000000000205e+02
1.581712362669121981e+09 -6.009999999999999787e-01 2.705400000000000205e+02
1.581712362769143105e+09 -6.009999999999999787e-01 2.705400000000000205e+02
1.581712362868024111e+09 -6.010999999999999677e-01 2.705299999999999727e+02
1.581712362967994928e+09 -6.008999999999999897e-01 2.705299999999999727e+02
1.581712363067017078e+09 -6.009999999999999787e-01 2.705299999999999727e+02
1.581712363180977106e+09 -6.009999999999999787e-01 2.705400000000000205e+02
1.581712363280958891e+09 -6.010999999999999677e-01 2.705400000000000205e+02
1.581712363380043030e+09 -6.012999999999999456e-01 2.705400000000000205e+02
1.581712363479883909e+09 -6.009999999999999787e-01 2.705400000000000205e+02
1.581712363579953909e+09 -6.007000000000000117e-01 2.705400000000000205e+02
1.581712363678889036e+09 -6.011999999999999567e-01 2.705400000000000205e+02
1.581712363778943062e+09 -6.011999999999999567e-01 2.705400000000000205e+02
1.581712363878010035e+09 -6.010999999999999677e-01 2.705400000000000205e+02
1.581712363977935076e+09 -6.012999999999999456e-01 2.705299999999999727e+02
1.581712364091939926e+09 -6.011999999999999567e-01 2.705299999999999727e+02
1.581712364186047077e+09 -6.009999999999999787e-01 2.705299999999999727e+02
1.581712364290868998e+09 -6.012999999999999456e-01 2.705299999999999727e+02
1.581712364390902042e+09 -6.011999999999999567e-01 2.705299999999999727e+02
1.581712364485344887e+09 -6.011999999999999567e-01 2.705299999999999727e+02
1.581712364585102081e+09 -6.009999999999999787e-01 2.705299999999999727e+02
1.581712364684837103e+09 -6.011999999999999567e-01 2.705299999999999727e+02
1.581712364784626961e+09 -6.009999999999999787e-01 2.705299999999999727e+02
1.581712364884403944e+09 -6.009999999999999787e-01 2.705299999999999727e+02
1.581712364984158993e+09 -6.007000000000000117e-01 2.705299999999999727e+02
1.581712365100553989e+09 -6.009999999999999787e-01 2.705299999999999727e+02
1.581712365200315952e+09 -6.010999999999999677e-01 2.705299999999999727e+02
1.581712365300084114e+09 -6.008999999999999897e-01 2.705299999999999727e+02
1.581712365396395922e+09 -6.007000000000000117e-01 2.705299999999999727e+02
1.581712365499583960e+09 -6.009999999999999787e-01 2.705299999999999727e+02
1.581712365599344969e+09 -6.009999999999999787e-01 2.705299999999999727e+02
1.581712365699117899e+09 -6.009999999999999787e-01 2.705299999999999727e+02
1.581712365798844099e+09 -6.009999999999999787e-01 2.705299999999999727e+02
1.581712365912816048e+09 -6.009999999999999787e-01 2.705299999999999727e+02
1.581712366012795925e+09 -6.011999999999999567e-01 2.705299999999999727e+02
1.581712366111845016e+09 -6.014000000000000457e-01 2.705299999999999727e+02
1.581712366211791039e+09 -6.015000000000000346e-01 2.705299999999999727e+02
1.581712366311798096e+09 -6.017000000000000126e-01 2.705299999999999727e+02
1.581712366410772085e+09 -6.018000000000000016e-01 2.705299999999999727e+02
1.581712366510776997e+09 -6.018000000000000016e-01 2.705299999999999727e+02
1.581712366609791040e+09 -6.018000000000000016e-01 2.705299999999999727e+02
1.581712366709676981e+09 -6.017000000000000126e-01 2.705299999999999727e+02
1.581712366809776068e+09 -6.009999999999999787e-01 2.705299999999999727e+02
1.581712366922861099e+09 -6.010999999999999677e-01 2.705299999999999727e+02
1.581712367022722006e+09 -6.009999999999999787e-01 2.705299999999999727e+02
1.581712367122631073e+09 -6.008999999999999897e-01 2.705299999999999727e+02
1.581712367221690893e+09 -6.009999999999999787e-01 2.705299999999999727e+02
1.581712367321693897e+09 -6.009999999999999787e-01 2.705299999999999727e+02
1.581712367420689106e+09 -6.008000000000000007e-01 2.705299999999999727e+02
1.581712367520818949e+09 -6.008000000000000007e-01 2.705299999999999727e+02
1.581712367619230986e+09 -6.008000000000000007e-01 2.705299999999999727e+02
1.581712367734575033e+09 -6.010999999999999677e-01 2.705299999999999727e+02
1.581712367833669901e+09 -6.008000000000000007e-01 2.705299999999999727e+02
1.581712367933617115e+09 -6.007000000000000117e-01 2.705299999999999727e+02
1.581712368032572985e+09 -6.008000000000000007e-01 2.705299999999999727e+02
1.581712368132611990e+09 -6.008999999999999897e-01 2.705299999999999727e+02
1.581712368232717991e+09 -6.007000000000000117e-01 2.705199999999999818e+02
1.581712368331727028e+09 -6.008999999999999897e-01 2.705299999999999727e+02
1.581712368431688070e+09 -6.007000000000000117e-01 2.705299999999999727e+02
1.581712368526714087e+09 -6.010999999999999677e-01 2.705299999999999727e+02
1.581712368642128944e+09 -6.010999999999999677e-01 2.705299999999999727e+02
1.581712368741890907e+09 -6.012999999999999456e-01 2.705299999999999727e+02
1.581712368841662884e+09 -6.009999999999999787e-01 2.705299999999999727e+02
1.581712368941431046e+09 -6.011999999999999567e-01 2.705299999999999727e+02
1.581712369041135073e+09 -6.014000000000000457e-01 2.705299999999999727e+02
1.581712369140959978e+09 -6.011999999999999567e-01 2.705299999999999727e+02
1.581712369240729094e+09 -6.012999999999999456e-01 2.705299999999999727e+02
1.581712369340514898e+09 -6.015000000000000346e-01 2.705299999999999727e+02
1.581712369440237999e+09 -6.011999999999999567e-01 2.705299999999999727e+02
1.581712369555682898e+09 -6.009999999999999787e-01 2.705299999999999727e+02
1.581712369654503107e+09 -6.010999999999999677e-01 2.705299999999999727e+02
1.581712369754431009e+09 -6.009999999999999787e-01 2.705299999999999727e+02
1.581712369853557110e+09 -6.010999999999999677e-01 2.705299999999999727e+02
1.581712369953417063e+09 -6.008999999999999897e-01 2.705299999999999727e+02
1.581712370053435087e+09 -6.009999999999999787e-01 2.705299999999999727e+02
1.581712370152492046e+09 -6.008999999999999897e-01 2.705299999999999727e+02
1.581712370252394915e+09 -6.010999999999999677e-01 2.705299999999999727e+02
1.581712370351511002e+09 -6.011999999999999567e-01 2.705299999999999727e+02
