# 
# Duration (in s): 30
# Pointing Position of the Horn: Calibrator paddle
# Angle pointing (from vertical): 80.2
# Calibrator used: YES
# Weather: very clear
# Units: tenth microWatt
# Comments: pointing at sky
1.581712609980012894e+09 -5.967999999999999972e-01 2.704800000000000182e+02
1.581712610085596085e+09 -5.967000000000000082e-01 2.704800000000000182e+02
1.581712610185369968e+09 -5.967999999999999972e-01 2.704800000000000182e+02
1.581712610285149097e+09 -5.967000000000000082e-01 2.704800000000000182e+02
1.581712610399446964e+09 -5.967999999999999972e-01 2.704800000000000182e+02
1.581712610499567986e+09 -5.966000000000000192e-01 2.704800000000000182e+02
1.581712610599462986e+09 -5.965000000000000302e-01 2.704800000000000182e+02
1.581712610698421001e+09 -5.966000000000000192e-01 2.704800000000000182e+02
1.581712610798449993e+09 -5.967000000000000082e-01 2.704800000000000182e+02
1.581712610897504091e+09 -5.967000000000000082e-01 2.704800000000000182e+02
1.581712610992724895e+09 -5.966000000000000192e-01 2.704800000000000182e+02
1.581712611097325087e+09 -5.967999999999999972e-01 2.704800000000000182e+02
1.581712611196461916e+09 -5.965000000000000302e-01 2.704800000000000182e+02
1.581712611296356916e+09 -5.968999999999999861e-01 2.704800000000000182e+02
1.581712611410295010e+09 -5.968999999999999861e-01 2.704800000000000182e+02
1.581712611509427071e+09 -5.969999999999999751e-01 2.704800000000000182e+02
1.581712611609360933e+09 -5.970999999999999641e-01 2.704800000000000182e+02
1.581712611708444118e+09 -5.967000000000000082e-01 2.704800000000000182e+02
1.581712611808279991e+09 -5.967999999999999972e-01 2.704800000000000182e+02
1.581712611908390999e+09 -5.966000000000000192e-01 2.704800000000000182e+02
1.581712612007445097e+09 -5.968999999999999861e-01 2.704800000000000182e+02
1.581712612107389927e+09 -5.968999999999999861e-01 2.704800000000000182e+02
1.581712612206535101e+09 -5.969999999999999751e-01 2.704800000000000182e+02
1.581712612305888891e+09 -5.967999999999999972e-01 2.704800000000000182e+02
1.581712612420509100e+09 -5.967000000000000082e-01 2.704800000000000182e+02
1.581712612518039942e+09 -5.968999999999999861e-01 2.704800000000000182e+02
1.581712612619302034e+09 -5.967999999999999972e-01 2.704800000000000182e+02
1.581712612719324112e+09 -5.968999999999999861e-01 2.704800000000000182e+02
1.581712612818162918e+09 -5.967999999999999972e-01 2.704800000000000182e+02
1.581712612918098927e+09 -5.967000000000000082e-01 2.704700000000000273e+02
1.581712613018328905e+09 -5.967000000000000082e-01 2.704700000000000273e+02
1.581712613117363930e+09 -5.967999999999999972e-01 2.704700000000000273e+02
1.581712613217097998e+09 -5.965000000000000302e-01 2.704700000000000273e+02
1.581712613327847958e+09 -5.966000000000000192e-01 2.704800000000000182e+02
1.581712613427649021e+09 -5.966000000000000192e-01 2.704800000000000182e+02
1.581712613527056932e+09 -5.966000000000000192e-01 2.704800000000000182e+02
1.581712613627171993e+09 -5.966000000000000192e-01 2.704800000000000182e+02
1.581712613726937056e+09 -5.967000000000000082e-01 2.704700000000000273e+02
1.581712613826715946e+09 -5.967999999999999972e-01 2.704700000000000273e+02
1.581712613926490068e+09 -5.968999999999999861e-01 2.704700000000000273e+02
1.581712614026237965e+09 -5.968999999999999861e-01 2.704800000000000182e+02
1.581712614142237902e+09 -5.968999999999999861e-01 2.704800000000000182e+02
1.581712614241239071e+09 -5.967000000000000082e-01 2.704800000000000182e+02
1.581712614341147900e+09 -5.968999999999999861e-01 2.704700000000000273e+02
1.581712614440191031e+09 -5.967999999999999972e-01 2.704700000000000273e+02
1.581712614540220022e+09 -5.968999999999999861e-01 2.704700000000000273e+02
1.581712614640264034e+09 -5.967999999999999972e-01 2.704700000000000273e+02
1.581712614739348888e+09 -5.969999999999999751e-01 2.704700000000000273e+02
1.581712614839076996e+09 -5.968999999999999861e-01 2.704700000000000273e+02
1.581712614952966928e+09 -5.969999999999999751e-01 2.704700000000000273e+02
1.581712615051925898e+09 -5.967999999999999972e-01 2.704700000000000273e+02
1.581712615151984930e+09 -5.969999999999999751e-01 2.704700000000000273e+02
1.581712615250933886e+09 -5.968999999999999861e-01 2.704700000000000273e+02
1.581712615350920916e+09 -5.967999999999999972e-01 2.704700000000000273e+02
1.581712615447319984e+09 -5.968999999999999861e-01 2.704700000000000273e+02
1.581712615550195932e+09 -5.967999999999999972e-01 2.704700000000000273e+02
1.581712615649921894e+09 -5.967999999999999972e-01 2.704700000000000273e+02
1.581712615749034882e+09 -5.967000000000000082e-01 2.704700000000000273e+02
1.581712615862956047e+09 -5.965000000000000302e-01 2.704700000000000273e+02
1.581712615963032961e+09 -5.966000000000000192e-01 2.704700000000000273e+02
1.581712616062017918e+09 -5.967000000000000082e-01 2.704700000000000273e+02
1.581712616162091970e+09 -5.967000000000000082e-01 2.704700000000000273e+02
1.581712616262020111e+09 -5.965000000000000302e-01 2.704700000000000273e+02
1.581712616360951900e+09 -5.966000000000000192e-01 2.704700000000000273e+02
1.581712616461144924e+09 -5.967000000000000082e-01 2.704700000000000273e+02
1.581712616559618950e+09 -5.967999999999999972e-01 2.704700000000000273e+02
1.581712616659951925e+09 -5.967000000000000082e-01 2.704700000000000273e+02
1.581712616769695044e+09 -5.967999999999999972e-01 2.704700000000000273e+02
1.581712616869504929e+09 -5.968999999999999861e-01 2.704700000000000273e+02
1.581712616969283104e+09 -5.968999999999999861e-01 2.704700000000000273e+02
1.581712617069005013e+09 -5.970999999999999641e-01 2.704700000000000273e+02
1.581712617168822050e+09 -5.968999999999999861e-01 2.704700000000000273e+02
1.581712617268527985e+09 -5.968999999999999861e-01 2.704700000000000273e+02
1.581712617368294954e+09 -5.967999999999999972e-01 2.704700000000000273e+02
1.581712617466773033e+09 -5.970999999999999641e-01 2.704700000000000273e+02
1.581712617567810059e+09 -5.969999999999999751e-01 2.704700000000000273e+02
1.581712617667594910e+09 -5.970999999999999641e-01 2.704700000000000273e+02
1.581712617783987999e+09 -5.967000000000000082e-01 2.704700000000000273e+02
1.581712617883754969e+09 -5.967999999999999972e-01 2.704700000000000273e+02
1.581712617982965946e+09 -5.966000000000000192e-01 2.704700000000000273e+02
1.581712618082839012e+09 -5.966000000000000192e-01 2.704700000000000273e+02
1.581712618182899952e+09 -5.967999999999999972e-01 2.704700000000000273e+02
1.581712618281893015e+09 -5.966000000000000192e-01 2.704700000000000273e+02
1.581712618381787062e+09 -5.967999999999999972e-01 2.704700000000000273e+02
1.581712618480916977e+09 -5.967000000000000082e-01 2.704700000000000273e+02
1.581712618594841003e+09 -5.967000000000000082e-01 2.704700000000000273e+02
1.581712618694822073e+09 -5.967999999999999972e-01 2.704700000000000273e+02
1.581712618793813944e+09 -5.966000000000000192e-01 2.704700000000000273e+02
1.581712618893922091e+09 -5.966000000000000192e-01 2.704700000000000273e+02
1.581712618993779898e+09 -5.967999999999999972e-01 2.704700000000000273e+02
1.581712619092822075e+09 -5.967999999999999972e-01 2.704700000000000273e+02
1.581712619192728996e+09 -5.967999999999999972e-01 2.704700000000000273e+02
1.581712619291840076e+09 -5.966000000000000192e-01 2.704700000000000273e+02
1.581712619391732931e+09 -5.967999999999999972e-01 2.704700000000000273e+02
1.581712619491853952e+09 -5.969999999999999751e-01 2.704700000000000273e+02
1.581712619604938984e+09 -5.969999999999999751e-01 2.704700000000000273e+02
1.581712619705070019e+09 -5.968999999999999861e-01 2.704700000000000273e+02
1.581712619804712057e+09 -5.967000000000000082e-01 2.704700000000000273e+02
1.581712619903769016e+09 -5.970999999999999641e-01 2.704700000000000273e+02
1.581712620000581980e+09 -5.969999999999999751e-01 2.704700000000000273e+02
1.581712620102787971e+09 -5.968999999999999861e-01 2.704700000000000273e+02
1.581712620202632904e+09 -5.968999999999999861e-01 2.704599999999999795e+02
1.581712620302751064e+09 -5.968999999999999861e-01 2.704700000000000273e+02
1.581712620416762114e+09 -5.966000000000000192e-01 2.704700000000000273e+02
1.581712620515367031e+09 -5.967000000000000082e-01 2.704700000000000273e+02
1.581712620615659952e+09 -5.967000000000000082e-01 2.704700000000000273e+02
1.581712620710414886e+09 -5.966000000000000192e-01 2.704700000000000273e+02
1.581712620810175896e+09 -5.966000000000000192e-01 2.704700000000000273e+02
1.581712620909935951e+09 -5.967000000000000082e-01 2.704700000000000273e+02
1.581712621008647919e+09 -5.967999999999999972e-01 2.704700000000000273e+02
1.581712621109392881e+09 -5.967000000000000082e-01 2.704700000000000273e+02
1.581712621209186077e+09 -5.966000000000000192e-01 2.704700000000000273e+02
1.581712621308948994e+09 -5.967000000000000082e-01 2.704700000000000273e+02
1.581712621425332069e+09 -5.967000000000000082e-01 2.704700000000000273e+02
1.581712621522342920e+09 -5.966000000000000192e-01 2.704599999999999795e+02
1.581712621621788025e+09 -5.967999999999999972e-01 2.704700000000000273e+02
1.581712621724654913e+09 -5.968999999999999861e-01 2.704700000000000273e+02
1.581712621824403048e+09 -5.969999999999999751e-01 2.704700000000000273e+02
1.581712621924135923e+09 -5.967999999999999972e-01 2.704700000000000273e+02
1.581712622022500038e+09 -5.968999999999999861e-01 2.704700000000000273e+02
1.581712622123651028e+09 -5.969999999999999751e-01 2.704700000000000273e+02
1.581712622237611055e+09 -5.969999999999999751e-01 2.704700000000000273e+02
1.581712622336379051e+09 -5.970999999999999641e-01 2.704700000000000273e+02
1.581712622436780930e+09 -5.970999999999999641e-01 2.704700000000000273e+02
1.581712622535589933e+09 -5.971999999999999531e-01 2.704700000000000273e+02
1.581712622635752916e+09 -5.968999999999999861e-01 2.704700000000000273e+02
1.581712622735639095e+09 -5.969999999999999751e-01 2.704700000000000273e+02
1.581712622834464073e+09 -5.968999999999999861e-01 2.704700000000000273e+02
1.581712622934485912e+09 -5.969999999999999751e-01 2.704700000000000273e+02
1.581712623033482075e+09 -5.967999999999999972e-01 2.704700000000000273e+02
1.581712623133481026e+09 -5.967999999999999972e-01 2.704700000000000273e+02
1.581712623247395039e+09 -5.967000000000000082e-01 2.704700000000000273e+02
1.581712623346272945e+09 -5.968999999999999861e-01 2.704700000000000273e+02
1.581712623446583986e+09 -5.967000000000000082e-01 2.704700000000000273e+02
1.581712623546421051e+09 -5.968999999999999861e-01 2.704599999999999795e+02
1.581712623646400928e+09 -5.966000000000000192e-01 2.704599999999999795e+02
1.581712623745450020e+09 -5.967000000000000082e-01 2.704599999999999795e+02
1.581712623845405102e+09 -5.967000000000000082e-01 2.704700000000000273e+02
1.581712623944379091e+09 -5.967000000000000082e-01 2.704700000000000273e+02
1.581712624044357061e+09 -5.967999999999999972e-01 2.704599999999999795e+02
1.581712624152323008e+09 -5.966000000000000192e-01 2.704599999999999795e+02
1.581712624257363081e+09 -5.967999999999999972e-01 2.704700000000000273e+02
1.581712624357177973e+09 -5.967000000000000082e-01 2.704599999999999795e+02
1.581712624451534033e+09 -5.967999999999999972e-01 2.704599999999999795e+02
1.581712624556334972e+09 -5.968999999999999861e-01 2.704700000000000273e+02
1.581712624656570911e+09 -5.967999999999999972e-01 2.704599999999999795e+02
1.581712624750806093e+09 -5.967999999999999972e-01 2.704599999999999795e+02
1.581712624850579023e+09 -5.969999999999999751e-01 2.704599999999999795e+02
1.581712624966959953e+09 -5.970999999999999641e-01 2.704700000000000273e+02
1.581712625066643000e+09 -5.970999999999999641e-01 2.704599999999999795e+02
1.581712625166452885e+09 -5.968999999999999861e-01 2.704599999999999795e+02
1.581712625266206026e+09 -5.968999999999999861e-01 2.704599999999999795e+02
1.581712625365986109e+09 -5.969999999999999751e-01 2.704599999999999795e+02
1.581712625466589928e+09 -5.971999999999999531e-01 2.704599999999999795e+02
1.581712625565511942e+09 -5.969999999999999751e-01 2.704599999999999795e+02
1.581712625665245056e+09 -5.968999999999999861e-01 2.704599999999999795e+02
1.581712625765278101e+09 -5.968999999999999861e-01 2.704599999999999795e+02
1.581712625864797115e+09 -5.968999999999999861e-01 2.704599999999999795e+02
1.581712625964561939e+09 -5.967000000000000082e-01 2.704599999999999795e+02
1.581712626078289986e+09 -5.968999999999999861e-01 2.704599999999999795e+02
1.581712626178541899e+09 -5.968999999999999861e-01 2.704599999999999795e+02
1.581712626278347969e+09 -5.966000000000000192e-01 2.704599999999999795e+02
1.581712626377288103e+09 -5.970999999999999641e-01 2.704599999999999795e+02
1.581712626477374077e+09 -5.966000000000000192e-01 2.704599999999999795e+02
1.581712626576351881e+09 -5.965000000000000302e-01 2.704599999999999795e+02
1.581712626676279068e+09 -5.965000000000000302e-01 2.704599999999999795e+02
1.581712626776233912e+09 -5.965000000000000302e-01 2.704599999999999795e+02
1.581712626875221968e+09 -5.967000000000000082e-01 2.704599999999999795e+02
1.581712626989151001e+09 -5.969999999999999751e-01 2.704599999999999795e+02
1.581712627089339972e+09 -5.968999999999999861e-01 2.704599999999999795e+02
1.581712627188127995e+09 -5.967000000000000082e-01 2.704599999999999795e+02
1.581712627288177013e+09 -5.969999999999999751e-01 2.704599999999999795e+02
1.581712627387125015e+09 -5.968999999999999861e-01 2.704599999999999795e+02
1.581712627487150908e+09 -5.969999999999999751e-01 2.704599999999999795e+02
1.581712627587074041e+09 -5.969999999999999751e-01 2.704599999999999795e+02
1.581712627686145067e+09 -5.969999999999999751e-01 2.704599999999999795e+02
1.581712627800007105e+09 -5.969999999999999751e-01 2.704599999999999795e+02
1.581712627900203943e+09 -5.968999999999999861e-01 2.704599999999999795e+02
1.581712627999070883e+09 -5.968999999999999861e-01 2.704599999999999795e+02
1.581712628099062920e+09 -5.968999999999999861e-01 2.704599999999999795e+02
1.581712628198057890e+09 -5.967999999999999972e-01 2.704599999999999795e+02
1.581712628298027039e+09 -5.969999999999999751e-01 2.704599999999999795e+02
1.581712628398232937e+09 -5.967000000000000082e-01 2.704599999999999795e+02
1.581712628496990919e+09 -5.967999999999999972e-01 2.704599999999999795e+02
1.581712628597213984e+09 -5.967000000000000082e-01 2.704599999999999795e+02
1.581712628708096027e+09 -5.967999999999999972e-01 2.704599999999999795e+02
1.581712628807785988e+09 -5.967000000000000082e-01 2.704599999999999795e+02
1.581712628910038948e+09 -5.967000000000000082e-01 2.704599999999999795e+02
1.581712629007363081e+09 -5.967999999999999972e-01 2.704599999999999795e+02
1.581712629107093096e+09 -5.967999999999999972e-01 2.704599999999999795e+02
1.581712629206872940e+09 -5.966000000000000192e-01 2.704599999999999795e+02
1.581712629306623936e+09 -5.965000000000000302e-01 2.704599999999999795e+02
1.581712629406395912e+09 -5.967000000000000082e-01 2.704599999999999795e+02
1.581712629506140947e+09 -5.966000000000000192e-01 2.704599999999999795e+02
1.581712629605910063e+09 -5.966000000000000192e-01 2.704599999999999795e+02
1.581712629705704927e+09 -5.968999999999999861e-01 2.704599999999999795e+02
1.581712629821022987e+09 -5.966000000000000192e-01 2.704599999999999795e+02
1.581712629919972897e+09 -5.970999999999999641e-01 2.704599999999999795e+02
1.581712630019838095e+09 -5.967000000000000082e-01 2.704599999999999795e+02
1.581712630118980885e+09 -5.969999999999999751e-01 2.704599999999999795e+02
1.581712630218950033e+09 -5.968999999999999861e-01 2.704499999999999886e+02
1.581712630318871975e+09 -5.969999999999999751e-01 2.704499999999999886e+02
1.581712630417968988e+09 -5.969999999999999751e-01 2.704499999999999886e+02
1.581712630517910957e+09 -5.969999999999999751e-01 2.704499999999999886e+02
1.581712630616862059e+09 -5.968999999999999861e-01 2.704499999999999886e+02
1.581712630730802059e+09 -5.968999999999999861e-01 2.704499999999999886e+02
1.581712630830933094e+09 -5.967000000000000082e-01 2.704499999999999886e+02
1.581712630931101084e+09 -5.967999999999999972e-01 2.704499999999999886e+02
1.581712631029979944e+09 -5.967000000000000082e-01 2.704499999999999886e+02
1.581712631129652977e+09 -5.968999999999999861e-01 2.704599999999999795e+02
1.581712631228872061e+09 -5.967000000000000082e-01 2.704599999999999795e+02
1.581712631328939915e+09 -5.967999999999999972e-01 2.704599999999999795e+02
1.581712631427926064e+09 -5.968999999999999861e-01 2.704599999999999795e+02
1.581712631527759075e+09 -5.966000000000000192e-01 2.704599999999999795e+02
1.581712631627866983e+09 -5.967999999999999972e-01 2.704599999999999795e+02
1.581712631740824938e+09 -5.967000000000000082e-01 2.704599999999999795e+02
1.581712631840698957e+09 -5.967999999999999972e-01 2.704599999999999795e+02
1.581712631940707922e+09 -5.967000000000000082e-01 2.704599999999999795e+02
1.581712632039942026e+09 -5.967000000000000082e-01 2.704599999999999795e+02
1.581712632139698982e+09 -5.967000000000000082e-01 2.704599999999999795e+02
1.581712632238930941e+09 -5.969999999999999751e-01 2.704700000000000273e+02
1.581712632338757992e+09 -5.967999999999999972e-01 2.704700000000000273e+02
1.581712632437460899e+09 -5.968999999999999861e-01 2.704599999999999795e+02
1.581712632537790060e+09 -5.968999999999999861e-01 2.704700000000000273e+02
1.581712632637729883e+09 -5.969999999999999751e-01 2.704700000000000273e+02
1.581712632748425961e+09 -5.968999999999999861e-01 2.704700000000000273e+02
1.581712632848225117e+09 -5.968999999999999861e-01 2.704700000000000273e+02
1.581712632947998047e+09 -5.967999999999999972e-01 2.704700000000000273e+02
1.581712633047745943e+09 -5.970999999999999641e-01 2.704700000000000273e+02
1.581712633147491932e+09 -5.967999999999999972e-01 2.704700000000000273e+02
1.581712633247256041e+09 -5.968999999999999861e-01 2.704700000000000273e+02
1.581712633347018957e+09 -5.968999999999999861e-01 2.704700000000000273e+02
1.581712633446800947e+09 -5.969999999999999751e-01 2.704700000000000273e+02
1.581712633546549082e+09 -5.967999999999999972e-01 2.704700000000000273e+02
1.581712633646328926e+09 -5.967999999999999972e-01 2.704700000000000273e+02
1.581712633761755943e+09 -5.969999999999999751e-01 2.704700000000000273e+02
1.581712633861670971e+09 -5.967999999999999972e-01 2.704700000000000273e+02
1.581712633960340023e+09 -5.968999999999999861e-01 2.704700000000000273e+02
1.581712634060766935e+09 -5.967999999999999972e-01 2.704700000000000273e+02
1.581712634159673929e+09 -5.969999999999999751e-01 2.704700000000000273e+02
1.581712634259558916e+09 -5.968999999999999861e-01 2.704700000000000273e+02
1.581712634359622955e+09 -5.967999999999999972e-01 2.704700000000000273e+02
1.581712634453545094e+09 -5.968999999999999861e-01 2.704700000000000273e+02
1.581712634558568001e+09 -5.967000000000000082e-01 2.704700000000000273e+02
1.581712634671438932e+09 -5.967000000000000082e-01 2.704700000000000273e+02
1.581712634771543980e+09 -5.967999999999999972e-01 2.704700000000000273e+02
1.581712634871596098e+09 -5.967000000000000082e-01 2.704700000000000273e+02
1.581712634970635891e+09 -5.967000000000000082e-01 2.704700000000000273e+02
1.581712635070614100e+09 -5.967999999999999972e-01 2.704700000000000273e+02
1.581712635170492887e+09 -5.967000000000000082e-01 2.704700000000000273e+02
1.581712635269351006e+09 -5.967000000000000082e-01 2.704700000000000273e+02
1.581712635369334936e+09 -5.967000000000000082e-01 2.704700000000000273e+02
1.581712635466474056e+09 -5.968999999999999861e-01 2.704700000000000273e+02
1.581712635582411051e+09 -5.968999999999999861e-01 2.704700000000000273e+02
1.581712635682440996e+09 -5.970999999999999641e-01 2.704700000000000273e+02
1.581712635781435966e+09 -5.968999999999999861e-01 2.704700000000000273e+02
1.581712635881445885e+09 -5.968999999999999861e-01 2.704700000000000273e+02
1.581712635981302977e+09 -5.968999999999999861e-01 2.704700000000000273e+02
1.581712636080645084e+09 -5.969999999999999751e-01 2.704700000000000273e+02
1.581712636180370092e+09 -5.968999999999999861e-01 2.704700000000000273e+02
1.581712636279556990e+09 -5.970999999999999641e-01 2.704700000000000273e+02
1.581712636379468918e+09 -5.968999999999999861e-01 2.704700000000000273e+02
1.581712636479397058e+09 -5.967999999999999972e-01 2.704700000000000273e+02
1.581712636589359045e+09 -5.967999999999999972e-01 2.704700000000000273e+02
1.581712636689121962e+09 -5.967999999999999972e-01 2.704700000000000273e+02
1.581712636787703037e+09 -5.967000000000000082e-01 2.704700000000000273e+02
1.581712636888679981e+09 -5.966000000000000192e-01 2.704700000000000273e+02
1.581712636988444090e+09 -5.966000000000000192e-01 2.704700000000000273e+02
1.581712637088135004e+09 -5.966000000000000192e-01 2.704700000000000273e+02
1.581712637187906981e+09 -5.967000000000000082e-01 2.704700000000000273e+02
1.581712637287671089e+09 -5.966000000000000192e-01 2.704700000000000273e+02
1.581712637387413025e+09 -5.968999999999999861e-01 2.704700000000000273e+02
1.581712637487204075e+09 -5.967000000000000082e-01 2.704700000000000273e+02
1.581712637603491068e+09 -5.969999999999999751e-01 2.704700000000000273e+02
1.581712637702531099e+09 -5.967999999999999972e-01 2.704700000000000273e+02
1.581712637802396059e+09 -5.967999999999999972e-01 2.704700000000000273e+02
1.581712637901283979e+09 -5.968999999999999861e-01 2.704700000000000273e+02
1.581712638001164913e+09 -5.968999999999999861e-01 2.704700000000000273e+02
1.581712638101231098e+09 -5.968999999999999861e-01 2.704700000000000273e+02
1.581712638200423956e+09 -5.967999999999999972e-01 2.704700000000000273e+02
1.581712638300239086e+09 -5.969999999999999751e-01 2.704700000000000273e+02
1.581712638399471045e+09 -5.970999999999999641e-01 2.704700000000000273e+02
1.581712638513325930e+09 -5.969999999999999751e-01 2.704700000000000273e+02
1.581712638613344908e+09 -5.967999999999999972e-01 2.704700000000000273e+02
1.581712638712255955e+09 -5.965000000000000302e-01 2.704700000000000273e+02
1.581712638812213898e+09 -5.967999999999999972e-01 2.704700000000000273e+02
1.581712638912307024e+09 -5.967000000000000082e-01 2.704700000000000273e+02
1.581712639011296034e+09 -5.969999999999999751e-01 2.704700000000000273e+02
1.581712639111279011e+09 -5.966000000000000192e-01 2.704700000000000273e+02
1.581712639209566116e+09 -5.967000000000000082e-01 2.704700000000000273e+02
1.581712639310353041e+09 -5.967000000000000082e-01 2.704700000000000273e+02
1.581712639424238920e+09 -5.967999999999999972e-01 2.704700000000000273e+02
1.581712639522059917e+09 -5.967000000000000082e-01 2.704700000000000273e+02
1.581712639621551991e+09 -5.966000000000000192e-01 2.704700000000000273e+02
1.581712639723118067e+09 -5.967999999999999972e-01 2.704700000000000273e+02
1.581712639822124004e+09 -5.967000000000000082e-01 2.704700000000000273e+02
1.581712639922116995e+09 -5.967000000000000082e-01 2.704700000000000273e+02
