# 
# Duration (in s): 30
# Pointing Position of the Horn: Calibrator paddle
# Angle pointing (from vertical): 90.00
# Calibrator used: YES
# Weather: very clear
# Units: tenth of microWatt
# Comments: pointing down callibration; liquid nitrogen; no foil shield
1.581713251561260939e+09 -9.222000000000000197e-01 7.778199999999999648e+01
1.581713251651942968e+09 -9.224999999999999867e-01 7.778199999999999648e+01
1.581713251750595093e+09 -9.203000000000000069e-01 7.778700000000000614e+01
1.581713251850987911e+09 -9.202000000000000179e-01 7.778700000000000614e+01
1.581713251950764894e+09 -9.192000000000000171e-01 7.778900000000000148e+01
1.581713252044898033e+09 -9.193999999999999950e-01 7.779399999999999693e+01
1.581713252150079966e+09 -9.197999999999999510e-01 7.779399999999999693e+01
1.581713252244447947e+09 -9.193999999999999950e-01 7.779200000000000159e+01
1.581713252344173908e+09 -9.196999999999999620e-01 7.779200000000000159e+01
1.581713252443892956e+09 -9.194999999999999840e-01 7.779200000000000159e+01
1.581713252560336113e+09 -9.193000000000000060e-01 7.779200000000000159e+01
1.581713252660116911e+09 -9.192000000000000171e-01 7.779099999999999682e+01
1.581713252759807110e+09 -9.183000000000000052e-01 7.779000000000000625e+01
1.581713252861058950e+09 -9.137999999999999456e-01 7.779000000000000625e+01
1.581713252959383011e+09 -9.145999999999999686e-01 7.779099999999999682e+01
1.581713253059124947e+09 -9.146999999999999575e-01 7.779000000000000625e+01
1.581713253158844948e+09 -9.150000000000000355e-01 7.779000000000000625e+01
1.581713253258676052e+09 -9.149000000000000465e-01 7.778900000000000148e+01
1.581713253373167038e+09 -9.153000000000000025e-01 7.779099999999999682e+01
1.581713253472915888e+09 -9.151000000000000245e-01 7.778799999999999670e+01
1.581713253572735071e+09 -9.151000000000000245e-01 7.778799999999999670e+01
1.581713253671876907e+09 -9.147999999999999465e-01 7.778799999999999670e+01
1.581713253771657944e+09 -9.147999999999999465e-01 7.778700000000000614e+01
1.581713253872081041e+09 -9.150000000000000355e-01 7.778700000000000614e+01
1.581713253970669985e+09 -9.154999999999999805e-01 7.778700000000000614e+01
1.581713254070873976e+09 -9.151000000000000245e-01 7.778700000000000614e+01
1.581713254169822931e+09 -9.153000000000000025e-01 7.778700000000000614e+01
1.581713254283813000e+09 -9.153000000000000025e-01 7.778700000000000614e+01
1.581713254383717060e+09 -9.154999999999999805e-01 7.778700000000000614e+01
1.581713254482630968e+09 -9.154999999999999805e-01 7.778700000000000614e+01
1.581713254582753897e+09 -9.163999999999999924e-01 7.778700000000000614e+01
1.581713254678497076e+09 -9.170000000000000373e-01 7.778799999999999670e+01
1.581713254781687021e+09 -9.169000000000000483e-01 7.781399999999999295e+01
1.581713254881776094e+09 -9.171000000000000263e-01 7.781399999999999295e+01
1.581713254980858088e+09 -9.172000000000000153e-01 7.781499999999999773e+01
1.581713255080616951e+09 -9.175999999999999712e-01 7.781699999999999307e+01
1.581713255180604935e+09 -9.171000000000000263e-01 7.782200000000000273e+01
1.581713255293555975e+09 -9.174999999999999822e-01 7.782200000000000273e+01
1.581713255393663883e+09 -9.175999999999999712e-01 7.782200000000000273e+01
1.581713255493613005e+09 -9.174999999999999822e-01 7.782699999999999818e+01
1.581713255592556000e+09 -9.175999999999999712e-01 7.782699999999999818e+01
1.581713255692461967e+09 -9.173999999999999932e-01 7.781600000000000250e+01
1.581713255787506104e+09 -9.174999999999999822e-01 7.781799999999999784e+01
1.581713255891370058e+09 -9.170000000000000373e-01 7.781999999999999318e+01
1.581713255991538048e+09 -9.175999999999999712e-01 7.781999999999999318e+01
1.581713256101908922e+09 -9.172000000000000153e-01 7.782999999999999829e+01
1.581713256204577923e+09 -9.173999999999999932e-01 7.782500000000000284e+01
1.581713256301440001e+09 -9.175999999999999712e-01 7.782500000000000284e+01
1.581713256401248932e+09 -9.174999999999999822e-01 7.782999999999999829e+01
1.581713256500978947e+09 -9.174999999999999822e-01 7.782399999999999807e+01
1.581713256601962090e+09 -9.176999999999999602e-01 7.782399999999999807e+01
1.581713256700475931e+09 -9.177999999999999492e-01 7.782099999999999795e+01
1.581713256800287008e+09 -9.183000000000000052e-01 7.782399999999999807e+01
1.581713256899986029e+09 -9.183000000000000052e-01 7.782099999999999795e+01
1.581713257015660048e+09 -9.176999999999999602e-01 7.782099999999999795e+01
1.581713257115467072e+09 -9.177999999999999492e-01 7.781199999999999761e+01
1.581713257214662075e+09 -9.176999999999999602e-01 7.780899999999999750e+01
1.581713257314481974e+09 -9.176999999999999602e-01 7.780899999999999750e+01
1.581713257413506031e+09 -9.177999999999999492e-01 7.780100000000000193e+01
1.581713257513400078e+09 -9.176999999999999602e-01 7.779999999999999716e+01
1.581713257611071110e+09 -9.175999999999999712e-01 7.780200000000000671e+01
1.581713257712580919e+09 -9.174999999999999822e-01 7.780200000000000671e+01
1.581713257826509953e+09 -9.171000000000000263e-01 7.780299999999999727e+01
1.581713257926342010e+09 -9.171000000000000263e-01 7.780500000000000682e+01
1.581713258025433064e+09 -9.166999999999999593e-01 7.780500000000000682e+01
1.581713258125452042e+09 -9.172000000000000153e-01 7.780500000000000682e+01
1.581713258225461960e+09 -9.172000000000000153e-01 7.780700000000000216e+01
1.581713258324350119e+09 -9.175999999999999712e-01 7.780700000000000216e+01
1.581713258424391031e+09 -9.173000000000000043e-01 7.780500000000000682e+01
1.581713258523494005e+09 -9.173000000000000043e-01 7.779999999999999716e+01
1.581713258623347998e+09 -9.173000000000000043e-01 7.779699999999999704e+01
1.581713258723308086e+09 -9.174999999999999822e-01 7.779699999999999704e+01
1.581713258836252928e+09 -9.175999999999999712e-01 7.780100000000000193e+01
1.581713258936361074e+09 -9.173999999999999932e-01 7.780500000000000682e+01
1.581713259036318064e+09 -9.171000000000000263e-01 7.780500000000000682e+01
1.581713259135363102e+09 -9.174999999999999822e-01 7.778100000000000591e+01
1.581713259235265970e+09 -9.173999999999999932e-01 7.778000000000000114e+01
1.581713259333883047e+09 -9.172000000000000153e-01 7.778100000000000591e+01
1.581713259434376001e+09 -9.172000000000000153e-01 7.778100000000000591e+01
1.581713259534406900e+09 -9.172000000000000153e-01 7.778100000000000591e+01
1.581713259643491030e+09 -9.173000000000000043e-01 7.778199999999999648e+01
1.581713259743257999e+09 -9.162000000000000144e-01 7.778199999999999648e+01
1.581713259847234964e+09 -9.160000000000000364e-01 7.777800000000000580e+01
1.581713259942770004e+09 -9.161000000000000254e-01 7.778000000000000114e+01
1.581713260042578936e+09 -9.160000000000000364e-01 7.778000000000000114e+01
1.581713260142314911e+09 -9.159000000000000474e-01 7.777899999999999636e+01
1.581713260242090940e+09 -9.156999999999999584e-01 7.778000000000000114e+01
1.581713260341850996e+09 -9.161000000000000254e-01 7.778300000000000125e+01
1.581713260441634893e+09 -9.159000000000000474e-01 7.778300000000000125e+01
1.581713260541373968e+09 -9.160000000000000364e-01 7.778400000000000603e+01
1.581713260657790899e+09 -9.160000000000000364e-01 7.778300000000000125e+01
1.581713260757181883e+09 -9.162000000000000144e-01 7.778300000000000125e+01
1.581713260857202053e+09 -9.173000000000000043e-01 7.778499999999999659e+01
1.581713260956302881e+09 -9.179000000000000492e-01 7.778499999999999659e+01
1.581713261056278944e+09 -9.184999999999999831e-01 7.778700000000000614e+01
1.581713261156151056e+09 -9.185999999999999721e-01 7.778700000000000614e+01
1.581713261255120039e+09 -9.127999999999999448e-01 7.778799999999999670e+01
1.581713261355102062e+09 -9.144999999999999796e-01 7.779000000000000625e+01
1.581713261454210043e+09 -9.156999999999999584e-01 7.779000000000000625e+01
1.581713261565021038e+09 -9.169000000000000483e-01 7.779000000000000625e+01
1.581713261668133020e+09 -9.173000000000000043e-01 7.778799999999999670e+01
1.581713261767232895e+09 -9.175999999999999712e-01 7.778799999999999670e+01
1.581713261867177010e+09 -9.170000000000000373e-01 7.778900000000000148e+01
1.581713261967149019e+09 -9.173999999999999932e-01 7.779200000000000159e+01
1.581713262063915014e+09 -9.173999999999999932e-01 7.779200000000000159e+01
1.581713262166203976e+09 -9.169000000000000483e-01 7.779200000000000159e+01
1.581713262265058994e+09 -9.165999999999999703e-01 7.779300000000000637e+01
1.581713262379051924e+09 -9.172000000000000153e-01 7.779300000000000637e+01
1.581713262479022026e+09 -9.165999999999999703e-01 7.779300000000000637e+01
1.581713262579122066e+09 -9.163999999999999924e-01 7.779300000000000637e+01
1.581713262677917957e+09 -9.170000000000000373e-01 7.779399999999999693e+01
1.581713262775229931e+09 -9.165999999999999703e-01 7.779600000000000648e+01
1.581713262877015114e+09 -9.170000000000000373e-01 7.779600000000000648e+01
1.581713262976970911e+09 -9.165999999999999703e-01 7.779500000000000171e+01
1.581713263076960087e+09 -9.169000000000000483e-01 7.779699999999999704e+01
1.581713263175877094e+09 -9.166999999999999593e-01 7.779699999999999704e+01
1.581713263289854050e+09 -9.166999999999999593e-01 7.779500000000000171e+01
1.581713263384629011e+09 -9.165999999999999703e-01 7.779099999999999682e+01
1.581713263484333992e+09 -9.170000000000000373e-01 7.779099999999999682e+01
1.581713263584141970e+09 -9.170000000000000373e-01 7.779099999999999682e+01
1.581713263687737942e+09 -9.172000000000000153e-01 7.779300000000000637e+01
1.581713263783658981e+09 -9.172000000000000153e-01 7.779300000000000637e+01
1.581713263883434057e+09 -9.173000000000000043e-01 7.779300000000000637e+01
1.581713263983203888e+09 -9.172000000000000153e-01 7.779000000000000625e+01
1.581713264099631071e+09 -9.173999999999999932e-01 7.778900000000000148e+01
1.581713264199374914e+09 -9.175999999999999712e-01 7.778900000000000148e+01
1.581713264299144983e+09 -9.171000000000000263e-01 7.779000000000000625e+01
1.581713264398874998e+09 -9.173999999999999932e-01 7.779099999999999682e+01
1.581713264498676062e+09 -9.171000000000000263e-01 7.779099999999999682e+01
1.581713264598421097e+09 -9.172000000000000153e-01 7.779099999999999682e+01
1.581713264698190928e+09 -9.172000000000000153e-01 7.779300000000000637e+01
1.581713264797720909e+09 -9.173000000000000043e-01 7.779200000000000159e+01
1.581713264897677898e+09 -9.175999999999999712e-01 7.779200000000000159e+01
1.581713265011766911e+09 -9.175999999999999712e-01 7.779200000000000159e+01
1.581713265110852003e+09 -9.172000000000000153e-01 7.779000000000000625e+01
1.581713265210983038e+09 -9.169000000000000483e-01 7.779000000000000625e+01
1.581713265309895039e+09 -9.171000000000000263e-01 7.779099999999999682e+01
1.581713265409759998e+09 -9.170000000000000373e-01 7.779000000000000625e+01
1.581713265509783030e+09 -9.171000000000000263e-01 7.781100000000000705e+01
1.581713265608793020e+09 -9.172000000000000153e-01 7.781100000000000705e+01
1.581713265708559036e+09 -9.173000000000000043e-01 7.781100000000000705e+01
1.581713265807744026e+09 -9.173000000000000043e-01 7.781199999999999761e+01
1.581713265921695948e+09 -9.172000000000000153e-01 7.781199999999999761e+01
1.581713266021723032e+09 -9.171000000000000263e-01 7.781000000000000227e+01
1.581713266120717049e+09 -9.172000000000000153e-01 7.780899999999999750e+01
1.581713266220782995e+09 -9.173999999999999932e-01 7.781000000000000227e+01
1.581713266320811987e+09 -9.173999999999999932e-01 7.781000000000000227e+01
1.581713266419672966e+09 -9.167999999999999483e-01 7.780899999999999750e+01
1.581713266519726992e+09 -9.152000000000000135e-01 7.780700000000000216e+01
1.581713266619975090e+09 -9.160000000000000364e-01 7.780700000000000216e+01
1.581713266718736887e+09 -9.163000000000000034e-01 7.780700000000000216e+01
1.581713266832695007e+09 -9.155999999999999694e-01 7.781199999999999761e+01
1.581713266931643009e+09 -9.155999999999999694e-01 7.781199999999999761e+01
1.581713267031557083e+09 -9.155999999999999694e-01 7.781300000000000239e+01
1.581713267131407022e+09 -9.155999999999999694e-01 7.781300000000000239e+01
1.581713267230638027e+09 -9.161000000000000254e-01 7.781399999999999295e+01
1.581713267330532074e+09 -9.159000000000000474e-01 7.781399999999999295e+01
1.581713267425013065e+09 -9.161000000000000254e-01 7.781399999999999295e+01
1.581713267524785995e+09 -9.164999999999999813e-01 7.781499999999999773e+01
1.581713267629571915e+09 -9.163999999999999924e-01 7.781499999999999773e+01
1.581713267724318027e+09 -9.164999999999999813e-01 7.781199999999999761e+01
1.581713267824040890e+09 -9.163000000000000034e-01 7.780700000000000216e+01
1.581713267942404985e+09 -9.162000000000000144e-01 7.780800000000000693e+01
1.581713268040222883e+09 -9.164999999999999813e-01 7.780800000000000693e+01
1.581713268140013933e+09 -9.165999999999999703e-01 7.780899999999999750e+01
1.581713268239762068e+09 -9.167999999999999483e-01 7.780800000000000693e+01
1.581713268339562893e+09 -9.169000000000000483e-01 7.780800000000000693e+01
1.581713268439287901e+09 -9.164999999999999813e-01 7.780800000000000693e+01
1.581713268539066076e+09 -9.171000000000000263e-01 7.781100000000000705e+01
1.581713268653561115e+09 -9.170000000000000373e-01 7.781199999999999761e+01
1.581713268753582001e+09 -9.170000000000000373e-01 7.781199999999999761e+01
1.581713268852515936e+09 -9.171000000000000263e-01 7.780899999999999750e+01
1.581713268952383995e+09 -9.170000000000000373e-01 7.780899999999999750e+01
1.581713269052779913e+09 -9.164999999999999813e-01 7.780899999999999750e+01
1.581713269151367903e+09 -9.164999999999999813e-01 7.780899999999999750e+01
1.581713269251550913e+09 -9.167999999999999483e-01 7.780700000000000216e+01
1.581713269350461960e+09 -9.167999999999999483e-01 7.780700000000000216e+01
1.581713269464366913e+09 -9.169000000000000483e-01 7.780700000000000216e+01
1.581713269564490080e+09 -9.163999999999999924e-01 7.780800000000000693e+01
1.581713269663464069e+09 -9.163000000000000034e-01 7.780700000000000216e+01
1.581713269763514996e+09 -9.163000000000000034e-01 7.780700000000000216e+01
1.581713269863631964e+09 -9.162000000000000144e-01 7.778600000000000136e+01
1.581713269962526083e+09 -9.164999999999999813e-01 7.778499999999999659e+01
1.581713270062417984e+09 -9.163000000000000034e-01 7.778499999999999659e+01
1.581713270162502050e+09 -9.157999999999999474e-01 7.778600000000000136e+01
1.581713270261598110e+09 -9.161000000000000254e-01 7.778300000000000125e+01
1.581713270361413002e+09 -9.162000000000000144e-01 7.778400000000000603e+01
1.581713270474431038e+09 -9.160000000000000364e-01 7.778400000000000603e+01
1.581713270574527025e+09 -9.162000000000000144e-01 7.778600000000000136e+01
1.581713270674340963e+09 -9.160000000000000364e-01 7.778499999999999659e+01
1.581713270773226023e+09 -9.163000000000000034e-01 7.778499999999999659e+01
1.581713270873272896e+09 -9.162000000000000144e-01 7.778700000000000614e+01
1.581713270972341061e+09 -9.162000000000000144e-01 7.778499999999999659e+01
1.581713271072257996e+09 -9.163000000000000034e-01 7.778499999999999659e+01
1.581713271172404051e+09 -9.162000000000000144e-01 7.778600000000000136e+01
1.581713271271116018e+09 -9.162000000000000144e-01 7.778400000000000603e+01
1.581713271382250071e+09 -9.163000000000000034e-01 7.778400000000000603e+01
1.581713271482059002e+09 -9.162000000000000144e-01 7.778400000000000603e+01
1.581713271581487894e+09 -9.163999999999999924e-01 7.778000000000000114e+01
1.581713271681556940e+09 -9.162000000000000144e-01 7.778199999999999648e+01
1.581713271781335115e+09 -9.161000000000000254e-01 7.778199999999999648e+01
1.581713271881067038e+09 -9.163000000000000034e-01 7.778700000000000614e+01
1.581713271980871916e+09 -9.165999999999999703e-01 7.778400000000000603e+01
1.581713272080686092e+09 -9.165999999999999703e-01 7.778199999999999648e+01
1.581713272196249962e+09 -9.163999999999999924e-01 7.778199999999999648e+01
1.581713272296297073e+09 -9.164999999999999813e-01 7.778300000000000125e+01
1.581713272395404100e+09 -9.161000000000000254e-01 7.780200000000000671e+01
1.581713272495193005e+09 -9.163999999999999924e-01 7.780200000000000671e+01
1.581713272592021942e+09 -9.162000000000000144e-01 7.780500000000000682e+01
1.581713272694214106e+09 -9.160000000000000364e-01 7.780100000000000193e+01
1.581713272789192915e+09 -9.163000000000000034e-01 7.780100000000000193e+01
1.581713272893192053e+09 -9.163000000000000034e-01 7.779999999999999716e+01
1.581713272993243933e+09 -9.163000000000000034e-01 7.780200000000000671e+01
1.581713273107153893e+09 -9.162000000000000144e-01 7.780299999999999727e+01
1.581713273206401110e+09 -9.163000000000000034e-01 7.780299999999999727e+01
1.581713273306189060e+09 -9.160000000000000364e-01 7.780200000000000671e+01
1.581713273404639006e+09 -9.162000000000000144e-01 7.781399999999999295e+01
1.581713273505183935e+09 -9.162000000000000144e-01 7.781399999999999295e+01
1.581713273605154037e+09 -9.161000000000000254e-01 7.782399999999999807e+01
1.581713273704070091e+09 -9.163000000000000034e-01 7.782099999999999795e+01
1.581713273804045916e+09 -9.162000000000000144e-01 7.780599999999999739e+01
1.581713273918001890e+09 -9.159000000000000474e-01 7.780599999999999739e+01
1.581713274017163038e+09 -9.162000000000000144e-01 7.781100000000000705e+01
1.581713274117171049e+09 -9.157999999999999474e-01 7.781799999999999784e+01
1.581713274217027903e+09 -9.152000000000000135e-01 7.781799999999999784e+01
1.581713274316092968e+09 -9.154999999999999805e-01 7.779800000000000182e+01
1.581713274411868095e+09 -9.155999999999999694e-01 7.778600000000000136e+01
1.581713274515063047e+09 -9.153999999999999915e-01 7.778600000000000136e+01
1.581713274611006021e+09 -9.153999999999999915e-01 7.778700000000000614e+01
1.581713274715141058e+09 -9.152000000000000135e-01 7.779099999999999682e+01
1.581713274829098940e+09 -9.155999999999999694e-01 7.779999999999999716e+01
1.581713274923901081e+09 -9.154999999999999805e-01 7.779999999999999716e+01
1.581713275023632050e+09 -9.157999999999999474e-01 7.780100000000000193e+01
1.581713275123455048e+09 -9.153000000000000025e-01 7.779600000000000648e+01
1.581713275223177910e+09 -9.155999999999999694e-01 7.779600000000000648e+01
1.581713275322927952e+09 -9.156999999999999584e-01 7.780200000000000671e+01
1.581713275422656059e+09 -9.154999999999999805e-01 7.779000000000000625e+01
1.581713275522468090e+09 -9.156999999999999584e-01 7.779000000000000625e+01
1.581713275621876001e+09 -9.154999999999999805e-01 7.778600000000000136e+01
1.581713275738164902e+09 -9.155999999999999694e-01 7.778400000000000603e+01
1.581713275838406086e+09 -9.153999999999999915e-01 7.779000000000000625e+01
1.581713275938131094e+09 -9.155999999999999694e-01 7.779000000000000625e+01
1.581713276037841082e+09 -9.154999999999999805e-01 7.779300000000000637e+01
1.581713276137042046e+09 -9.156999999999999584e-01 7.779500000000000171e+01
1.581713276236957073e+09 -9.155999999999999694e-01 7.779500000000000171e+01
1.581713276336982965e+09 -9.161000000000000254e-01 7.782200000000000273e+01
1.581713276435991049e+09 -9.157999999999999474e-01 7.782999999999999829e+01
1.581713276535926104e+09 -9.157999999999999474e-01 7.784099999999999397e+01
1.581713276649794102e+09 -9.161000000000000254e-01 7.784099999999999397e+01
1.581713276749072075e+09 -9.161000000000000254e-01 7.783599999999999852e+01
1.581713276848951101e+09 -9.160000000000000364e-01 7.783799999999999386e+01
1.581713276948923111e+09 -9.160000000000000364e-01 7.783799999999999386e+01
1.581713277047722101e+09 -9.161000000000000254e-01 7.784199999999999875e+01
1.581713277147994041e+09 -9.157999999999999474e-01 7.784099999999999397e+01
1.581713277246881962e+09 -9.157999999999999474e-01 7.784099999999999397e+01
1.581713277346900940e+09 -9.159000000000000474e-01 7.782999999999999829e+01
1.581713277445776939e+09 -9.156999999999999584e-01 7.781900000000000261e+01
1.581713277545962095e+09 -9.160000000000000364e-01 7.781399999999999295e+01
1.581713277659852982e+09 -9.160000000000000364e-01 7.781399999999999295e+01
1.581713277756934881e+09 -9.160000000000000364e-01 7.782299999999999329e+01
1.581713277858818054e+09 -9.154999999999999805e-01 7.782699999999999818e+01
1.581713277958731890e+09 -9.156999999999999584e-01 7.782699999999999818e+01
1.581713278057728052e+09 -9.159000000000000474e-01 7.782899999999999352e+01
1.581713278157799006e+09 -9.155999999999999694e-01 7.782899999999999352e+01
1.581713278257704020e+09 -9.159000000000000474e-01 7.782899999999999352e+01
1.581713278356785059e+09 -9.157999999999999474e-01 7.782899999999999352e+01
1.581713278470624924e+09 -9.163000000000000034e-01 7.782800000000000296e+01
1.581713278570755959e+09 -9.160000000000000364e-01 7.782299999999999329e+01
1.581713278665036917e+09 -9.156999999999999584e-01 7.782299999999999329e+01
1.581713278769893885e+09 -9.160000000000000364e-01 7.782299999999999329e+01
1.581713278864516020e+09 -9.156999999999999584e-01 7.782399999999999807e+01
1.581713278964322090e+09 -9.160000000000000364e-01 7.782399999999999807e+01
1.581713279064099073e+09 -9.159000000000000474e-01 7.781999999999999318e+01
1.581713279163810015e+09 -9.161000000000000254e-01 7.781900000000000261e+01
1.581713279263535023e+09 -9.160000000000000364e-01 7.782099999999999795e+01
1.581713279363342047e+09 -9.157999999999999474e-01 7.782099999999999795e+01
1.581713279479882002e+09 -9.161000000000000254e-01 7.782299999999999329e+01
1.581713279579515934e+09 -9.161000000000000254e-01 7.782099999999999795e+01
1.581713279679270983e+09 -9.160000000000000364e-01 7.782099999999999795e+01
1.581713279778989077e+09 -9.156999999999999584e-01 7.782500000000000284e+01
1.581713279878823042e+09 -9.162000000000000144e-01 7.782599999999999341e+01
1.581713279978579044e+09 -9.157999999999999474e-01 7.782999999999999829e+01
1.581713280078330994e+09 -9.157999999999999474e-01 7.782999999999999829e+01
1.581713280177670956e+09 -9.159000000000000474e-01 7.782599999999999341e+01
1.581713280291754961e+09 -9.155999999999999694e-01 7.782899999999999352e+01
1.581713280391855001e+09 -9.156999999999999584e-01 7.782899999999999352e+01
1.581713280491621971e+09 -9.157999999999999474e-01 7.782699999999999818e+01
1.581713280590701103e+09 -9.160000000000000364e-01 7.780700000000000216e+01
1.581713280690824032e+09 -9.157999999999999474e-01 7.780700000000000216e+01
1.581713280789635897e+09 -9.154999999999999805e-01 7.780800000000000693e+01
1.581713280889585018e+09 -9.156999999999999584e-01 7.780599999999999739e+01
1.581713280988713980e+09 -9.157999999999999474e-01 7.780700000000000216e+01
1.581713281088479996e+09 -9.160000000000000364e-01 7.780700000000000216e+01
1.581713281188752890e+09 -9.160000000000000364e-01 7.781000000000000227e+01
1.581713281302695036e+09 -9.159000000000000474e-01 7.781499999999999773e+01
1.581713281401554108e+09 -9.163000000000000034e-01 7.781499999999999773e+01
1.581713281501540899e+09 -9.159000000000000474e-01 7.781300000000000239e+01
