# 
# Duration (in s): 30
# Pointing Position of the Horn: Calibrator paddle
# Angle pointing (from vertical): 90.00
# Calibrator used: YES
# Weather: very clear
# Units: microWatt
# Comments: pointing down callibration; liquid nitrogen
1.581713096334167004e+09 -8.872999999999999776e-01 7.779399999999999693e+01
1.581713096443067074e+09 -8.870999999999999996e-01 7.779399999999999693e+01
1.581713096542109966e+09 -8.870999999999999996e-01 7.780200000000000671e+01
1.581713096642268896e+09 -8.869000000000000217e-01 7.780299999999999727e+01
1.581713096742263079e+09 -8.871999999999999886e-01 7.780299999999999727e+01
1.581713096841044903e+09 -8.875999999999999446e-01 7.780100000000000193e+01
1.581713096941103935e+09 -8.871999999999999886e-01 7.780599999999999739e+01
1.581713097039910078e+09 -8.871999999999999886e-01 7.780599999999999739e+01
1.581713097140134096e+09 -8.872999999999999776e-01 7.780899999999999750e+01
1.581713097239128113e+09 -8.870000000000000107e-01 7.781399999999999295e+01
1.581713097339162111e+09 -8.870000000000000107e-01 7.781100000000000705e+01
1.581713097448405027e+09 -8.868000000000000327e-01 7.781100000000000705e+01
1.581713097552994013e+09 -8.870999999999999996e-01 7.781100000000000705e+01
1.581713097647308111e+09 -8.868000000000000327e-01 7.779500000000000171e+01
1.581713097752120972e+09 -8.868000000000000327e-01 7.779500000000000171e+01
1.581713097852022886e+09 -8.867000000000000437e-01 7.779300000000000637e+01
1.581713097951073885e+09 -8.870999999999999996e-01 7.778799999999999670e+01
1.581713098050880909e+09 -8.870000000000000107e-01 7.778799999999999670e+01
1.581713098149796963e+09 -8.870999999999999996e-01 7.778900000000000148e+01
1.581713098249830961e+09 -8.871999999999999886e-01 7.779099999999999682e+01
1.581713098359679937e+09 -8.870999999999999996e-01 7.779600000000000648e+01
1.581713098458657026e+09 -8.871999999999999886e-01 7.779600000000000648e+01
1.581713098558918953e+09 -8.871999999999999886e-01 7.779399999999999693e+01
1.581713098658993959e+09 -8.870000000000000107e-01 7.779500000000000171e+01
1.581713098758791924e+09 -8.873999999999999666e-01 7.779500000000000171e+01
1.581713098858513117e+09 -8.873999999999999666e-01 7.779300000000000637e+01
1.581713098958309889e+09 -8.871999999999999886e-01 7.779699999999999704e+01
1.581713099058063984e+09 -8.872999999999999776e-01 7.780100000000000193e+01
1.581713099157866955e+09 -8.871999999999999886e-01 7.780100000000000193e+01
1.581713099273962021e+09 -8.874999999999999556e-01 7.780200000000000671e+01
1.581713099373923063e+09 -8.870999999999999996e-01 7.780599999999999739e+01
1.581713099473778009e+09 -8.871999999999999886e-01 7.780599999999999739e+01
1.581713099572990894e+09 -8.870999999999999996e-01 7.780700000000000216e+01
1.581713099672786951e+09 -8.869000000000000217e-01 7.780899999999999750e+01
1.581713099771934986e+09 -8.870999999999999996e-01 7.780899999999999750e+01
1.581713099871751070e+09 -8.870000000000000107e-01 7.780800000000000693e+01
1.581713099966543913e+09 -8.869000000000000217e-01 7.780500000000000682e+01
1.581713100070807934e+09 -8.868000000000000327e-01 7.780400000000000205e+01
1.581713100170906067e+09 -8.863999999999999657e-01 7.780400000000000205e+01
1.581713100285044909e+09 -8.867000000000000437e-01 7.778199999999999648e+01
1.581713100383786917e+09 -8.864999999999999547e-01 7.780299999999999727e+01
1.581713100483761072e+09 -8.863999999999999657e-01 7.780299999999999727e+01
1.581713100583043098e+09 -8.869000000000000217e-01 7.780299999999999727e+01
1.581713100682775021e+09 -8.867000000000000437e-01 7.780700000000000216e+01
1.581713100782857895e+09 -8.868000000000000327e-01 7.780500000000000682e+01
1.581713100881948948e+09 -8.864999999999999547e-01 7.780500000000000682e+01
1.581713100981671095e+09 -8.860999999999999988e-01 7.780599999999999739e+01
1.581713101080754042e+09 -8.863999999999999657e-01 7.780299999999999727e+01
1.581713101180860996e+09 -8.854999999999999538e-01 7.780299999999999727e+01
1.581713101294935942e+09 -8.847000000000000419e-01 7.780500000000000682e+01
1.581713101393912077e+09 -8.850000000000000089e-01 7.780700000000000216e+01
1.581713101493776083e+09 -8.853999999999999648e-01 7.780700000000000216e+01
1.581713101593770981e+09 -8.858000000000000318e-01 7.780500000000000682e+01
1.581713101692801952e+09 -8.860000000000000098e-01 7.780700000000000216e+01
1.581713101792979956e+09 -8.857000000000000428e-01 7.780800000000000693e+01
1.581713101892888069e+09 -8.860999999999999988e-01 7.780800000000000693e+01
1.581713101991646051e+09 -8.868000000000000327e-01 7.780700000000000216e+01
1.581713102105828047e+09 -8.867000000000000437e-01 7.780899999999999750e+01
1.581713102200599909e+09 -8.863999999999999657e-01 7.780899999999999750e+01
1.581713102300362110e+09 -8.862999999999999767e-01 7.780299999999999727e+01
1.581713102400136948e+09 -8.867000000000000437e-01 7.780200000000000671e+01
1.581713102499876022e+09 -8.864999999999999547e-01 7.780400000000000205e+01
1.581713102599658966e+09 -8.867000000000000437e-01 7.780400000000000205e+01
1.581713102699424982e+09 -8.863999999999999657e-01 7.779900000000000659e+01
1.581713102799210072e+09 -8.867000000000000437e-01 7.779900000000000659e+01
1.581713102898955107e+09 -8.867000000000000437e-01 7.779900000000000659e+01
1.581713102998716116e+09 -8.863999999999999657e-01 7.780100000000000193e+01
1.581713103115104914e+09 -8.861999999999999877e-01 7.780400000000000205e+01
1.581713103214874983e+09 -8.864999999999999547e-01 7.780400000000000205e+01
1.581713103314867020e+09 -8.868000000000000327e-01 7.780700000000000216e+01
1.581713103414407015e+09 -8.864999999999999547e-01 7.780700000000000216e+01
1.581713103513844967e+09 -8.868000000000000327e-01 7.780400000000000205e+01
1.581713103613651991e+09 -8.867000000000000437e-01 7.780400000000000205e+01
1.581713103713521957e+09 -8.866000000000000547e-01 7.780500000000000682e+01
1.581713103812764883e+09 -8.867000000000000437e-01 7.780500000000000682e+01
1.581713103912627935e+09 -8.867000000000000437e-01 7.780500000000000682e+01
1.581713104011667013e+09 -8.870000000000000107e-01 7.780299999999999727e+01
1.581713104125670910e+09 -8.869000000000000217e-01 7.781900000000000261e+01
1.581713104225775003e+09 -8.870999999999999996e-01 7.781999999999999318e+01
1.581713104325675011e+09 -8.869000000000000217e-01 7.781999999999999318e+01
1.581713104424554110e+09 -8.870999999999999996e-01 7.781699999999999307e+01
1.581713104524610043e+09 -8.863999999999999657e-01 7.781999999999999318e+01
1.581713104623495102e+09 -8.859000000000000208e-01 7.781999999999999318e+01
1.581713104723504066e+09 -8.860999999999999988e-01 7.782200000000000273e+01
1.581713104823462009e+09 -8.856000000000000538e-01 7.782299999999999329e+01
1.581713104922586918e+09 -8.860999999999999988e-01 7.782299999999999329e+01
1.581713105022453070e+09 -8.860000000000000098e-01 7.782399999999999807e+01
1.581713105136488914e+09 -8.859000000000000208e-01 7.782099999999999795e+01
1.581713105235419989e+09 -8.860999999999999988e-01 7.781600000000000250e+01
1.581713105335366964e+09 -8.860000000000000098e-01 7.781600000000000250e+01
1.581713105434372902e+09 -8.860000000000000098e-01 7.781799999999999784e+01
1.581713105534460068e+09 -8.862999999999999767e-01 7.781499999999999773e+01
1.581713105634516001e+09 -8.860000000000000098e-01 7.781499999999999773e+01
1.581713105733375072e+09 -8.862999999999999767e-01 7.781900000000000261e+01
1.581713105833448887e+09 -8.863999999999999657e-01 7.781799999999999784e+01
1.581713105932456017e+09 -8.860000000000000098e-01 7.781799999999999784e+01
1.581713106041491032e+09 -8.859000000000000208e-01 7.781799999999999784e+01
1.581713106146368027e+09 -8.863999999999999657e-01 7.781600000000000250e+01
1.581713106245450974e+09 -8.862999999999999767e-01 7.781699999999999307e+01
1.581713106340774059e+09 -8.860999999999999988e-01 7.781699999999999307e+01
1.581713106440553904e+09 -8.860999999999999988e-01 7.781999999999999318e+01
1.581713106540329933e+09 -8.859000000000000208e-01 7.782299999999999329e+01
1.581713106643441916e+09 -8.863999999999999657e-01 7.782299999999999329e+01
1.581713106739830971e+09 -8.863999999999999657e-01 7.782200000000000273e+01
1.581713106839591980e+09 -8.868000000000000327e-01 7.782099999999999795e+01
1.581713106955998898e+09 -8.864999999999999547e-01 7.781699999999999307e+01
1.581713107056534052e+09 -8.866000000000000547e-01 7.781699999999999307e+01
1.581713107155530930e+09 -8.867000000000000437e-01 7.781799999999999784e+01
1.581713107255311012e+09 -8.864999999999999547e-01 7.781199999999999761e+01
1.581713107355078936e+09 -8.868000000000000327e-01 7.781199999999999761e+01
1.581713107455271006e+09 -8.870000000000000107e-01 7.781399999999999295e+01
1.581713107554485083e+09 -8.867000000000000437e-01 7.781799999999999784e+01
1.581713107654331923e+09 -8.870000000000000107e-01 7.781799999999999784e+01
1.581713107754102945e+09 -8.869000000000000217e-01 7.781799999999999784e+01
1.581713107853266954e+09 -8.869000000000000217e-01 7.781900000000000261e+01
1.581713107967236042e+09 -8.871999999999999886e-01 7.781600000000000250e+01
1.581713108067388058e+09 -8.870000000000000107e-01 7.781600000000000250e+01
1.581713108166280031e+09 -8.870000000000000107e-01 7.781199999999999761e+01
1.581713108266453028e+09 -8.873999999999999666e-01 7.780599999999999739e+01
1.581713108366187096e+09 -8.872999999999999776e-01 7.780599999999999739e+01
1.581713108465234041e+09 -8.872999999999999776e-01 7.779500000000000171e+01
1.581713108565138102e+09 -8.873999999999999666e-01 7.779500000000000171e+01
1.581713108664258003e+09 -8.868000000000000327e-01 7.779600000000000648e+01
1.581713108764420986e+09 -8.868000000000000327e-01 7.779600000000000648e+01
1.581713108863121033e+09 -8.864999999999999547e-01 7.779500000000000171e+01
1.581713108977159977e+09 -8.860000000000000098e-01 7.779600000000000648e+01
1.581713109077276945e+09 -8.863999999999999657e-01 7.779600000000000648e+01
1.581713109177187920e+09 -8.867000000000000437e-01 7.779699999999999704e+01
1.581713109276159048e+09 -8.868000000000000327e-01 7.779800000000000182e+01
1.581713109370851040e+09 -8.869000000000000217e-01 7.779800000000000182e+01
1.581713109475222111e+09 -8.879000000000000226e-01 7.779900000000000659e+01
1.581713109575088978e+09 -8.874999999999999556e-01 7.779800000000000182e+01
1.581713109675226927e+09 -8.878000000000000336e-01 7.779699999999999704e+01
1.581713109774059057e+09 -8.872999999999999776e-01 7.779699999999999704e+01
1.581713109888075113e+09 -8.875999999999999446e-01 7.779999999999999716e+01
1.581713109988224983e+09 -8.880000000000000115e-01 7.779699999999999704e+01
1.581713110087129116e+09 -8.881000000000000005e-01 7.779699999999999704e+01
1.581713110187082052e+09 -8.879000000000000226e-01 7.778100000000000591e+01
1.581713110281420946e+09 -8.882999999999999785e-01 7.780100000000000193e+01
1.581713110381184101e+09 -8.885999999999999455e-01 7.780400000000000205e+01
1.581713110486177921e+09 -8.891999999999999904e-01 7.780400000000000205e+01
1.581713110580707073e+09 -8.885999999999999455e-01 7.780800000000000693e+01
1.581713110680475950e+09 -8.878000000000000336e-01 7.780200000000000671e+01
1.581713110799127102e+09 -8.880000000000000115e-01 7.780200000000000671e+01
1.581713110896629095e+09 -8.880000000000000115e-01 7.780400000000000205e+01
1.581713110996416092e+09 -8.883999999999999675e-01 7.780400000000000205e+01
1.581713111096173048e+09 -8.885999999999999455e-01 7.780400000000000205e+01
1.581713111195930004e+09 -8.888000000000000345e-01 7.777800000000000580e+01
1.581713111295692921e+09 -8.885999999999999455e-01 7.780200000000000671e+01
1.581713111395467997e+09 -8.884999999999999565e-01 7.780299999999999727e+01
1.581713111495213985e+09 -8.871999999999999886e-01 7.780299999999999727e+01
1.581713111594974995e+09 -8.853999999999999648e-01 7.780299999999999727e+01
1.581713111694742918e+09 -8.870999999999999996e-01 7.780200000000000671e+01
1.581713111808882952e+09 -8.894999999999999574e-01 7.780200000000000671e+01
1.581713111908134937e+09 -8.895999999999999464e-01 7.780100000000000193e+01
1.581713112007920027e+09 -8.893999999999999684e-01 7.779900000000000659e+01
1.581713112107916117e+09 -8.895999999999999464e-01 7.779999999999999716e+01
1.581713112207039118e+09 -8.891999999999999904e-01 7.779999999999999716e+01
1.581713112307065964e+09 -8.889000000000000234e-01 7.780800000000000693e+01
1.581713112405848980e+09 -8.887000000000000455e-01 7.780800000000000693e+01
1.581713112505887032e+09 -8.882999999999999785e-01 7.780800000000000693e+01
1.581713112604861975e+09 -8.882999999999999785e-01 7.780100000000000193e+01
1.581713112704941988e+09 -8.888000000000000345e-01 7.779900000000000659e+01
1.581713112818999052e+09 -8.891000000000000014e-01 7.779900000000000659e+01
1.581713112918879032e+09 -8.889000000000000234e-01 7.779800000000000182e+01
1.581713113017967939e+09 -8.885999999999999455e-01 7.779200000000000159e+01
1.581713113117760897e+09 -8.891999999999999904e-01 7.779200000000000159e+01
1.581713113217669964e+09 -8.881999999999999895e-01 7.779200000000000159e+01
1.581713113316842079e+09 -8.885999999999999455e-01 7.776999999999999602e+01
1.581713113416685104e+09 -8.890000000000000124e-01 7.776600000000000534e+01
1.581713113513813019e+09 -8.892999999999999794e-01 7.776600000000000534e+01
1.581713113613430977e+09 -8.889000000000000234e-01 7.779099999999999682e+01
1.581713113729882956e+09 -8.878000000000000336e-01 7.778700000000000614e+01
1.581713113828772068e+09 -8.884999999999999565e-01 7.779200000000000159e+01
1.581713113928752899e+09 -8.882999999999999785e-01 7.779200000000000159e+01
1.581713114028861046e+09 -8.883999999999999675e-01 7.779999999999999716e+01
1.581713114127866983e+09 -8.885999999999999455e-01 7.779099999999999682e+01
1.581713114227715969e+09 -8.885999999999999455e-01 7.779099999999999682e+01
1.581713114321861982e+09 -8.884999999999999565e-01 7.777800000000000580e+01
1.581713114426651955e+09 -8.884999999999999565e-01 7.777200000000000557e+01
1.581713114526839018e+09 -8.881000000000000005e-01 7.778799999999999670e+01
1.581713114637739897e+09 -8.885999999999999455e-01 7.778799999999999670e+01
1.581713114737514973e+09 -8.887000000000000455e-01 7.779500000000000171e+01
1.581713114837269068e+09 -8.882999999999999785e-01 7.779800000000000182e+01
1.581713114937056065e+09 -8.882999999999999785e-01 7.779800000000000182e+01
1.581713115036801100e+09 -8.883999999999999675e-01 7.781000000000000227e+01
1.581713115136571884e+09 -8.887000000000000455e-01 7.781999999999999318e+01
1.581713115236330986e+09 -8.885999999999999455e-01 7.781999999999999318e+01
1.581713115336142063e+09 -8.878000000000000336e-01 7.779000000000000625e+01
1.581713115435849905e+09 -8.879000000000000226e-01 7.779600000000000648e+01
1.581713115535655022e+09 -8.884999999999999565e-01 7.780299999999999727e+01
1.581713115650681019e+09 -8.872999999999999776e-01 7.780299999999999727e+01
1.581713115749727011e+09 -8.848000000000000309e-01 7.780400000000000205e+01
1.581713115849780083e+09 -8.873999999999999666e-01 7.778799999999999670e+01
1.581713115948659897e+09 -8.872999999999999776e-01 7.778799999999999670e+01
1.581713116048640966e+09 -8.491999999999999549e-01 7.780500000000000682e+01
1.581713116148518085e+09 -8.830999999999999961e-01 7.779900000000000659e+01
1.581713116247622013e+09 -8.730999999999999872e-01 7.779900000000000659e+01
1.581713116347651005e+09 -8.846000000000000529e-01 7.780400000000000205e+01
1.581713116446459055e+09 -8.841999999999999860e-01 7.781300000000000239e+01
1.581713116546751976e+09 -8.863999999999999657e-01 7.781100000000000705e+01
1.581713116660754919e+09 -8.869000000000000217e-01 7.781100000000000705e+01
1.581713116759445906e+09 -8.861999999999999877e-01 7.781699999999999307e+01
1.581713116859466076e+09 -8.871999999999999886e-01 7.782699999999999818e+01
1.581713116959515095e+09 -8.874999999999999556e-01 7.782699999999999818e+01
1.581713117058649063e+09 -8.878000000000000336e-01 7.782800000000000296e+01
1.581713117158407927e+09 -8.877000000000000446e-01 7.782299999999999329e+01
1.581713117257580996e+09 -8.881000000000000005e-01 7.782399999999999807e+01
1.581713117357511044e+09 -8.883999999999999675e-01 7.782399999999999807e+01
1.581713117456557035e+09 -8.875999999999999446e-01 7.781699999999999307e+01
1.581713117570626020e+09 -8.877000000000000446e-01 7.781699999999999307e+01
1.581713117670442104e+09 -8.879000000000000226e-01 7.781699999999999307e+01
1.581713117770363092e+09 -8.883999999999999675e-01 7.781699999999999307e+01
1.581713117869515896e+09 -8.882999999999999785e-01 7.781100000000000705e+01
1.581713117969590902e+09 -8.887000000000000455e-01 7.781100000000000705e+01
1.581713118068439007e+09 -8.881000000000000005e-01 7.780899999999999750e+01
1.581713118168318033e+09 -8.880000000000000115e-01 7.781100000000000705e+01
1.581713118268389940e+09 -8.879000000000000226e-01 7.781100000000000705e+01
1.581713118367378950e+09 -8.883999999999999675e-01 7.781100000000000705e+01
1.581713118478616953e+09 -8.884999999999999565e-01 7.781100000000000705e+01
1.581713118578386068e+09 -8.883999999999999675e-01 7.781300000000000239e+01
1.581713118680386066e+09 -8.885999999999999455e-01 7.781300000000000239e+01
1.581713118777916908e+09 -8.885999999999999455e-01 7.781300000000000239e+01
1.581713118877696037e+09 -8.887000000000000455e-01 7.781000000000000227e+01
1.581713118977447033e+09 -8.889000000000000234e-01 7.781000000000000227e+01
1.581713119077234030e+09 -8.884999999999999565e-01 7.781000000000000227e+01
1.581713119176975012e+09 -8.884999999999999565e-01 7.779399999999999693e+01
1.581713119276757002e+09 -8.884999999999999565e-01 7.779300000000000637e+01
1.581713119376506090e+09 -8.887000000000000455e-01 7.779300000000000637e+01
1.581713119491455078e+09 -8.881000000000000005e-01 7.779099999999999682e+01
1.581713119591320992e+09 -8.880000000000000115e-01 7.779099999999999682e+01
1.581713119691432953e+09 -8.873999999999999666e-01 7.779099999999999682e+01
1.581713119790513039e+09 -8.852999999999999758e-01 7.779500000000000171e+01
1.581713119890507936e+09 -8.863999999999999657e-01 7.779500000000000171e+01
1.581713119989463091e+09 -8.861999999999999877e-01 7.779900000000000659e+01
1.581713120089339018e+09 -8.862999999999999767e-01 7.779900000000000659e+01
1.581713120189296007e+09 -8.863999999999999657e-01 7.780200000000000671e+01
1.581713120288305044e+09 -8.867000000000000437e-01 7.779500000000000171e+01
1.581713120388261080e+09 -8.870999999999999996e-01 7.779500000000000171e+01
1.581713120502185106e+09 -8.871999999999999886e-01 7.779900000000000659e+01
1.581713120601238012e+09 -8.869000000000000217e-01 7.779900000000000659e+01
1.581713120701236010e+09 -8.875999999999999446e-01 7.779900000000000659e+01
1.581713120800271034e+09 -8.879000000000000226e-01 7.779900000000000659e+01
1.581713120900271893e+09 -8.881000000000000005e-01 7.779800000000000182e+01
1.581713121000195980e+09 -8.884999999999999565e-01 7.779900000000000659e+01
1.581713121099359035e+09 -8.889000000000000234e-01 7.779900000000000659e+01
1.581713121199071884e+09 -8.883999999999999675e-01 7.779600000000000648e+01
1.581713121313200951e+09 -8.884999999999999565e-01 7.779399999999999693e+01
1.581713121412193060e+09 -8.884999999999999565e-01 7.779399999999999693e+01
1.581713121512053967e+09 -8.888000000000000345e-01 7.780200000000000671e+01
1.581713121610630035e+09 -8.888000000000000345e-01 7.780100000000000193e+01
1.581713121711118937e+09 -8.887000000000000455e-01 7.780299999999999727e+01
1.581713121811049938e+09 -8.887000000000000455e-01 7.780299999999999727e+01
1.581713121910202026e+09 -8.889000000000000234e-01 7.779999999999999716e+01
1.581713122010142088e+09 -8.888000000000000345e-01 7.780100000000000193e+01
1.581713122109110117e+09 -8.889000000000000234e-01 7.780100000000000193e+01
1.581713122209091902e+09 -8.885999999999999455e-01 7.779200000000000159e+01
1.581713122319528103e+09 -8.888000000000000345e-01 7.779000000000000625e+01
1.581713122419290066e+09 -8.888000000000000345e-01 7.779099999999999682e+01
1.581713122519047022e+09 -8.890000000000000124e-01 7.779099999999999682e+01
1.581713122618805885e+09 -8.891000000000000014e-01 7.779200000000000159e+01
1.581713122718585014e+09 -8.893999999999999684e-01 7.779300000000000637e+01
1.581713122818350077e+09 -8.892999999999999794e-01 7.779300000000000637e+01
1.581713122918123007e+09 -8.891999999999999904e-01 7.779399999999999693e+01
1.581713123017853975e+09 -8.888000000000000345e-01 7.779500000000000171e+01
1.581713123117650986e+09 -8.890000000000000124e-01 7.779500000000000171e+01
1.581713123217403889e+09 -8.895999999999999464e-01 7.779600000000000648e+01
1.581713123333076000e+09 -8.897000000000000464e-01 7.779800000000000182e+01
1.581713123433027983e+09 -8.895999999999999464e-01 7.780299999999999727e+01
1.581713123532131910e+09 -8.897000000000000464e-01 7.780299999999999727e+01
1.581713123632257938e+09 -8.894999999999999574e-01 7.780200000000000671e+01
1.581713123732084036e+09 -8.891999999999999904e-01 7.779999999999999716e+01
1.581713123831039906e+09 -8.891000000000000014e-01 7.779999999999999716e+01
1.581713123931086063e+09 -8.892999999999999794e-01 7.779900000000000659e+01
1.581713124029962063e+09 -8.893999999999999684e-01 7.780700000000000216e+01
1.581713124130091906e+09 -8.891999999999999904e-01 7.780700000000000216e+01
1.581713124230187893e+09 -8.891999999999999904e-01 7.779699999999999704e+01
1.581713124342871904e+09 -8.894999999999999574e-01 7.779800000000000182e+01
1.581713124442878962e+09 -8.890000000000000124e-01 7.779900000000000659e+01
1.581713124542823076e+09 -8.890000000000000124e-01 7.779900000000000659e+01
1.581713124642031908e+09 -8.889000000000000234e-01 7.779600000000000648e+01
1.581713124741885900e+09 -8.893999999999999684e-01 7.780700000000000216e+01
1.581713124840887070e+09 -8.891000000000000014e-01 7.780700000000000216e+01
1.581713124940793037e+09 -8.891999999999999904e-01 7.779800000000000182e+01
1.581713125040893078e+09 -8.892999999999999794e-01 7.779999999999999716e+01
1.581713125139990091e+09 -8.875999999999999446e-01 7.781300000000000239e+01
1.581713125253957033e+09 -8.889000000000000234e-01 7.781300000000000239e+01
1.581713125353818893e+09 -8.888000000000000345e-01 7.780100000000000193e+01
1.581713125452841997e+09 -8.889000000000000234e-01 7.781100000000000705e+01
1.581713125552722931e+09 -8.888000000000000345e-01 7.781100000000000705e+01
1.581713125651871920e+09 -8.887000000000000455e-01 7.781600000000000250e+01
1.581713125751910925e+09 -8.888000000000000345e-01 7.781100000000000705e+01
1.581713125851771116e+09 -8.889000000000000234e-01 7.781100000000000705e+01
1.581713125950885057e+09 -8.889000000000000234e-01 7.781499999999999773e+01
1.581713126050864935e+09 -8.891999999999999904e-01 7.782699999999999818e+01
1.581713126160398960e+09 -8.891999999999999904e-01 7.782599999999999341e+01
1.581713126260174990e+09 -8.891999999999999904e-01 7.782599999999999341e+01
