# 
# Duration (in s): 30
# Pointing Position of the Horn: Calibrator paddle
# Angle pointing (from vertical): 85.35
# Calibrator used: YES
# Weather: very clear
# Units: microWatt
# Comments: pointing at sky (tenth of microwatt)
1.581708688729047060e+09 -6.085000000000000409e-01 2.726700000000000159e+02
1.581708688819508076e+09 -6.085000000000000409e-01 2.726700000000000159e+02
1.581708688919147015e+09 -6.085000000000000409e-01 2.726700000000000159e+02
1.581708689032984972e+09 -6.087000000000000188e-01 2.726700000000000159e+02
1.581708689132025957e+09 -6.085000000000000409e-01 2.726700000000000159e+02
1.581708689230397940e+09 -6.086000000000000298e-01 2.726700000000000159e+02
1.581708689326575041e+09 -6.086000000000000298e-01 2.726800000000000068e+02
1.581708689431142092e+09 -6.088999999999999968e-01 2.726800000000000068e+02
1.581708689526010036e+09 -6.087000000000000188e-01 2.726800000000000068e+02
1.581708689625885010e+09 -6.087000000000000188e-01 2.726800000000000068e+02
1.581708689725639105e+09 -6.087000000000000188e-01 2.726800000000000068e+02
1.581708689828974962e+09 -6.087000000000000188e-01 2.726800000000000068e+02
1.581708689941796064e+09 -6.086000000000000298e-01 2.726800000000000068e+02
1.581708690041555882e+09 -6.085000000000000409e-01 2.726800000000000068e+02
1.581708690141295910e+09 -6.086000000000000298e-01 2.726800000000000068e+02
1.581708690241966963e+09 -6.086000000000000298e-01 2.726800000000000068e+02
1.581708690340822935e+09 -6.085000000000000409e-01 2.726800000000000068e+02
1.581708690440592051e+09 -6.084000000000000519e-01 2.726800000000000068e+02
1.581708690540337086e+09 -6.085000000000000409e-01 2.726800000000000068e+02
1.581708690639905930e+09 -6.084000000000000519e-01 2.726800000000000068e+02
1.581708690754053116e+09 -6.084000000000000519e-01 2.726899999999999977e+02
1.581708690853871107e+09 -6.084000000000000519e-01 2.726899999999999977e+02
1.581708690952821016e+09 -6.085000000000000409e-01 2.726800000000000068e+02
1.581708691052892923e+09 -6.085000000000000409e-01 2.726800000000000068e+02
1.581708691152769089e+09 -6.087000000000000188e-01 2.726800000000000068e+02
1.581708691251874924e+09 -6.086000000000000298e-01 2.726899999999999977e+02
1.581708691351661921e+09 -6.089999999999999858e-01 2.726899999999999977e+02
1.581708691450783968e+09 -6.087000000000000188e-01 2.726899999999999977e+02
1.581708691550405025e+09 -6.088000000000000078e-01 2.726899999999999977e+02
1.581708691664757967e+09 -6.089999999999999858e-01 2.726899999999999977e+02
1.581708691761121988e+09 -6.086000000000000298e-01 2.726899999999999977e+02
1.581708691863810062e+09 -6.087000000000000188e-01 2.726899999999999977e+02
1.581708691958983898e+09 -6.100999999999999757e-01 2.726899999999999977e+02
1.581708692060604095e+09 -6.085000000000000409e-01 2.726899999999999977e+02
1.581708692159883976e+09 -6.090999999999999748e-01 2.726899999999999977e+02
1.581708692261850119e+09 -6.088000000000000078e-01 2.726899999999999977e+02
1.581708692361821890e+09 -6.085000000000000409e-01 2.726899999999999977e+02
1.581708692475734949e+09 -6.084000000000000519e-01 2.726999999999999886e+02
1.581708692574664116e+09 -6.082999999999999519e-01 2.726999999999999886e+02
1.581708692674747944e+09 -6.087000000000000188e-01 2.726999999999999886e+02
1.581708692774729013e+09 -6.082999999999999519e-01 2.726999999999999886e+02
1.581708692873526096e+09 -6.082999999999999519e-01 2.726999999999999886e+02
1.581708692973661900e+09 -6.082999999999999519e-01 2.726999999999999886e+02
1.581708693072649002e+09 -6.084000000000000519e-01 2.726999999999999886e+02
1.581708693172631025e+09 -6.085000000000000409e-01 2.726999999999999886e+02
1.581708693272748947e+09 -6.082999999999999519e-01 2.726999999999999886e+02
1.581708693366373062e+09 -6.088000000000000078e-01 2.726999999999999886e+02
1.581708693481328964e+09 -6.086000000000000298e-01 2.726999999999999886e+02
1.581708693583149910e+09 -6.086000000000000298e-01 2.726999999999999886e+02
1.581708693682910919e+09 -6.086000000000000298e-01 2.727099999999999795e+02
1.581708693782665014e+09 -6.084000000000000519e-01 2.727099999999999795e+02
1.581708693882447958e+09 -6.086000000000000298e-01 2.727099999999999795e+02
1.581708693978674889e+09 -6.088000000000000078e-01 2.727099999999999795e+02
1.581708694081938982e+09 -6.087000000000000188e-01 2.727099999999999795e+02
1.581708694181663036e+09 -6.087000000000000188e-01 2.727099999999999795e+02
1.581708694296528101e+09 -6.085000000000000409e-01 2.727099999999999795e+02
1.581708694396511078e+09 -6.085000000000000409e-01 2.727099999999999795e+02
1.581708694495609045e+09 -6.085000000000000409e-01 2.727099999999999795e+02
1.581708694595762014e+09 -6.086000000000000298e-01 2.727099999999999795e+02
1.581708694691498041e+09 -6.087000000000000188e-01 2.727099999999999795e+02
1.581708694794599056e+09 -6.085000000000000409e-01 2.727099999999999795e+02
1.581708694894532919e+09 -6.082999999999999519e-01 2.727099999999999795e+02
1.581708694993647099e+09 -6.082999999999999519e-01 2.727200000000000273e+02
1.581708695093559980e+09 -6.084000000000000519e-01 2.727200000000000273e+02
1.581708695193649054e+09 -6.084000000000000519e-01 2.727200000000000273e+02
1.581708695306627035e+09 -6.084000000000000519e-01 2.727200000000000273e+02
1.581708695406389952e+09 -6.084000000000000519e-01 2.727200000000000273e+02
1.581708695506552935e+09 -6.084000000000000519e-01 2.727200000000000273e+02
1.581708695605667114e+09 -6.085000000000000409e-01 2.727200000000000273e+02
1.581708695705540895e+09 -6.082999999999999519e-01 2.727200000000000273e+02
1.581708695804538012e+09 -6.085000000000000409e-01 2.727200000000000273e+02
1.581708695904472113e+09 -6.087000000000000188e-01 2.727300000000000182e+02
1.581708696004523039e+09 -6.085000000000000409e-01 2.727300000000000182e+02
1.581708696103457928e+09 -6.087000000000000188e-01 2.727300000000000182e+02
1.581708696217592955e+09 -6.085000000000000409e-01 2.727300000000000182e+02
1.581708696317306042e+09 -6.088000000000000078e-01 2.727300000000000182e+02
1.581708696416461945e+09 -6.086000000000000298e-01 2.727300000000000182e+02
1.581708696516412973e+09 -6.087000000000000188e-01 2.727300000000000182e+02
1.581708696615596056e+09 -6.085000000000000409e-01 2.727300000000000182e+02
1.581708696715333939e+09 -6.085000000000000409e-01 2.727300000000000182e+02
1.581708696815460920e+09 -6.087000000000000188e-01 2.727300000000000182e+02
1.581708696914423943e+09 -6.085000000000000409e-01 2.727300000000000182e+02
1.581708697024962902e+09 -6.082999999999999519e-01 2.727300000000000182e+02
1.581708697124737024e+09 -6.087000000000000188e-01 2.727300000000000182e+02
1.581708697224494934e+09 -6.084000000000000519e-01 2.727400000000000091e+02
1.581708697324266911e+09 -6.082999999999999519e-01 2.727400000000000091e+02
1.581708697424021959e+09 -6.085000000000000409e-01 2.727400000000000091e+02
1.581708697523766994e+09 -6.084000000000000519e-01 2.727400000000000091e+02
1.581708697623544931e+09 -6.086000000000000298e-01 2.727400000000000091e+02
1.581708697723326921e+09 -6.085000000000000409e-01 2.727400000000000091e+02
1.581708697822981119e+09 -6.080999999999999739e-01 2.727400000000000091e+02
1.581708697921390057e+09 -6.084000000000000519e-01 2.727400000000000091e+02
1.581708698038244009e+09 -6.081999999999999629e-01 2.727400000000000091e+02
1.581708698138336897e+09 -6.085000000000000409e-01 2.727400000000000091e+02
1.581708698237463951e+09 -6.086000000000000298e-01 2.727400000000000091e+02
1.581708698337527037e+09 -6.085000000000000409e-01 2.727400000000000091e+02
1.581708698433357954e+09 -6.086000000000000298e-01 2.727400000000000091e+02
1.581708698532754898e+09 -6.085000000000000409e-01 2.727400000000000091e+02
1.581708698636404991e+09 -6.085000000000000409e-01 2.727500000000000000e+02
1.581708698735316038e+09 -6.086000000000000298e-01 2.727500000000000000e+02
1.581708698835436106e+09 -6.085000000000000409e-01 2.727500000000000000e+02
1.581708698945417881e+09 -6.088000000000000078e-01 2.727500000000000000e+02
1.581708699047815084e+09 -6.084000000000000519e-01 2.727500000000000000e+02
1.581708699148257017e+09 -6.087000000000000188e-01 2.727500000000000000e+02
1.581708699248198032e+09 -6.085000000000000409e-01 2.727500000000000000e+02
1.581708699347296000e+09 -6.084000000000000519e-01 2.727500000000000000e+02
1.581708699447163105e+09 -6.085000000000000409e-01 2.727500000000000000e+02
1.581708699547066927e+09 -6.085000000000000409e-01 2.727599999999999909e+02
1.581708699646322966e+09 -6.082999999999999519e-01 2.727500000000000000e+02
1.581708699746099949e+09 -6.085000000000000409e-01 2.727500000000000000e+02
1.581708699845299006e+09 -6.085000000000000409e-01 2.727599999999999909e+02
1.581708699959259987e+09 -6.082999999999999519e-01 2.727599999999999909e+02
1.581708700059135914e+09 -6.080999999999999739e-01 2.727599999999999909e+02
1.581708700158202887e+09 -6.084000000000000519e-01 2.727599999999999909e+02
1.581708700258090019e+09 -6.081999999999999629e-01 2.727599999999999909e+02
1.581708700358062983e+09 -6.084000000000000519e-01 2.727599999999999909e+02
1.581708700457137108e+09 -6.081999999999999629e-01 2.727599999999999909e+02
1.581708700556998968e+09 -6.085000000000000409e-01 2.727599999999999909e+02
1.581708700656047106e+09 -6.086000000000000298e-01 2.727599999999999909e+02
1.581708700766077995e+09 -6.085000000000000409e-01 2.727599999999999909e+02
1.581708700865848064e+09 -6.087000000000000188e-01 2.727699999999999818e+02
1.581708700965606928e+09 -6.085000000000000409e-01 2.727699999999999818e+02
1.581708701069047928e+09 -6.085000000000000409e-01 2.727699999999999818e+02
1.581708701165148020e+09 -6.084000000000000519e-01 2.727699999999999818e+02
1.581708701264883995e+09 -6.085000000000000409e-01 2.727699999999999818e+02
1.581708701364662886e+09 -6.086000000000000298e-01 2.727699999999999818e+02
1.581708701464426041e+09 -6.087000000000000188e-01 2.727699999999999818e+02
1.581708701564204931e+09 -6.085000000000000409e-01 2.727699999999999818e+02
1.581708701681070089e+09 -6.086000000000000298e-01 2.727699999999999818e+02
1.581708701780090094e+09 -6.085000000000000409e-01 2.727699999999999818e+02
1.581708701879940033e+09 -6.086000000000000298e-01 2.727699999999999818e+02
1.581708701979937077e+09 -6.082999999999999519e-01 2.727699999999999818e+02
1.581708702075896978e+09 -6.086000000000000298e-01 2.727799999999999727e+02
1.581708702179121971e+09 -6.085000000000000409e-01 2.727799999999999727e+02
1.581708702277996063e+09 -6.084000000000000519e-01 2.727799999999999727e+02
1.581708702378010988e+09 -6.082999999999999519e-01 2.727799999999999727e+02
1.581708702477978945e+09 -6.085000000000000409e-01 2.727799999999999727e+02
1.581708702587666035e+09 -6.082999999999999519e-01 2.727799999999999727e+02
1.581708702687809944e+09 -6.085000000000000409e-01 2.727799999999999727e+02
1.581708702790987015e+09 -6.080999999999999739e-01 2.727799999999999727e+02
1.581708702890006065e+09 -6.085000000000000409e-01 2.727799999999999727e+02
1.581708702990222931e+09 -6.087000000000000188e-01 2.727799999999999727e+02
1.581708703088915110e+09 -6.085000000000000409e-01 2.727799999999999727e+02
1.581708703188940048e+09 -6.086000000000000298e-01 2.727799999999999727e+02
1.581708703288822889e+09 -6.085000000000000409e-01 2.727799999999999727e+02
1.581708703387948990e+09 -6.087000000000000188e-01 2.727799999999999727e+02
1.581708703501915932e+09 -6.087000000000000188e-01 2.727799999999999727e+02
1.581708703601898909e+09 -6.088000000000000078e-01 2.727799999999999727e+02
1.581708703700881004e+09 -6.085000000000000409e-01 2.727799999999999727e+02
1.581708703800904036e+09 -6.085000000000000409e-01 2.727799999999999727e+02
1.581708703894979000e+09 -6.086000000000000298e-01 2.727799999999999727e+02
1.581708703995254040e+09 -6.086000000000000298e-01 2.727799999999999727e+02
1.581708704099893093e+09 -6.088000000000000078e-01 2.727799999999999727e+02
1.581708704198856115e+09 -6.086000000000000298e-01 2.727799999999999727e+02
1.581708704298775911e+09 -6.082999999999999519e-01 2.727799999999999727e+02
1.581708704412740946e+09 -6.084000000000000519e-01 2.727799999999999727e+02
1.581708704507097960e+09 -6.084000000000000519e-01 2.727799999999999727e+02
1.581708704611920118e+09 -6.086000000000000298e-01 2.727799999999999727e+02
1.581708704706743002e+09 -6.084000000000000519e-01 2.727799999999999727e+02
1.581708704806523085e+09 -6.084000000000000519e-01 2.727799999999999727e+02
1.581708704910955906e+09 -6.085000000000000409e-01 2.727799999999999727e+02
1.581708705006038904e+09 -6.085000000000000409e-01 2.727799999999999727e+02
1.581708705105833054e+09 -6.082999999999999519e-01 2.727799999999999727e+02
1.581708705205574989e+09 -6.084000000000000519e-01 2.727799999999999727e+02
1.581708705321958065e+09 -6.086000000000000298e-01 2.727799999999999727e+02
1.581708705421724081e+09 -6.085000000000000409e-01 2.727900000000000205e+02
1.581708705521457911e+09 -6.085000000000000409e-01 2.727900000000000205e+02
1.581708705621253014e+09 -6.085000000000000409e-01 2.727900000000000205e+02
1.581708705721014977e+09 -6.084000000000000519e-01 2.727900000000000205e+02
1.581708705821696997e+09 -6.085000000000000409e-01 2.727900000000000205e+02
1.581708705920546055e+09 -6.087000000000000188e-01 2.727900000000000205e+02
1.581708706020313025e+09 -6.084000000000000519e-01 2.727900000000000205e+02
1.581708706119821072e+09 -6.085000000000000409e-01 2.727900000000000205e+02
1.581708706219691038e+09 -6.084000000000000519e-01 2.727900000000000205e+02
1.581708706333805084e+09 -6.084000000000000519e-01 2.727900000000000205e+02
1.581708706432717085e+09 -6.087000000000000188e-01 2.727900000000000205e+02
1.581708706532404900e+09 -6.085000000000000409e-01 2.727900000000000205e+02
1.581708706631377935e+09 -6.085000000000000409e-01 2.727900000000000205e+02
1.581708706728220940e+09 -6.084000000000000519e-01 2.727900000000000205e+02
1.581708706827967882e+09 -6.082999999999999519e-01 2.727900000000000205e+02
1.581708706930754900e+09 -6.085000000000000409e-01 2.727900000000000205e+02
1.581708707030713081e+09 -6.082999999999999519e-01 2.727900000000000205e+02
1.581708707139101982e+09 -6.088999999999999968e-01 2.727900000000000205e+02
1.581708707242132902e+09 -6.080999999999999739e-01 2.727900000000000205e+02
1.581708707339376926e+09 -6.068999999999999950e-01 2.727900000000000205e+02
1.581708707440481901e+09 -6.076000000000000290e-01 2.727900000000000205e+02
1.581708707537604094e+09 -6.081999999999999629e-01 2.727900000000000205e+02
1.581708707642426968e+09 -6.085000000000000409e-01 2.727900000000000205e+02
1.581708707741517067e+09 -6.085000000000000409e-01 2.727900000000000205e+02
1.581708707841538906e+09 -6.086000000000000298e-01 2.727900000000000205e+02
1.581708707940615892e+09 -6.085000000000000409e-01 2.727900000000000205e+02
1.581708708035348892e+09 -6.087000000000000188e-01 2.727900000000000205e+02
1.581708708154525995e+09 -6.086000000000000298e-01 2.727900000000000205e+02
1.581708708248404026e+09 -6.085000000000000409e-01 2.727900000000000205e+02
1.581708708353569031e+09 -6.087000000000000188e-01 2.727900000000000205e+02
1.581708708453624964e+09 -6.086000000000000298e-01 2.727900000000000205e+02
1.581708708547610044e+09 -6.087000000000000188e-01 2.728000000000000114e+02
1.581708708652431011e+09 -6.086000000000000298e-01 2.728000000000000114e+02
1.581708708747127056e+09 -6.086000000000000298e-01 2.727900000000000205e+02
1.581708708849524021e+09 -6.085000000000000409e-01 2.727900000000000205e+02
1.581708708963277102e+09 -6.086000000000000298e-01 2.728000000000000114e+02
1.581708709063118935e+09 -6.082999999999999519e-01 2.728000000000000114e+02
1.581708709162826061e+09 -6.086000000000000298e-01 2.728000000000000114e+02
1.581708709262582064e+09 -6.082999999999999519e-01 2.728000000000000114e+02
1.581708709358361006e+09 -6.084000000000000519e-01 2.728000000000000114e+02
1.581708709462095022e+09 -6.084000000000000519e-01 2.728000000000000114e+02
1.581708709561877012e+09 -6.082999999999999519e-01 2.728000000000000114e+02
1.581708709661639929e+09 -6.084000000000000519e-01 2.728000000000000114e+02
1.581708709761400938e+09 -6.082999999999999519e-01 2.728000000000000114e+02
1.581708709857278109e+09 -6.084000000000000519e-01 2.728000000000000114e+02
1.581708709975308895e+09 -6.082999999999999519e-01 2.728000000000000114e+02
1.581708710075406075e+09 -6.082999999999999519e-01 2.728000000000000114e+02
1.581708710174335003e+09 -6.084000000000000519e-01 2.728000000000000114e+02
1.581708710274378061e+09 -6.085000000000000409e-01 2.728000000000000114e+02
1.581708710374306917e+09 -6.084000000000000519e-01 2.728000000000000114e+02
1.581708710473411083e+09 -6.084000000000000519e-01 2.728000000000000114e+02
1.581708710573359013e+09 -6.086000000000000298e-01 2.728100000000000023e+02
1.581708710672271967e+09 -6.087000000000000188e-01 2.728000000000000114e+02
1.581708710772387981e+09 -6.086000000000000298e-01 2.728000000000000114e+02
1.581708710886315107e+09 -6.086000000000000298e-01 2.728100000000000023e+02
1.581708710985313892e+09 -6.081999999999999629e-01 2.728100000000000023e+02
1.581708711085237980e+09 -6.086000000000000298e-01 2.728100000000000023e+02
1.581708711185317993e+09 -6.086000000000000298e-01 2.728000000000000114e+02
1.581708711284292936e+09 -6.085000000000000409e-01 2.728100000000000023e+02
1.581708711384196043e+09 -6.084000000000000519e-01 2.728100000000000023e+02
1.581708711483232021e+09 -6.086000000000000298e-01 2.728100000000000023e+02
1.581708711583125114e+09 -6.084000000000000519e-01 2.728100000000000023e+02
1.581708711697294950e+09 -6.084000000000000519e-01 2.728100000000000023e+02
1.581708711796207905e+09 -6.085000000000000409e-01 2.728100000000000023e+02
1.581708711892055035e+09 -6.084000000000000519e-01 2.728100000000000023e+02
1.581708711996321917e+09 -6.079999999999999849e-01 2.728100000000000023e+02
1.581708712095164061e+09 -6.081999999999999629e-01 2.728100000000000023e+02
1.581708712195229053e+09 -6.081999999999999629e-01 2.728100000000000023e+02
1.581708712295145035e+09 -6.082999999999999519e-01 2.728100000000000023e+02
1.581708712394154072e+09 -6.082999999999999519e-01 2.728199999999999932e+02
1.581708712504890919e+09 -6.082999999999999519e-01 2.728199999999999932e+02
1.581708712604587078e+09 -6.082999999999999519e-01 2.728199999999999932e+02
1.581708712704411030e+09 -6.082999999999999519e-01 2.728199999999999932e+02
1.581708712807101011e+09 -6.085000000000000409e-01 2.728199999999999932e+02
1.581708712903922081e+09 -6.085000000000000409e-01 2.728199999999999932e+02
1.581708713003688097e+09 -6.084000000000000519e-01 2.728100000000000023e+02
1.581708713103480101e+09 -6.085000000000000409e-01 2.728199999999999932e+02
1.581708713203211069e+09 -6.085000000000000409e-01 2.728199999999999932e+02
1.581708713302992105e+09 -6.085000000000000409e-01 2.728199999999999932e+02
1.581708713418255091e+09 -6.088000000000000078e-01 2.728199999999999932e+02
1.581708713515471935e+09 -6.084000000000000519e-01 2.728199999999999932e+02
1.581708713618227005e+09 -6.085000000000000409e-01 2.728199999999999932e+02
1.581708713717139959e+09 -6.084000000000000519e-01 2.728199999999999932e+02
1.581708713817044020e+09 -6.084000000000000519e-01 2.728199999999999932e+02
1.581708713916032076e+09 -6.084000000000000519e-01 2.728199999999999932e+02
1.581708714016067028e+09 -6.085000000000000409e-01 2.728199999999999932e+02
1.581708714115982056e+09 -6.084000000000000519e-01 2.728299999999999841e+02
1.581708714215054989e+09 -6.082999999999999519e-01 2.728299999999999841e+02
1.581708714315041065e+09 -6.082999999999999519e-01 2.728299999999999841e+02
1.581708714414030075e+09 -6.082999999999999519e-01 2.728299999999999841e+02
1.581708714528244019e+09 -6.081999999999999629e-01 2.728299999999999841e+02
1.581708714626880884e+09 -6.082999999999999519e-01 2.728299999999999841e+02
1.581708714723026037e+09 -6.084000000000000519e-01 2.728299999999999841e+02
1.581708714821681023e+09 -6.081999999999999629e-01 2.728299999999999841e+02
1.581708714927149057e+09 -6.084000000000000519e-01 2.728299999999999841e+02
1.581708715020900011e+09 -6.065000000000000391e-01 2.728299999999999841e+02
1.581708715126076937e+09 -6.089999999999999858e-01 2.728299999999999841e+02
1.581708715221014023e+09 -6.081999999999999629e-01 2.728299999999999841e+02
1.581708715322350025e+09 -6.086000000000000298e-01 2.728299999999999841e+02
1.581708715438952923e+09 -6.086000000000000298e-01 2.728299999999999841e+02
1.581708715533354044e+09 -6.081999999999999629e-01 2.728399999999999750e+02
1.581708715638211966e+09 -6.085000000000000409e-01 2.728399999999999750e+02
1.581708715737668991e+09 -6.086000000000000298e-01 2.728399999999999750e+02
1.581708715836910963e+09 -6.085000000000000409e-01 2.728399999999999750e+02
1.581708715936901093e+09 -6.086000000000000298e-01 2.728399999999999750e+02
1.581708716032053947e+09 -6.085000000000000409e-01 2.728399999999999750e+02
1.581708716135652065e+09 -6.085000000000000409e-01 2.728399999999999750e+02
1.581708716235855103e+09 -6.082999999999999519e-01 2.728399999999999750e+02
1.581708716332202911e+09 -6.082999999999999519e-01 2.728399999999999750e+02
1.581708716445539951e+09 -6.082999999999999519e-01 2.728399999999999750e+02
1.581708716545310974e+09 -6.081999999999999629e-01 2.728399999999999750e+02
1.581708716645035028e+09 -6.084000000000000519e-01 2.728399999999999750e+02
1.581708716743010044e+09 -6.082999999999999519e-01 2.728299999999999841e+02
1.581708716844569921e+09 -6.086000000000000298e-01 2.728399999999999750e+02
1.581708716944346905e+09 -6.084000000000000519e-01 2.728399999999999750e+02
1.581708717044104099e+09 -6.086000000000000298e-01 2.728399999999999750e+02
1.581708717145840883e+09 -6.084000000000000519e-01 2.728399999999999750e+02
1.581708717243489027e+09 -6.084000000000000519e-01 2.728399999999999750e+02
1.581708717343396902e+09 -6.085000000000000409e-01 2.728399999999999750e+02
1.581708717458833933e+09 -6.085000000000000409e-01 2.728399999999999750e+02
1.581708717556035995e+09 -6.082999999999999519e-01 2.728399999999999750e+02
1.581708717654717922e+09 -6.086000000000000298e-01 2.728399999999999750e+02
1.581708717757834911e+09 -6.087000000000000188e-01 2.728399999999999750e+02
1.581708717857745886e+09 -6.086000000000000298e-01 2.728399999999999750e+02
1.581708717956743002e+09 -6.085000000000000409e-01 2.728399999999999750e+02
1.581708718053237915e+09 -6.088000000000000078e-01 2.728399999999999750e+02
1.581708718156738997e+09 -6.086000000000000298e-01 2.728399999999999750e+02
1.581708718255758047e+09 -6.087000000000000188e-01 2.728399999999999750e+02
1.581708718355734110e+09 -6.087000000000000188e-01 2.728399999999999750e+02
1.581708718469712973e+09 -6.086000000000000298e-01 2.728399999999999750e+02
1.581708718568711042e+09 -6.085000000000000409e-01 2.728399999999999750e+02
1.581708718668746948e+09 -6.085000000000000409e-01 2.728399999999999750e+02
