# 
# Duration (in s): 30
# Pointing Position of the Horn: Calibrator paddle
# Angle pointing (from vertical): 74.95
# Calibrator used: YES
# Weather: very clear
# Units: microWatt
# Comments: pointing at sky (tenth ofmicrowatt) 
1.581708984779103041e+09 -6.042999999999999483e-01 2.723299999999999841e+02
1.581708984880646944e+09 -6.042999999999999483e-01 2.723299999999999841e+02
1.581708984980465889e+09 -6.045000000000000373e-01 2.723299999999999841e+02
1.581708985080748081e+09 -6.047000000000000153e-01 2.723299999999999841e+02
1.581708985179831982e+09 -6.045000000000000373e-01 2.723299999999999841e+02
1.581708985276804924e+09 -6.045000000000000373e-01 2.723299999999999841e+02
1.581708985378834963e+09 -6.045000000000000373e-01 2.723299999999999841e+02
1.581708985490178108e+09 -6.046000000000000263e-01 2.723299999999999841e+02
1.581708985592788935e+09 -6.044000000000000483e-01 2.723299999999999841e+02
1.581708985689694881e+09 -6.046000000000000263e-01 2.723299999999999841e+02
1.581708985789469957e+09 -6.046000000000000263e-01 2.723299999999999841e+02
1.581708985889238119e+09 -6.047000000000000153e-01 2.723299999999999841e+02
1.581708985988989115e+09 -6.045000000000000373e-01 2.723299999999999841e+02
1.581708986090760946e+09 -6.046000000000000263e-01 2.723299999999999841e+02
1.581708986184897900e+09 -6.045000000000000373e-01 2.723299999999999841e+02
1.581708986288304090e+09 -6.042999999999999483e-01 2.723299999999999841e+02
1.581708986403666973e+09 -6.041999999999999593e-01 2.723299999999999841e+02
1.581708986503797054e+09 -6.042999999999999483e-01 2.723299999999999841e+02
1.581708986601032972e+09 -6.044000000000000483e-01 2.723299999999999841e+02
1.581708986702613115e+09 -6.041999999999999593e-01 2.723299999999999841e+02
1.581708986799288988e+09 -6.045000000000000373e-01 2.723299999999999841e+02
1.581708986901446104e+09 -6.044000000000000483e-01 2.723399999999999750e+02
1.581708987001645088e+09 -6.044000000000000483e-01 2.723399999999999750e+02
1.581708987100665092e+09 -6.038999999999999924e-01 2.723399999999999750e+02
1.581708987214553118e+09 -6.040999999999999703e-01 2.723399999999999750e+02
1.581708987311310053e+09 -6.040999999999999703e-01 2.723399999999999750e+02
1.581708987413688898e+09 -6.042999999999999483e-01 2.723399999999999750e+02
1.581708987513385057e+09 -6.042999999999999483e-01 2.723399999999999750e+02
1.581708987612670898e+09 -6.042999999999999483e-01 2.723399999999999750e+02
1.581708987712450981e+09 -6.040999999999999703e-01 2.723399999999999750e+02
1.581708987812488079e+09 -6.045000000000000373e-01 2.723399999999999750e+02
1.581708987911586046e+09 -6.042999999999999483e-01 2.723399999999999750e+02
1.581708988011528969e+09 -6.045000000000000373e-01 2.723399999999999750e+02
1.581708988111363888e+09 -6.044000000000000483e-01 2.723399999999999750e+02
1.581708988224347115e+09 -6.044000000000000483e-01 2.723500000000000227e+02
1.581708988324426889e+09 -6.044000000000000483e-01 2.723500000000000227e+02
1.581708988423542023e+09 -6.046000000000000263e-01 2.723500000000000227e+02
1.581708988523586988e+09 -6.047000000000000153e-01 2.723500000000000227e+02
1.581708988619189024e+09 -6.048000000000000043e-01 2.723500000000000227e+02
1.581708988722347021e+09 -6.045000000000000373e-01 2.723500000000000227e+02
1.581708988818624020e+09 -6.046000000000000263e-01 2.723500000000000227e+02
1.581708988920789003e+09 -6.046000000000000263e-01 2.723500000000000227e+02
1.581708989021487951e+09 -6.044000000000000483e-01 2.723500000000000227e+02
1.581708989131546021e+09 -6.045000000000000373e-01 2.723500000000000227e+02
1.581708989231307983e+09 -6.044000000000000483e-01 2.723500000000000227e+02
1.581708989331073999e+09 -6.045000000000000373e-01 2.723600000000000136e+02
1.581708989430867910e+09 -6.046000000000000263e-01 2.723600000000000136e+02
1.581708989528772116e+09 -6.045000000000000373e-01 2.723500000000000227e+02
1.581708989630342960e+09 -6.045000000000000373e-01 2.723500000000000227e+02
1.581708989730118990e+09 -6.042999999999999483e-01 2.723500000000000227e+02
1.581708989829883099e+09 -6.042999999999999483e-01 2.723500000000000227e+02
1.581708989929636002e+09 -6.044000000000000483e-01 2.723600000000000136e+02
1.581708990045381069e+09 -6.042999999999999483e-01 2.723600000000000136e+02
1.581708990145265102e+09 -6.041999999999999593e-01 2.723600000000000136e+02
1.581708990245291948e+09 -6.047000000000000153e-01 2.723600000000000136e+02
1.581708990344458103e+09 -6.044000000000000483e-01 2.723500000000000227e+02
1.581708990444392920e+09 -6.044000000000000483e-01 2.723500000000000227e+02
1.581708990543329000e+09 -6.042999999999999483e-01 2.723500000000000227e+02
1.581708990643147945e+09 -6.044000000000000483e-01 2.723600000000000136e+02
1.581708990743325949e+09 -6.045000000000000373e-01 2.723600000000000136e+02
1.581708990842331886e+09 -6.044000000000000483e-01 2.723600000000000136e+02
1.581708990942265987e+09 -6.047000000000000153e-01 2.723600000000000136e+02
1.581708991056186914e+09 -6.047000000000000153e-01 2.723600000000000136e+02
1.581708991155292034e+09 -6.046000000000000263e-01 2.723600000000000136e+02
1.581708991255197048e+09 -6.046000000000000263e-01 2.723600000000000136e+02
1.581708991354171038e+09 -6.041999999999999593e-01 2.723600000000000136e+02
1.581708991454302073e+09 -6.042999999999999483e-01 2.723600000000000136e+02
1.581708991554200888e+09 -6.042999999999999483e-01 2.723600000000000136e+02
1.581708991653337002e+09 -6.044000000000000483e-01 2.723600000000000136e+02
1.581708991753324986e+09 -6.044000000000000483e-01 2.723600000000000136e+02
1.581708991852206945e+09 -6.042999999999999483e-01 2.723600000000000136e+02
1.581708991952088118e+09 -6.042999999999999483e-01 2.723600000000000136e+02
1.581708992066142082e+09 -6.040999999999999703e-01 2.723600000000000136e+02
1.581708992161915064e+09 -6.041999999999999593e-01 2.723600000000000136e+02
1.581708992265189886e+09 -6.041999999999999593e-01 2.723600000000000136e+02
1.581708992365031004e+09 -6.042999999999999483e-01 2.723600000000000136e+02
1.581708992464107037e+09 -6.040999999999999703e-01 2.723600000000000136e+02
1.581708992564042091e+09 -6.040999999999999703e-01 2.723600000000000136e+02
1.581708992664272070e+09 -6.039999999999999813e-01 2.723600000000000136e+02
1.581708992763073921e+09 -6.040999999999999703e-01 2.723600000000000136e+02
1.581708992863104105e+09 -6.040999999999999703e-01 2.723600000000000136e+02
1.581708992972399950e+09 -6.041999999999999593e-01 2.723500000000000227e+02
1.581708993072161913e+09 -6.039999999999999813e-01 2.723500000000000227e+02
1.581708993171924114e+09 -6.041999999999999593e-01 2.723500000000000227e+02
1.581708993271694899e+09 -6.044000000000000483e-01 2.723500000000000227e+02
1.581708993371471882e+09 -6.040999999999999703e-01 2.723600000000000136e+02
1.581708993471224070e+09 -6.044000000000000483e-01 2.723500000000000227e+02
1.581708993570988894e+09 -6.042999999999999483e-01 2.723500000000000227e+02
1.581708993670742035e+09 -6.041999999999999593e-01 2.723600000000000136e+02
1.581708993770515919e+09 -6.042999999999999483e-01 2.723600000000000136e+02
1.581708993886919022e+09 -6.041999999999999593e-01 2.723600000000000136e+02
1.581708993986676931e+09 -6.041999999999999593e-01 2.723600000000000136e+02
1.581708994086065054e+09 -6.040999999999999703e-01 2.723600000000000136e+02
1.581708994185913086e+09 -6.042999999999999483e-01 2.723600000000000136e+02
1.581708994286189079e+09 -6.040999999999999703e-01 2.723600000000000136e+02
1.581708994384962082e+09 -6.041999999999999593e-01 2.723600000000000136e+02
1.581708994484951973e+09 -6.039999999999999813e-01 2.723600000000000136e+02
1.581708994583771944e+09 -6.039999999999999813e-01 2.723600000000000136e+02
1.581708994682881117e+09 -6.039999999999999813e-01 2.723600000000000136e+02
1.581708994783924103e+09 -6.038999999999999924e-01 2.723600000000000136e+02
1.581708994896907091e+09 -6.037000000000000144e-01 2.723600000000000136e+02
1.581708994993674040e+09 -6.038000000000000034e-01 2.723600000000000136e+02
1.581708995097189903e+09 -6.040999999999999703e-01 2.723600000000000136e+02
1.581708995195960045e+09 -6.039999999999999813e-01 2.723600000000000136e+02
1.581708995295804977e+09 -6.039999999999999813e-01 2.723600000000000136e+02
1.581708995394779921e+09 -6.039999999999999813e-01 2.723600000000000136e+02
1.581708995494890928e+09 -6.038000000000000034e-01 2.723600000000000136e+02
1.581708995589914083e+09 -6.038999999999999924e-01 2.723600000000000136e+02
1.581708995693878889e+09 -6.042999999999999483e-01 2.723600000000000136e+02
1.581708995793836117e+09 -6.042999999999999483e-01 2.723600000000000136e+02
1.581708995907814026e+09 -6.041999999999999593e-01 2.723600000000000136e+02
1.581708996006922007e+09 -6.045000000000000373e-01 2.723600000000000136e+02
1.581708996106950045e+09 -6.044000000000000483e-01 2.723600000000000136e+02
1.581708996203665972e+09 -6.044000000000000483e-01 2.723600000000000136e+02
1.581708996305785894e+09 -6.047000000000000153e-01 2.723600000000000136e+02
1.581708996405774117e+09 -6.045000000000000373e-01 2.723600000000000136e+02
1.581708996504820108e+09 -6.044000000000000483e-01 2.723600000000000136e+02
1.581708996604705095e+09 -6.044000000000000483e-01 2.723600000000000136e+02
1.581708996703772068e+09 -6.045000000000000373e-01 2.723600000000000136e+02
1.581708996813287973e+09 -6.042999999999999483e-01 2.723600000000000136e+02
1.581708996913038969e+09 -6.044000000000000483e-01 2.723600000000000136e+02
1.581708997012829065e+09 -6.041999999999999593e-01 2.723600000000000136e+02
1.581708997112574100e+09 -6.042999999999999483e-01 2.723600000000000136e+02
1.581708997212344885e+09 -6.041999999999999593e-01 2.723600000000000136e+02
1.581708997312105894e+09 -6.040999999999999703e-01 2.723600000000000136e+02
1.581708997415777922e+09 -6.040999999999999703e-01 2.723700000000000045e+02
1.581708997515795946e+09 -6.038999999999999924e-01 2.723700000000000045e+02
1.581708997626259089e+09 -6.040999999999999703e-01 2.723600000000000136e+02
1.581708997727790117e+09 -6.040999999999999703e-01 2.723600000000000136e+02
1.581708997827549934e+09 -6.041999999999999593e-01 2.723600000000000136e+02
1.581708997926935911e+09 -6.038000000000000034e-01 2.723600000000000136e+02
1.581708998027719975e+09 -6.041999999999999593e-01 2.723600000000000136e+02
1.581708998126797915e+09 -6.041999999999999593e-01 2.723700000000000045e+02
1.581708998226582050e+09 -6.038999999999999924e-01 2.723700000000000045e+02
1.581708998326355934e+09 -6.042999999999999483e-01 2.723700000000000045e+02
1.581708998440711975e+09 -6.045000000000000373e-01 2.723700000000000045e+02
1.581708998539700031e+09 -6.045000000000000373e-01 2.723700000000000045e+02
1.581708998639776945e+09 -6.042999999999999483e-01 2.723700000000000045e+02
1.581708998738481998e+09 -6.042999999999999483e-01 2.723700000000000045e+02
1.581708998838649988e+09 -6.044000000000000483e-01 2.723700000000000045e+02
1.581708998938522100e+09 -6.041999999999999593e-01 2.723700000000000045e+02
1.581708999033232927e+09 -6.041999999999999593e-01 2.723700000000000045e+02
1.581708999137592077e+09 -6.042999999999999483e-01 2.723700000000000045e+02
1.581708999236547947e+09 -6.044000000000000483e-01 2.723700000000000045e+02
1.581708999350526094e+09 -6.044000000000000483e-01 2.723799999999999955e+02
1.581708999450397015e+09 -6.042999999999999483e-01 2.723799999999999955e+02
1.581708999549599886e+09 -6.042999999999999483e-01 2.723799999999999955e+02
1.581708999649441957e+09 -6.046000000000000263e-01 2.723700000000000045e+02
1.581708999748683929e+09 -6.046000000000000263e-01 2.723700000000000045e+02
1.581708999848709106e+09 -6.046000000000000263e-01 2.723799999999999955e+02
1.581708999948513985e+09 -6.040999999999999703e-01 2.723799999999999955e+02
1.581709000047633886e+09 -6.040999999999999703e-01 2.723799999999999955e+02
1.581709000147712946e+09 -6.041999999999999593e-01 2.723799999999999955e+02
1.581709000261708975e+09 -6.040999999999999703e-01 2.723799999999999955e+02
1.581709000360419035e+09 -6.040999999999999703e-01 2.723799999999999955e+02
1.581709000460494995e+09 -6.038000000000000034e-01 2.723799999999999955e+02
1.581709000559432030e+09 -6.039999999999999813e-01 2.723799999999999955e+02
1.581709000659468889e+09 -6.038999999999999924e-01 2.723799999999999955e+02
1.581709000759408951e+09 -6.039999999999999813e-01 2.723799999999999955e+02
1.581709000853688955e+09 -6.046000000000000263e-01 2.723799999999999955e+02
1.581709000953512907e+09 -6.044000000000000483e-01 2.723799999999999955e+02
1.581709001057480097e+09 -6.044000000000000483e-01 2.723799999999999955e+02
1.581709001152240038e+09 -6.042999999999999483e-01 2.723799999999999955e+02
1.581709001269376993e+09 -6.045000000000000373e-01 2.723899999999999864e+02
1.581709001369148016e+09 -6.042999999999999483e-01 2.723799999999999955e+02
1.581709001468908072e+09 -6.045000000000000373e-01 2.723799999999999955e+02
1.581709001568695068e+09 -6.045000000000000373e-01 2.723799999999999955e+02
1.581709001669406891e+09 -6.046000000000000263e-01 2.723799999999999955e+02
1.581709001768194914e+09 -6.048999999999999932e-01 2.723799999999999955e+02
1.581709001867961884e+09 -6.048999999999999932e-01 2.723799999999999955e+02
1.581709001967751026e+09 -6.054000000000000492e-01 2.723799999999999955e+02
1.581709002082386017e+09 -6.052999999999999492e-01 2.723799999999999955e+02
1.581709002182373047e+09 -6.054000000000000492e-01 2.723799999999999955e+02
1.581709002281510115e+09 -6.052999999999999492e-01 2.723799999999999955e+02
1.581709002381311893e+09 -6.051999999999999602e-01 2.723799999999999955e+02
1.581709002480474949e+09 -6.050999999999999712e-01 2.723799999999999955e+02
1.581709002580352068e+09 -6.054000000000000492e-01 2.723799999999999955e+02
1.581709002679323912e+09 -6.050999999999999712e-01 2.723799999999999955e+02
1.581709002779283047e+09 -6.051999999999999602e-01 2.723799999999999955e+02
1.581709002879368067e+09 -6.051999999999999602e-01 2.723799999999999955e+02
1.581709002978344917e+09 -6.048000000000000043e-01 2.723799999999999955e+02
1.581709003092338085e+09 -6.049999999999999822e-01 2.723799999999999955e+02
1.581709003192419052e+09 -6.049999999999999822e-01 2.723799999999999955e+02
1.581709003286226034e+09 -6.051999999999999602e-01 2.723899999999999864e+02
1.581709003388488054e+09 -6.049999999999999822e-01 2.723899999999999864e+02
1.581709003491373062e+09 -6.048999999999999932e-01 2.723899999999999864e+02
1.581709003590378046e+09 -6.051999999999999602e-01 2.723899999999999864e+02
1.581709003690258026e+09 -6.050999999999999712e-01 2.723799999999999955e+02
1.581709003789438009e+09 -6.052999999999999492e-01 2.723799999999999955e+02
1.581709003903253078e+09 -6.052999999999999492e-01 2.723799999999999955e+02
1.581709004000780106e+09 -6.055000000000000382e-01 2.723799999999999955e+02
1.581709004103158951e+09 -6.055000000000000382e-01 2.723899999999999864e+02
1.581709004202157021e+09 -6.052999999999999492e-01 2.723899999999999864e+02
1.581709004302234888e+09 -6.055000000000000382e-01 2.723899999999999864e+02
1.581709004401294947e+09 -6.055000000000000382e-01 2.723899999999999864e+02
1.581709004501113892e+09 -6.055000000000000382e-01 2.723899999999999864e+02
1.581709004601102114e+09 -6.055000000000000382e-01 2.723899999999999864e+02
1.581709004700223923e+09 -6.057000000000000162e-01 2.723799999999999955e+02
1.581709004800003052e+09 -6.054000000000000492e-01 2.723799999999999955e+02
1.581709004910725117e+09 -6.052999999999999492e-01 2.723799999999999955e+02
1.581709005010488033e+09 -6.052999999999999492e-01 2.723799999999999955e+02
1.581709005110286951e+09 -6.055000000000000382e-01 2.723799999999999955e+02
1.581709005210041046e+09 -6.052999999999999492e-01 2.723799999999999955e+02
1.581709005309777021e+09 -6.054000000000000492e-01 2.723899999999999864e+02
1.581709005409543037e+09 -6.054000000000000492e-01 2.723799999999999955e+02
1.581709005509306908e+09 -6.051999999999999602e-01 2.723799999999999955e+02
1.581709005609091043e+09 -6.052999999999999492e-01 2.723799999999999955e+02
1.581709005708865881e+09 -6.051999999999999602e-01 2.723799999999999955e+02
1.581709005824170113e+09 -6.051999999999999602e-01 2.723799999999999955e+02
1.581709005924151897e+09 -6.052999999999999492e-01 2.723799999999999955e+02
1.581709006023088932e+09 -6.054000000000000492e-01 2.723799999999999955e+02
1.581709006123047113e+09 -6.051999999999999602e-01 2.723799999999999955e+02
1.581709006222129107e+09 -6.050999999999999712e-01 2.723899999999999864e+02
1.581709006322120905e+09 -6.054000000000000492e-01 2.723899999999999864e+02
1.581709006421982050e+09 -6.052999999999999492e-01 2.723799999999999955e+02
1.581709006521085978e+09 -6.055000000000000382e-01 2.723799999999999955e+02
1.581709006620882988e+09 -6.056000000000000272e-01 2.723799999999999955e+02
1.581709006734891891e+09 -6.056000000000000272e-01 2.723799999999999955e+02
1.581709006833885908e+09 -6.056000000000000272e-01 2.723799999999999955e+02
1.581709006933727026e+09 -6.056000000000000272e-01 2.723799999999999955e+02
1.581709007032896996e+09 -6.054000000000000492e-01 2.723899999999999864e+02
1.581709007132929087e+09 -6.057000000000000162e-01 2.723899999999999864e+02
1.581709007232810974e+09 -6.052999999999999492e-01 2.723899999999999864e+02
1.581709007331928968e+09 -6.055000000000000382e-01 2.723899999999999864e+02
1.581709007431896925e+09 -6.052999999999999492e-01 2.723899999999999864e+02
1.581709007545944929e+09 -6.052999999999999492e-01 2.723799999999999955e+02
1.581709007645023108e+09 -6.052999999999999492e-01 2.723799999999999955e+02
1.581709007744827032e+09 -6.055000000000000382e-01 2.723799999999999955e+02
1.581709007844890118e+09 -6.051999999999999602e-01 2.723899999999999864e+02
1.581709007940562963e+09 -6.050999999999999712e-01 2.723899999999999864e+02
1.581709008044015884e+09 -6.049999999999999822e-01 2.723899999999999864e+02
1.581709008142968893e+09 -6.051999999999999602e-01 2.723899999999999864e+02
1.581709008242846966e+09 -6.051999999999999602e-01 2.723899999999999864e+02
1.581709008341862917e+09 -6.049999999999999822e-01 2.723899999999999864e+02
1.581709008442055941e+09 -6.051999999999999602e-01 2.723899999999999864e+02
1.581709008552059889e+09 -6.050999999999999712e-01 2.723899999999999864e+02
1.581709008655889034e+09 -6.050999999999999712e-01 2.723899999999999864e+02
1.581709008754915953e+09 -6.052999999999999492e-01 2.723899999999999864e+02
1.581709008851363897e+09 -6.051999999999999602e-01 2.723899999999999864e+02
1.581709008951244116e+09 -6.052999999999999492e-01 2.723899999999999864e+02
1.581709009050887108e+09 -6.054000000000000492e-01 2.723899999999999864e+02
1.581709009150665045e+09 -6.054000000000000492e-01 2.723899999999999864e+02
1.581709009250457048e+09 -6.052999999999999492e-01 2.723899999999999864e+02
1.581709009350204945e+09 -6.055000000000000382e-01 2.723899999999999864e+02
1.581709009466587067e+09 -6.050999999999999712e-01 2.723899999999999864e+02
1.581709009565810919e+09 -6.054000000000000492e-01 2.723899999999999864e+02
1.581709009665934086e+09 -6.054000000000000492e-01 2.723899999999999864e+02
1.581709009765882969e+09 -6.055000000000000382e-01 2.723899999999999864e+02
1.581709009864733934e+09 -6.054000000000000492e-01 2.723999999999999773e+02
1.581709009964751005e+09 -6.055000000000000382e-01 2.723999999999999773e+02
1.581709010063936949e+09 -6.054000000000000492e-01 2.723999999999999773e+02
1.581709010163731098e+09 -6.051999999999999602e-01 2.723999999999999773e+02
1.581709010263794899e+09 -6.049999999999999822e-01 2.723999999999999773e+02
1.581709010376633883e+09 -6.050999999999999712e-01 2.723999999999999773e+02
1.581709010476712942e+09 -6.050999999999999712e-01 2.723999999999999773e+02
1.581709010576647997e+09 -6.051999999999999602e-01 2.723999999999999773e+02
1.581709010675707102e+09 -6.052999999999999492e-01 2.723999999999999773e+02
1.581709010775727987e+09 -6.054000000000000492e-01 2.723999999999999773e+02
1.581709010874706030e+09 -6.051999999999999602e-01 2.723999999999999773e+02
1.581709010975013971e+09 -6.050999999999999712e-01 2.723999999999999773e+02
1.581709011073719025e+09 -6.051999999999999602e-01 2.723999999999999773e+02
1.581709011173748016e+09 -6.049999999999999822e-01 2.723999999999999773e+02
1.581709011273502111e+09 -6.051999999999999602e-01 2.723999999999999773e+02
1.581709011387553930e+09 -6.049999999999999822e-01 2.723999999999999773e+02
1.581709011486712933e+09 -6.049999999999999822e-01 2.723999999999999773e+02
1.581709011582107067e+09 -6.048999999999999932e-01 2.723999999999999773e+02
1.581709011682425976e+09 -6.050999999999999712e-01 2.724100000000000250e+02
1.581709011785783052e+09 -6.050999999999999712e-01 2.724100000000000250e+02
1.581709011884552956e+09 -6.052999999999999492e-01 2.724100000000000250e+02
1.581709011984575987e+09 -6.051999999999999602e-01 2.724100000000000250e+02
1.581709012084600925e+09 -6.055000000000000382e-01 2.724100000000000250e+02
1.581709012183440924e+09 -6.055000000000000382e-01 2.724100000000000250e+02
1.581709012283727884e+09 -6.054000000000000492e-01 2.724100000000000250e+02
1.581709012392971992e+09 -6.050999999999999712e-01 2.724100000000000250e+02
1.581709012492712975e+09 -6.049999999999999822e-01 2.724100000000000250e+02
1.581709012592490911e+09 -6.052999999999999492e-01 2.724100000000000250e+02
1.581709012692234039e+09 -6.050999999999999712e-01 2.724100000000000250e+02
1.581709012792011976e+09 -6.049999999999999822e-01 2.724100000000000250e+02
1.581709012891768932e+09 -6.051999999999999602e-01 2.724100000000000250e+02
1.581709012991552114e+09 -6.050999999999999712e-01 2.724200000000000159e+02
1.581709013091300964e+09 -6.051999999999999602e-01 2.724200000000000159e+02
1.581709013191090107e+09 -6.054000000000000492e-01 2.724200000000000159e+02
1.581709013293724060e+09 -6.051999999999999602e-01 2.724200000000000159e+02
1.581709013407265902e+09 -6.050999999999999712e-01 2.724200000000000159e+02
1.581709013506989956e+09 -6.050999999999999712e-01 2.724200000000000159e+02
1.581709013606477022e+09 -6.049999999999999822e-01 2.724200000000000159e+02
1.581709013706319094e+09 -6.048999999999999932e-01 2.724200000000000159e+02
1.581709013806303978e+09 -6.049999999999999822e-01 2.724200000000000159e+02
1.581709013905447960e+09 -6.048999999999999932e-01 2.724300000000000068e+02
1.581709014005321980e+09 -6.046000000000000263e-01 2.724300000000000068e+02
1.581709014104477882e+09 -6.048000000000000043e-01 2.724300000000000068e+02
1.581709014204415083e+09 -6.047000000000000153e-01 2.724300000000000068e+02
1.581709014303543091e+09 -6.049999999999999822e-01 2.724300000000000068e+02
1.581709014417288065e+09 -6.052999999999999492e-01 2.724300000000000068e+02
1.581709014517333031e+09 -6.048999999999999932e-01 2.724300000000000068e+02
1.581709014617449045e+09 -6.050999999999999712e-01 2.724300000000000068e+02
1.581709014716202974e+09 -6.049999999999999822e-01 2.724300000000000068e+02
