# 
# Duration (in s): 10
# Pointing Position of the Horn: Calibrator paddle
# Angle pointing (from vertical): 25.35
# Calibrator used: YES
# Weather: very clear
# Units: microWatt
# Comments: pointing at sky (tenth microwatt)
1.581710746509825945e+09 -6.415999999999999481e-01 2.720199999999999818e+02
1.581710746598912954e+09 -6.412999999999999812e-01 2.720199999999999818e+02
1.581710746684075117e+09 -6.414999999999999591e-01 2.720199999999999818e+02
1.581710746798033953e+09 -6.412999999999999812e-01 2.720199999999999818e+02
1.581710746894448996e+09 -6.414999999999999591e-01 2.720199999999999818e+02
1.581710746991704941e+09 -6.414999999999999591e-01 2.720199999999999818e+02
1.581710747096312046e+09 -6.413999999999999702e-01 2.720199999999999818e+02
1.581710747192430019e+09 -6.413999999999999702e-01 2.720199999999999818e+02
1.581710747290923119e+09 -6.415999999999999481e-01 2.720199999999999818e+02
1.581710747395823002e+09 -6.414999999999999591e-01 2.720199999999999818e+02
1.581710747490447044e+09 -6.412999999999999812e-01 2.720299999999999727e+02
1.581710747590231895e+09 -6.415999999999999481e-01 2.720299999999999727e+02
1.581710747689985037e+09 -6.414999999999999591e-01 2.720299999999999727e+02
1.581710747804339886e+09 -6.414999999999999591e-01 2.720299999999999727e+02
1.581710747906130075e+09 -6.414999999999999591e-01 2.720299999999999727e+02
1.581710748004554033e+09 -6.413999999999999702e-01 2.720299999999999727e+02
1.581710748105693102e+09 -6.412999999999999812e-01 2.720299999999999727e+02
1.581710748205404997e+09 -6.413999999999999702e-01 2.720299999999999727e+02
1.581710748300560951e+09 -6.414999999999999591e-01 2.720299999999999727e+02
1.581710748404910088e+09 -6.412999999999999812e-01 2.720299999999999727e+02
1.581710748502336025e+09 -6.413999999999999702e-01 2.720299999999999727e+02
1.581710748604458094e+09 -6.414999999999999591e-01 2.720299999999999727e+02
1.581710748704190969e+09 -6.412999999999999812e-01 2.720299999999999727e+02
1.581710748818842888e+09 -6.412999999999999812e-01 2.720299999999999727e+02
1.581710748913022995e+09 -6.415999999999999481e-01 2.720299999999999727e+02
1.581710749016309977e+09 -6.411999999999999922e-01 2.720299999999999727e+02
1.581710749112464905e+09 -6.413999999999999702e-01 2.720299999999999727e+02
1.581710749216865063e+09 -6.415999999999999481e-01 2.720299999999999727e+02
1.581710749316771030e+09 -6.411999999999999922e-01 2.720299999999999727e+02
1.581710749415828943e+09 -6.411999999999999922e-01 2.720299999999999727e+02
1.581710749512008905e+09 -6.414999999999999591e-01 2.720400000000000205e+02
1.581710749614948988e+09 -6.415999999999999481e-01 2.720299999999999727e+02
1.581710749723543882e+09 -6.415999999999999481e-01 2.720299999999999727e+02
1.581710749828294039e+09 -6.412999999999999812e-01 2.720299999999999727e+02
1.581710749927741051e+09 -6.415999999999999481e-01 2.720400000000000205e+02
1.581710750027883053e+09 -6.417000000000000481e-01 2.720400000000000205e+02
1.581710750124420881e+09 -6.413999999999999702e-01 2.720400000000000205e+02
1.581710750226844072e+09 -6.415999999999999481e-01 2.720400000000000205e+02
1.581710750326689005e+09 -6.414999999999999591e-01 2.720400000000000205e+02
1.581710750422523022e+09 -6.417000000000000481e-01 2.720400000000000205e+02
1.581710750525796890e+09 -6.414999999999999591e-01 2.720400000000000205e+02
1.581710750639633894e+09 -6.413999999999999702e-01 2.720400000000000205e+02
1.581710750734977961e+09 -6.415999999999999481e-01 2.720400000000000205e+02
1.581710750838548899e+09 -6.413999999999999702e-01 2.720400000000000205e+02
1.581710750938767910e+09 -6.414999999999999591e-01 2.720400000000000205e+02
1.581710751033154011e+09 -6.414999999999999591e-01 2.720400000000000205e+02
1.581710751137892008e+09 -6.414999999999999591e-01 2.720400000000000205e+02
1.581710751237608910e+09 -6.414999999999999591e-01 2.720400000000000205e+02
1.581710751336615086e+09 -6.413999999999999702e-01 2.720400000000000205e+02
1.581710751434818029e+09 -6.413999999999999702e-01 2.720400000000000205e+02
1.581710751547475100e+09 -6.413999999999999702e-01 2.720400000000000205e+02
1.581710751644676924e+09 -6.414999999999999591e-01 2.720400000000000205e+02
1.581710751749226093e+09 -6.415999999999999481e-01 2.720299999999999727e+02
1.581710751846787930e+09 -6.414999999999999591e-01 2.720299999999999727e+02
1.581710751946552038e+09 -6.413999999999999702e-01 2.720400000000000205e+02
1.581710752045707941e+09 -6.413999999999999702e-01 2.720299999999999727e+02
1.581710752146034956e+09 -6.414999999999999591e-01 2.720299999999999727e+02
1.581710752245803118e+09 -6.418000000000000371e-01 2.720299999999999727e+02
1.581710752359863997e+09 -6.414999999999999591e-01 2.720299999999999727e+02
1.581710752460685968e+09 -6.413999999999999702e-01 2.720299999999999727e+02
1.581710752560519934e+09 -6.414999999999999591e-01 2.720299999999999727e+02
1.581710752657638073e+09 -6.417000000000000481e-01 2.720299999999999727e+02
1.581710752759637117e+09 -6.413999999999999702e-01 2.720299999999999727e+02
1.581710752859513998e+09 -6.417000000000000481e-01 2.720299999999999727e+02
1.581710752953634977e+09 -6.417000000000000481e-01 2.720299999999999727e+02
1.581710753057818890e+09 -6.415999999999999481e-01 2.720299999999999727e+02
1.581710753172385931e+09 -6.413999999999999702e-01 2.720299999999999727e+02
1.581710753268145084e+09 -6.414999999999999591e-01 2.720299999999999727e+02
1.581710753371536016e+09 -6.415999999999999481e-01 2.720299999999999727e+02
1.581710753471388102e+09 -6.413999999999999702e-01 2.720400000000000205e+02
1.581710753570372105e+09 -6.414999999999999591e-01 2.720400000000000205e+02
1.581710753667918921e+09 -6.412999999999999812e-01 2.720400000000000205e+02
1.581710753769561052e+09 -6.411999999999999922e-01 2.720299999999999727e+02
1.581710753869457006e+09 -6.413999999999999702e-01 2.720299999999999727e+02
1.581710753964498043e+09 -6.417000000000000481e-01 2.720299999999999727e+02
1.581710754082427025e+09 -6.415999999999999481e-01 2.720299999999999727e+02
1.581710754182471037e+09 -6.414999999999999591e-01 2.720299999999999727e+02
1.581710754279303074e+09 -6.414999999999999591e-01 2.720299999999999727e+02
1.581710754381347895e+09 -6.414999999999999591e-01 2.720299999999999727e+02
1.581710754481408119e+09 -6.417000000000000481e-01 2.720299999999999727e+02
1.581710754575862885e+09 -6.415999999999999481e-01 2.720299999999999727e+02
1.581710754680627108e+09 -6.413999999999999702e-01 2.720400000000000205e+02
1.581710754779203892e+09 -6.413999999999999702e-01 2.720400000000000205e+02
1.581710754874058008e+09 -6.414999999999999591e-01 2.720400000000000205e+02
1.581710754979079962e+09 -6.417000000000000481e-01 2.720400000000000205e+02
1.581710755078255892e+09 -6.414999999999999591e-01 2.720299999999999727e+02
1.581710755188463926e+09 -6.414999999999999591e-01 2.720299999999999727e+02
1.581710755288609982e+09 -6.414999999999999591e-01 2.720299999999999727e+02
1.581710755388351917e+09 -6.413999999999999702e-01 2.720299999999999727e+02
1.581710755486196995e+09 -6.415999999999999481e-01 2.720299999999999727e+02
1.581710755590109110e+09 -6.417000000000000481e-01 2.720299999999999727e+02
1.581710755687659979e+09 -6.414999999999999591e-01 2.720299999999999727e+02
1.581710755787411928e+09 -6.412999999999999812e-01 2.720299999999999727e+02
1.581710755886552095e+09 -6.415999999999999481e-01 2.720299999999999727e+02
1.581710755986952066e+09 -6.413999999999999702e-01 2.720299999999999727e+02
1.581710756086711884e+09 -6.412999999999999812e-01 2.720299999999999727e+02
1.581710756200680017e+09 -6.415999999999999481e-01 2.720299999999999727e+02
1.581710756298609018e+09 -6.412999999999999812e-01 2.720299999999999727e+02
1.581710756401163101e+09 -6.413999999999999702e-01 2.720299999999999727e+02
1.581710756497061968e+09 -6.412999999999999812e-01 2.720299999999999727e+02
