# 
# Duration (in s): 30
# Pointing Position of the Horn: Calibrator paddle
# Angle pointing (from vertical): 45.1
# Calibrator used: YES
# Weather: very clear
# Units: microWatt
# Comments: pointing at sky (tenth of microwatt) 
1.581710047312009096e+09 -5.875000000000000222e-01 2.718600000000000136e+02
1.581710047411935091e+09 -5.874000000000000332e-01 2.718600000000000136e+02
1.581710047497980118e+09 -5.874000000000000332e-01 2.718600000000000136e+02
1.581710047597028017e+09 -5.876000000000000112e-01 2.718600000000000136e+02
1.581710047697065115e+09 -5.874000000000000332e-01 2.718600000000000136e+02
1.581710047796036959e+09 -5.872000000000000552e-01 2.718600000000000136e+02
1.581710047896120071e+09 -5.872000000000000552e-01 2.718600000000000136e+02
1.581710048010044098e+09 -5.872000000000000552e-01 2.718600000000000136e+02
1.581710048109059095e+09 -5.870999999999999552e-01 2.718600000000000136e+02
1.581710048208929062e+09 -5.876000000000000112e-01 2.718600000000000136e+02
1.581710048306971073e+09 -5.873000000000000442e-01 2.718600000000000136e+02
1.581710048407891035e+09 -5.877000000000000002e-01 2.718600000000000136e+02
1.581710048507992029e+09 -5.877000000000000002e-01 2.718600000000000136e+02
1.581710048606924057e+09 -5.870999999999999552e-01 2.718600000000000136e+02
1.581710048707034111e+09 -5.874000000000000332e-01 2.718600000000000136e+02
1.581710048806978941e+09 -5.874000000000000332e-01 2.718600000000000136e+02
1.581710048906002998e+09 -5.874000000000000332e-01 2.718600000000000136e+02
1.581710049015306950e+09 -5.875000000000000222e-01 2.718600000000000136e+02
1.581710049115072966e+09 -5.875000000000000222e-01 2.718600000000000136e+02
1.581710049214813948e+09 -5.876000000000000112e-01 2.718600000000000136e+02
1.581710049318644047e+09 -5.876000000000000112e-01 2.718600000000000136e+02
1.581710049414365053e+09 -5.876000000000000112e-01 2.718600000000000136e+02
1.581710049514024019e+09 -5.875000000000000222e-01 2.718600000000000136e+02
1.581710049613909006e+09 -5.879999999999999671e-01 2.718600000000000136e+02
1.581710049713634968e+09 -5.879999999999999671e-01 2.718600000000000136e+02
1.581710049813431978e+09 -5.879999999999999671e-01 2.718600000000000136e+02
1.581710049929799080e+09 -5.880999999999999561e-01 2.718600000000000136e+02
1.581710050029583931e+09 -5.883000000000000451e-01 2.718600000000000136e+02
1.581710050129326105e+09 -5.883000000000000451e-01 2.718600000000000136e+02
1.581710050228791952e+09 -5.884000000000000341e-01 2.718600000000000136e+02
1.581710050323812962e+09 -5.884000000000000341e-01 2.718600000000000136e+02
1.581710050428646088e+09 -5.880999999999999561e-01 2.718600000000000136e+02
1.581710050527807951e+09 -5.883000000000000451e-01 2.718600000000000136e+02
1.581710050627770901e+09 -5.881999999999999451e-01 2.718700000000000045e+02
1.581710050724359035e+09 -5.881999999999999451e-01 2.718700000000000045e+02
1.581710050826684952e+09 -5.879999999999999671e-01 2.718600000000000136e+02
1.581710050940875053e+09 -5.884000000000000341e-01 2.718600000000000136e+02
1.581710051040980101e+09 -5.887000000000000011e-01 2.718600000000000136e+02
1.581710051139759064e+09 -5.888999999999999790e-01 2.718600000000000136e+02
1.581710051239653111e+09 -5.888999999999999790e-01 2.718600000000000136e+02
1.581710051333669901e+09 -5.887999999999999901e-01 2.718600000000000136e+02
1.581710051438536882e+09 -5.889999999999999680e-01 2.718600000000000136e+02
1.581710051533905029e+09 -5.889999999999999680e-01 2.718600000000000136e+02
1.581710051636790991e+09 -5.890999999999999570e-01 2.718600000000000136e+02
1.581710051751581907e+09 -5.896000000000000130e-01 2.718600000000000136e+02
1.581710051851679087e+09 -5.897999999999999909e-01 2.718600000000000136e+02
1.581710051950577974e+09 -5.897999999999999909e-01 2.718600000000000136e+02
1.581710052050729036e+09 -5.901999999999999469e-01 2.718600000000000136e+02
1.581710052149657011e+09 -5.893000000000000460e-01 2.718600000000000136e+02
1.581710052249526024e+09 -5.894000000000000350e-01 2.718600000000000136e+02
1.581710052349009037e+09 -5.891999999999999460e-01 2.718600000000000136e+02
1.581710052448575974e+09 -5.889999999999999680e-01 2.718600000000000136e+02
1.581710052548491955e+09 -5.895000000000000240e-01 2.718600000000000136e+02
1.581710052662472963e+09 -5.895000000000000240e-01 2.718600000000000136e+02
1.581710052761518002e+09 -5.895000000000000240e-01 2.718600000000000136e+02
1.581710052861396074e+09 -5.896000000000000130e-01 2.718600000000000136e+02
1.581710052956119061e+09 -5.896000000000000130e-01 2.718600000000000136e+02
1.581710053055759907e+09 -5.897999999999999909e-01 2.718600000000000136e+02
1.581710053160427094e+09 -5.900999999999999579e-01 2.718600000000000136e+02
1.581710053255249023e+09 -5.899999999999999689e-01 2.718600000000000136e+02
1.581710053354978085e+09 -5.897000000000000020e-01 2.718600000000000136e+02
1.581710053471426964e+09 -5.898999999999999799e-01 2.718600000000000136e+02
1.581710053571182013e+09 -5.897000000000000020e-01 2.718600000000000136e+02
1.581710053670892000e+09 -5.896000000000000130e-01 2.718600000000000136e+02
1.581710053770704031e+09 -5.897000000000000020e-01 2.718600000000000136e+02
1.581710053870457888e+09 -5.898999999999999799e-01 2.718600000000000136e+02
1.581710053970221043e+09 -5.898999999999999799e-01 2.718600000000000136e+02
1.581710054070002079e+09 -5.898999999999999799e-01 2.718600000000000136e+02
1.581710054169759989e+09 -5.907000000000000028e-01 2.718600000000000136e+02
1.581710054264703989e+09 -5.926000000000000156e-01 2.718600000000000136e+02
1.581710054369282961e+09 -5.918999999999999817e-01 2.718600000000000136e+02
1.581710054483226061e+09 -5.911999999999999478e-01 2.718600000000000136e+02
1.581710054582463026e+09 -5.843000000000000416e-01 2.718600000000000136e+02
1.581710054682446957e+09 -5.813000000000000389e-01 2.718600000000000136e+02
1.581710054782429934e+09 -5.823000000000000398e-01 2.718600000000000136e+02
1.581710054881325960e+09 -5.824000000000000288e-01 2.718600000000000136e+02
1.581710054981303930e+09 -5.826999999999999957e-01 2.718600000000000136e+02
1.581710055081268072e+09 -5.829999999999999627e-01 2.718600000000000136e+02
1.581710055180567980e+09 -5.827999999999999847e-01 2.718700000000000045e+02
1.581710055294379950e+09 -5.827999999999999847e-01 2.718700000000000045e+02
1.581710055393359900e+09 -5.823000000000000398e-01 2.718700000000000045e+02
1.581710055493361950e+09 -5.826000000000000068e-01 2.718700000000000045e+02
1.581710055593312979e+09 -5.832000000000000517e-01 2.718700000000000045e+02
1.581710055692399025e+09 -5.835000000000000187e-01 2.718700000000000045e+02
1.581710055792337894e+09 -5.838999999999999746e-01 2.718600000000000136e+02
1.581710055892376900e+09 -5.842000000000000526e-01 2.718600000000000136e+02
1.581710055991359949e+09 -5.844000000000000306e-01 2.718700000000000045e+02
1.581710056091274023e+09 -5.845000000000000195e-01 2.718700000000000045e+02
1.581710056190418959e+09 -5.843000000000000416e-01 2.718700000000000045e+02
1.581710056304280043e+09 -5.844000000000000306e-01 2.718700000000000045e+02
1.581710056404321909e+09 -5.845000000000000195e-01 2.718700000000000045e+02
1.581710056498864889e+09 -5.845000000000000195e-01 2.718700000000000045e+02
1.581710056603271008e+09 -5.846999999999999975e-01 2.718700000000000045e+02
1.581710056703218937e+09 -5.850999999999999535e-01 2.718700000000000045e+02
1.581710056802304029e+09 -5.859999999999999654e-01 2.718700000000000045e+02
1.581710056902261019e+09 -5.862000000000000544e-01 2.718700000000000045e+02
1.581710056996452093e+09 -5.863000000000000433e-01 2.718700000000000045e+02
1.581710057101172924e+09 -5.866000000000000103e-01 2.718700000000000045e+02
1.581710057212620020e+09 -5.868999999999999773e-01 2.718700000000000045e+02
1.581710057312289953e+09 -5.870999999999999552e-01 2.718700000000000045e+02
1.581710057412058115e+09 -5.872000000000000552e-01 2.718700000000000045e+02
1.581710057509696960e+09 -5.869999999999999662e-01 2.718700000000000045e+02
1.581710057611576080e+09 -5.870999999999999552e-01 2.718700000000000045e+02
1.581710057711344957e+09 -5.854000000000000314e-01 2.718700000000000045e+02
1.581710057811108112e+09 -5.858999999999999764e-01 2.718799999999999955e+02
1.581710057910890102e+09 -5.856999999999999984e-01 2.718799999999999955e+02
1.581710058026196957e+09 -5.840999999999999526e-01 2.718799999999999955e+02
1.581710058125138998e+09 -5.849999999999999645e-01 2.718799999999999955e+02
1.581710058225121021e+09 -5.858999999999999764e-01 2.718799999999999955e+02
1.581710058325079918e+09 -5.867999999999999883e-01 2.718799999999999955e+02
1.581710058423948050e+09 -5.877999999999999892e-01 2.718799999999999955e+02
1.581710058524142027e+09 -5.877000000000000002e-01 2.718799999999999955e+02
1.581710058623220921e+09 -5.881999999999999451e-01 2.718899999999999864e+02
1.581710058722992897e+09 -5.880999999999999561e-01 2.718899999999999864e+02
1.581710058823074102e+09 -5.857999999999999874e-01 2.718899999999999864e+02
1.581710058922142029e+09 -5.823000000000000398e-01 2.718899999999999864e+02
1.581710059022145987e+09 -5.803000000000000380e-01 2.718899999999999864e+02
1.581710059136012077e+09 -5.779999999999999583e-01 2.718899999999999864e+02
1.581710059235133886e+09 -5.808999999999999719e-01 2.718899999999999864e+02
1.581710059335062981e+09 -5.814000000000000279e-01 2.718899999999999864e+02
1.581710059434104919e+09 -5.816999999999999948e-01 2.718899999999999864e+02
1.581710059534008980e+09 -5.823000000000000398e-01 2.718899999999999864e+02
1.581710059633958101e+09 -5.832000000000000517e-01 2.718899999999999864e+02
1.581710059733092070e+09 -5.827999999999999847e-01 2.718899999999999864e+02
1.581710059832861900e+09 -5.837999999999999856e-01 2.718899999999999864e+02
1.581710059932132959e+09 -5.840999999999999526e-01 2.718999999999999773e+02
1.581710060046035051e+09 -5.840999999999999526e-01 2.718999999999999773e+02
1.581710060145982981e+09 -5.840999999999999526e-01 2.718999999999999773e+02
1.581710060245045900e+09 -5.844000000000000306e-01 2.718999999999999773e+02
1.581710060344856977e+09 -5.825000000000000178e-01 2.718999999999999773e+02
1.581710060445014954e+09 -5.838999999999999746e-01 2.718999999999999773e+02
1.581710060543987036e+09 -5.838999999999999746e-01 2.718999999999999773e+02
1.581710060643970966e+09 -5.846999999999999975e-01 2.718999999999999773e+02
1.581710060743952036e+09 -5.856000000000000094e-01 2.718999999999999773e+02
1.581710060853863955e+09 -5.856999999999999984e-01 2.718999999999999773e+02
1.581710060953629971e+09 -5.854000000000000314e-01 2.718999999999999773e+02
1.581710061053467035e+09 -5.858999999999999764e-01 2.718999999999999773e+02
1.581710061153529882e+09 -5.860999999999999543e-01 2.718999999999999773e+02
1.581710061252917051e+09 -5.862000000000000544e-01 2.718999999999999773e+02
1.581710061352685928e+09 -5.862000000000000544e-01 2.718999999999999773e+02
1.581710061452488899e+09 -5.860999999999999543e-01 2.718999999999999773e+02
1.581710061552232981e+09 -5.859999999999999654e-01 2.718999999999999773e+02
1.581710061651983976e+09 -5.863000000000000433e-01 2.718999999999999773e+02
1.581710061768007040e+09 -5.866000000000000103e-01 2.718999999999999773e+02
1.581710061867897987e+09 -5.867999999999999883e-01 2.719100000000000250e+02
1.581710061966895103e+09 -5.867999999999999883e-01 2.719100000000000250e+02
1.581710062066847086e+09 -5.869999999999999662e-01 2.719100000000000250e+02
1.581710062166073084e+09 -5.869999999999999662e-01 2.719100000000000250e+02
1.581710062265887976e+09 -5.867999999999999883e-01 2.719100000000000250e+02
1.581710062365811110e+09 -5.867999999999999883e-01 2.719100000000000250e+02
1.581710062464999914e+09 -5.869999999999999662e-01 2.719100000000000250e+02
1.581710062564870119e+09 -5.870999999999999552e-01 2.719100000000000250e+02
1.581710062664741993e+09 -5.870999999999999552e-01 2.719100000000000250e+02
1.581710062763994932e+09 -5.869999999999999662e-01 2.719100000000000250e+02
1.581710062877851009e+09 -5.873000000000000442e-01 2.719100000000000250e+02
1.581710062976756096e+09 -5.874000000000000332e-01 2.719200000000000159e+02
1.581710063076745987e+09 -5.872000000000000552e-01 2.719200000000000159e+02
1.581710063176703930e+09 -5.812000000000000499e-01 2.719200000000000159e+02
1.581710063275873899e+09 -5.823000000000000398e-01 2.719200000000000159e+02
1.581710063375710964e+09 -5.834000000000000297e-01 2.719200000000000159e+02
1.581710063474777937e+09 -5.844000000000000306e-01 2.719200000000000159e+02
1.581710063574840069e+09 -5.846999999999999975e-01 2.719200000000000159e+02
1.581710063674868107e+09 -5.847999999999999865e-01 2.719200000000000159e+02
1.581710063773683071e+09 -5.846999999999999975e-01 2.719200000000000159e+02
1.581710063887768030e+09 -5.850999999999999535e-01 2.719200000000000159e+02
1.581710063987580061e+09 -5.875000000000000222e-01 2.719200000000000159e+02
1.581710064086654902e+09 -5.880999999999999561e-01 2.719200000000000159e+02
1.581710064186634064e+09 -5.883000000000000451e-01 2.719200000000000159e+02
1.581710064285657883e+09 -5.887000000000000011e-01 2.719300000000000068e+02
1.581710064385605097e+09 -5.887000000000000011e-01 2.719300000000000068e+02
1.581710064485590935e+09 -5.893000000000000460e-01 2.719300000000000068e+02
1.581710064584820986e+09 -5.888999999999999790e-01 2.719300000000000068e+02
1.581710064694715977e+09 -5.895000000000000240e-01 2.719300000000000068e+02
1.581710064794519901e+09 -5.940999999999999615e-01 2.719300000000000068e+02
1.581710064894287109e+09 -5.988999999999999879e-01 2.719300000000000068e+02
1.581710064994060040e+09 -5.990999999999999659e-01 2.719300000000000068e+02
1.581710065093832016e+09 -5.978999999999999870e-01 2.719300000000000068e+02
1.581710065193552017e+09 -5.977000000000000091e-01 2.719300000000000068e+02
1.581710065293335915e+09 -5.977999999999999980e-01 2.719399999999999977e+02
1.581710065393107891e+09 -5.981999999999999540e-01 2.719300000000000068e+02
1.581710065509404898e+09 -5.976000000000000201e-01 2.719300000000000068e+02
1.581710065609262943e+09 -5.978999999999999870e-01 2.719300000000000068e+02
1.581710065708554983e+09 -5.971999999999999531e-01 2.719300000000000068e+02
1.581710065808552980e+09 -5.893000000000000460e-01 2.719399999999999977e+02
1.581710065907588005e+09 -5.794000000000000261e-01 2.719399999999999977e+02
1.581710066007561922e+09 -5.731000000000000538e-01 2.719399999999999977e+02
1.581710066107464075e+09 -5.752000000000000446e-01 2.719399999999999977e+02
1.581710066206566095e+09 -5.780999999999999472e-01 2.719399999999999977e+02
1.581710066306504965e+09 -5.808999999999999719e-01 2.719399999999999977e+02
1.581710066420701981e+09 -5.827999999999999847e-01 2.719300000000000068e+02
1.581710066519517899e+09 -5.829999999999999627e-01 2.719399999999999977e+02
1.581710066619414091e+09 -5.834000000000000297e-01 2.719399999999999977e+02
1.581710066719546080e+09 -5.833000000000000407e-01 2.719399999999999977e+02
1.581710066818530083e+09 -5.834000000000000297e-01 2.719399999999999977e+02
1.581710066918330908e+09 -5.906000000000000139e-01 2.719399999999999977e+02
1.581710067017472982e+09 -5.907000000000000028e-01 2.719399999999999977e+02
1.581710067117414951e+09 -5.907000000000000028e-01 2.719399999999999977e+02
1.581710067217365026e+09 -5.897999999999999909e-01 2.719399999999999977e+02
1.581710067331408024e+09 -5.879999999999999671e-01 2.719399999999999977e+02
1.581710067430560112e+09 -5.828999999999999737e-01 2.719399999999999977e+02
1.581710067530384064e+09 -5.838999999999999746e-01 2.719399999999999977e+02
1.581710067629528046e+09 -5.845000000000000195e-01 2.719399999999999977e+02
1.581710067729331970e+09 -5.862000000000000544e-01 2.719399999999999977e+02
1.581710067829319000e+09 -5.865000000000000213e-01 2.719399999999999977e+02
1.581710067925662041e+09 -5.868999999999999773e-01 2.719399999999999977e+02
1.581710068028393984e+09 -5.868999999999999773e-01 2.719399999999999977e+02
1.581710068123323917e+09 -5.870999999999999552e-01 2.719399999999999977e+02
1.581710068227571011e+09 -5.870999999999999552e-01 2.719399999999999977e+02
1.581710068341526031e+09 -5.872000000000000552e-01 2.719399999999999977e+02
1.581710068435898066e+09 -5.873000000000000442e-01 2.719499999999999886e+02
1.581710068535660028e+09 -5.872000000000000552e-01 2.719499999999999886e+02
1.581710068635401011e+09 -5.874000000000000332e-01 2.719499999999999886e+02
1.581710068735124111e+09 -5.874000000000000332e-01 2.719499999999999886e+02
1.581710068834916115e+09 -5.875000000000000222e-01 2.719499999999999886e+02
1.581710068934680939e+09 -5.872000000000000552e-01 2.719499999999999886e+02
1.581710069034400940e+09 -5.772000000000000464e-01 2.719499999999999886e+02
1.581710069150842905e+09 -5.777999999999999803e-01 2.719499999999999886e+02
1.581710069250613928e+09 -5.782000000000000473e-01 2.719499999999999886e+02
1.581710069350388050e+09 -5.780999999999999472e-01 2.719499999999999886e+02
1.581710069450129986e+09 -5.764000000000000234e-01 2.719499999999999886e+02
1.581710069549890995e+09 -5.803000000000000380e-01 2.719499999999999886e+02
1.581710069649658918e+09 -5.818999999999999728e-01 2.719499999999999886e+02
1.581710069749419928e+09 -5.839999999999999636e-01 2.719499999999999886e+02
1.581710069849487066e+09 -5.839999999999999636e-01 2.719499999999999886e+02
1.581710069948306084e+09 -5.839999999999999636e-01 2.719499999999999886e+02
1.581710070048193932e+09 -5.844000000000000306e-01 2.719499999999999886e+02
1.581710070162211895e+09 -5.844000000000000306e-01 2.719499999999999886e+02
1.581710070262197018e+09 -5.846000000000000085e-01 2.719499999999999886e+02
1.581710070361251116e+09 -5.847999999999999865e-01 2.719499999999999886e+02
1.581710070461206913e+09 -5.850999999999999535e-01 2.719499999999999886e+02
1.581710070560224056e+09 -5.848999999999999755e-01 2.719499999999999886e+02
1.581710070660101891e+09 -5.843000000000000416e-01 2.719499999999999886e+02
1.581710070759300947e+09 -5.838999999999999746e-01 2.719499999999999886e+02
1.581710070859349966e+09 -5.625999999999999890e-01 2.719499999999999886e+02
1.581710070973336935e+09 -5.668999999999999595e-01 2.719499999999999886e+02
1.581710071073076010e+09 -5.699999999999999512e-01 2.719499999999999886e+02
1.581710071172223091e+09 -5.692000000000000393e-01 2.719499999999999886e+02
1.581710071272164106e+09 -5.688999999999999613e-01 2.719599999999999795e+02
1.581710071371234894e+09 -5.685000000000000053e-01 2.719599999999999795e+02
1.581710071471172094e+09 -5.689999999999999503e-01 2.719499999999999886e+02
1.581710071571075916e+09 -5.693000000000000282e-01 2.719599999999999795e+02
1.581710071664894104e+09 -5.688999999999999613e-01 2.719599999999999795e+02
1.581710071770107031e+09 -5.688999999999999613e-01 2.719599999999999795e+02
1.581710071869296074e+09 -5.691000000000000503e-01 2.719599999999999795e+02
1.581710071983292103e+09 -5.691000000000000503e-01 2.719499999999999886e+02
1.581710072083061934e+09 -5.702000000000000401e-01 2.719499999999999886e+02
1.581710072183059931e+09 -5.713000000000000300e-01 2.719499999999999886e+02
1.581710072280181885e+09 -5.719999999999999529e-01 2.719499999999999886e+02
1.581710072382138968e+09 -5.719999999999999529e-01 2.719499999999999886e+02
1.581710072481117010e+09 -5.719999999999999529e-01 2.719499999999999886e+02
1.581710072581146955e+09 -5.739999999999999547e-01 2.719499999999999886e+02
1.581710072675787926e+09 -5.766999999999999904e-01 2.719499999999999886e+02
1.581710072792227983e+09 -5.768999999999999684e-01 2.719499999999999886e+02
1.581710072891963005e+09 -5.770999999999999464e-01 2.719499999999999886e+02
1.581710072991739035e+09 -5.772000000000000464e-01 2.719499999999999886e+02
1.581710073091471910e+09 -5.809999999999999609e-01 2.719499999999999886e+02
1.581710073191261053e+09 -5.825000000000000178e-01 2.719599999999999795e+02
1.581710073291100025e+09 -5.826000000000000068e-01 2.719599999999999795e+02
1.581710073390779972e+09 -5.829999999999999627e-01 2.719599999999999795e+02
1.581710073490540981e+09 -5.820999999999999508e-01 2.719599999999999795e+02
1.581710073590307951e+09 -5.826000000000000068e-01 2.719599999999999795e+02
1.581710073690080881e+09 -5.825000000000000178e-01 2.719599999999999795e+02
1.581710073804892063e+09 -5.823000000000000398e-01 2.719599999999999795e+02
1.581710073903999090e+09 -5.820999999999999508e-01 2.719599999999999795e+02
1.581710074003834009e+09 -5.818999999999999728e-01 2.719599999999999795e+02
1.581710074102885962e+09 -5.815000000000000169e-01 2.719599999999999795e+02
1.581710074202904940e+09 -5.816999999999999948e-01 2.719599999999999795e+02
1.581710074302015066e+09 -5.815000000000000169e-01 2.719599999999999795e+02
1.581710074401897907e+09 -5.817999999999999838e-01 2.719499999999999886e+02
1.581710074501785040e+09 -5.816999999999999948e-01 2.719499999999999886e+02
1.581710074600964069e+09 -5.817999999999999838e-01 2.719599999999999795e+02
1.581710074714833021e+09 -5.817999999999999838e-01 2.719499999999999886e+02
1.581710074814718008e+09 -5.816999999999999948e-01 2.719499999999999886e+02
1.581710074913832903e+09 -5.804000000000000270e-01 2.719599999999999795e+02
1.581710075013770103e+09 -5.810999999999999499e-01 2.719599999999999795e+02
1.581710075113822937e+09 -5.802000000000000490e-01 2.719599999999999795e+02
1.581710075212964058e+09 -5.807999999999999829e-01 2.719599999999999795e+02
1.581710075312810898e+09 -5.806999999999999940e-01 2.719599999999999795e+02
1.581710075408339024e+09 -5.812000000000000499e-01 2.719599999999999795e+02
1.581710075525885105e+09 -5.816999999999999948e-01 2.719599999999999795e+02
1.581710075625837088e+09 -5.815000000000000169e-01 2.719599999999999795e+02
1.581710075724858046e+09 -5.816000000000000059e-01 2.719599999999999795e+02
1.581710075824768066e+09 -5.817999999999999838e-01 2.719599999999999795e+02
1.581710075924719095e+09 -5.820999999999999508e-01 2.719599999999999795e+02
1.581710076023817062e+09 -5.824000000000000288e-01 2.719700000000000273e+02
1.581710076123625994e+09 -5.827999999999999847e-01 2.719700000000000273e+02
1.581710076222637892e+09 -5.827999999999999847e-01 2.719700000000000273e+02
1.581710076322662115e+09 -5.830999999999999517e-01 2.719599999999999795e+02
1.581710076422723055e+09 -5.866000000000000103e-01 2.719700000000000273e+02
1.581710076521774054e+09 -5.866999999999999993e-01 2.719700000000000273e+02
1.581710076633105993e+09 -5.812000000000000499e-01 2.719700000000000273e+02
1.581710076732836008e+09 -5.802000000000000490e-01 2.719700000000000273e+02
1.581710076832588911e+09 -5.817999999999999838e-01 2.719700000000000273e+02
1.581710076932404995e+09 -5.818999999999999728e-01 2.719700000000000273e+02
1.581710077032085896e+09 -5.838999999999999746e-01 2.719700000000000273e+02
1.581710077131894112e+09 -5.837999999999999856e-01 2.719700000000000273e+02
1.581710077231723070e+09 -5.855000000000000204e-01 2.719700000000000273e+02
