# 
# Duration (in s): 30
# Pointing Position of the Horn: Calibrator paddle
# Angle pointing (from vertical): 69.65
# Calibrator used: YES
# Weather: very clear
# Units: microWatt
# Comments: pointing at sky (tenth of microwatt)
1.581709105342470884e+09 -6.026000000000000245e-01 2.725400000000000205e+02
1.581709105445518017e+09 -6.026000000000000245e-01 2.725400000000000205e+02
1.581709105545263052e+09 -6.025000000000000355e-01 2.725299999999999727e+02
1.581709105645181894e+09 -6.028000000000000025e-01 2.725299999999999727e+02
1.581709105744158030e+09 -6.024000000000000465e-01 2.725299999999999727e+02
1.581709105854430914e+09 -6.027000000000000135e-01 2.725299999999999727e+02
1.581709105953737020e+09 -6.026000000000000245e-01 2.725400000000000205e+02
1.581709106053956985e+09 -6.026000000000000245e-01 2.725400000000000205e+02
1.581709106153697968e+09 -6.025000000000000355e-01 2.725400000000000205e+02
1.581709106253473043e+09 -6.027000000000000135e-01 2.725400000000000205e+02
1.581709106353307009e+09 -6.022999999999999465e-01 2.725400000000000205e+02
1.581709106453010082e+09 -6.024000000000000465e-01 2.725400000000000205e+02
1.581709106552766085e+09 -6.021999999999999575e-01 2.725400000000000205e+02
1.581709106669147015e+09 -6.021999999999999575e-01 2.725500000000000114e+02
1.581709106769139051e+09 -6.022999999999999465e-01 2.725500000000000114e+02
1.581709106868156910e+09 -6.025000000000000355e-01 2.725500000000000114e+02
1.581709106968111992e+09 -6.025000000000000355e-01 2.725500000000000114e+02
1.581709107062962055e+09 -6.025000000000000355e-01 2.725500000000000114e+02
1.581709107167231083e+09 -6.024000000000000465e-01 2.725500000000000114e+02
1.581709107266395092e+09 -6.025000000000000355e-01 2.725500000000000114e+02
1.581709107367306948e+09 -6.022999999999999465e-01 2.725400000000000205e+02
1.581709107466051102e+09 -6.022999999999999465e-01 2.725400000000000205e+02
1.581709107580035925e+09 -6.024000000000000465e-01 2.725400000000000205e+02
1.581709107679023981e+09 -6.024000000000000465e-01 2.725500000000000114e+02
1.581709107779081106e+09 -6.025000000000000355e-01 2.725500000000000114e+02
1.581709107878940105e+09 -6.022999999999999465e-01 2.725500000000000114e+02
1.581709107978148937e+09 -6.024000000000000465e-01 2.725500000000000114e+02
1.581709108077990055e+09 -6.022999999999999465e-01 2.725500000000000114e+02
1.581709108177983046e+09 -6.022999999999999465e-01 2.725500000000000114e+02
1.581709108276978970e+09 -6.024000000000000465e-01 2.725500000000000114e+02
1.581709108377029896e+09 -6.026000000000000245e-01 2.725600000000000023e+02
1.581709108475996971e+09 -6.025000000000000355e-01 2.725500000000000114e+02
1.581709108589956999e+09 -6.019999999999999796e-01 2.725500000000000114e+02
1.581709108689927101e+09 -6.019999999999999796e-01 2.725500000000000114e+02
1.581709108788957119e+09 -6.020999999999999686e-01 2.725500000000000114e+02
1.581709108888849020e+09 -6.019999999999999796e-01 2.725500000000000114e+02
1.581709108986071110e+09 -6.021999999999999575e-01 2.725500000000000114e+02
1.581709109086437941e+09 -6.019999999999999796e-01 2.725500000000000114e+02
1.581709109182888031e+09 -6.020999999999999686e-01 2.725600000000000023e+02
1.581709109282455921e+09 -6.021999999999999575e-01 2.725600000000000023e+02
1.581709109381649971e+09 -6.019999999999999796e-01 2.725500000000000114e+02
1.581709109498933077e+09 -6.028000000000000025e-01 2.725600000000000023e+02
1.581709109597668886e+09 -6.020999999999999686e-01 2.725600000000000023e+02
1.581709109696788073e+09 -6.021999999999999575e-01 2.725600000000000023e+02
1.581709109795059919e+09 -6.020999999999999686e-01 2.725600000000000023e+02
1.581709109894856930e+09 -6.020999999999999686e-01 2.725600000000000023e+02
1.581709109994571924e+09 -6.020999999999999686e-01 2.725600000000000023e+02
1.581709110094352007e+09 -6.022999999999999465e-01 2.725600000000000023e+02
1.581709110195838928e+09 -6.020999999999999686e-01 2.725600000000000023e+02
1.581709110293886900e+09 -6.022999999999999465e-01 2.725600000000000023e+02
1.581709110410271883e+09 -6.024000000000000465e-01 2.725600000000000023e+02
1.581709110510035038e+09 -6.025000000000000355e-01 2.725600000000000023e+02
1.581709110609797955e+09 -6.025000000000000355e-01 2.725600000000000023e+02
1.581709110706238985e+09 -6.026000000000000245e-01 2.725600000000000023e+02
1.581709110809346914e+09 -6.022999999999999465e-01 2.725699999999999932e+02
1.581709110908741951e+09 -6.024000000000000465e-01 2.725699999999999932e+02
1.581709111008785963e+09 -6.024000000000000465e-01 2.725699999999999932e+02
1.581709111108622074e+09 -6.027000000000000135e-01 2.725699999999999932e+02
1.581709111207757950e+09 -6.021999999999999575e-01 2.725699999999999932e+02
1.581709111303914070e+09 -6.022999999999999465e-01 2.725699999999999932e+02
1.581709111421679974e+09 -6.022999999999999465e-01 2.725699999999999932e+02
1.581709111520751953e+09 -6.020999999999999686e-01 2.725699999999999932e+02
1.581709111620723963e+09 -6.021999999999999575e-01 2.725699999999999932e+02
1.581709111719750881e+09 -6.019999999999999796e-01 2.725699999999999932e+02
1.581709111815846920e+09 -6.020999999999999686e-01 2.725699999999999932e+02
1.581709111919498920e+09 -6.019999999999999796e-01 2.725699999999999932e+02
1.581709112018688917e+09 -6.020999999999999686e-01 2.725699999999999932e+02
1.581709112118735075e+09 -6.020999999999999686e-01 2.725699999999999932e+02
1.581709112232701063e+09 -6.019999999999999796e-01 2.725699999999999932e+02
1.581709112331609964e+09 -6.020999999999999686e-01 2.725699999999999932e+02
1.581709112431636095e+09 -6.019999999999999796e-01 2.725699999999999932e+02
1.581709112526001930e+09 -6.021999999999999575e-01 2.725799999999999841e+02
1.581709112630829096e+09 -6.020999999999999686e-01 2.725799999999999841e+02
1.581709112730663061e+09 -6.019999999999999796e-01 2.725799999999999841e+02
1.581709112829602003e+09 -6.021999999999999575e-01 2.725799999999999841e+02
1.581709112929641962e+09 -6.020999999999999686e-01 2.725799999999999841e+02
1.581709113024763107e+09 -6.019999999999999796e-01 2.725799999999999841e+02
1.581709113128446102e+09 -6.025000000000000355e-01 2.725799999999999841e+02
1.581709113242625952e+09 -6.024000000000000465e-01 2.725799999999999841e+02
1.581709113341660023e+09 -6.022999999999999465e-01 2.725799999999999841e+02
1.581709113441488028e+09 -6.024000000000000465e-01 2.725799999999999841e+02
1.581709113541630030e+09 -6.021999999999999575e-01 2.725799999999999841e+02
1.581709113641681910e+09 -6.021999999999999575e-01 2.725799999999999841e+02
1.581709113735704899e+09 -6.021999999999999575e-01 2.725799999999999841e+02
1.581709113840549946e+09 -6.022999999999999465e-01 2.725899999999999750e+02
1.581709113935254097e+09 -6.025000000000000355e-01 2.725899999999999750e+02
1.581709114035105944e+09 -6.022999999999999465e-01 2.725899999999999750e+02
1.581709114134777069e+09 -6.018000000000000016e-01 2.725899999999999750e+02
1.581709114251168966e+09 -6.019999999999999796e-01 2.725899999999999750e+02
1.581709114350940943e+09 -6.019999999999999796e-01 2.725899999999999750e+02
1.581709114451574087e+09 -6.020999999999999686e-01 2.725899999999999750e+02
1.581709114550462961e+09 -6.019999999999999796e-01 2.725899999999999750e+02
1.581709114650233030e+09 -6.019999999999999796e-01 2.725899999999999750e+02
1.581709114749986887e+09 -6.017000000000000126e-01 2.725899999999999750e+02
1.581709114849771976e+09 -6.018999999999999906e-01 2.725899999999999750e+02
1.581709114949495077e+09 -6.016000000000000236e-01 2.725899999999999750e+02
1.581709115045393944e+09 -6.016000000000000236e-01 2.725899999999999750e+02
1.581709115146384954e+09 -6.019999999999999796e-01 2.725899999999999750e+02
1.581709115262490034e+09 -6.021999999999999575e-01 2.725899999999999750e+02
1.581709115357840061e+09 -6.018999999999999906e-01 2.725899999999999750e+02
1.581709115457704067e+09 -6.017000000000000126e-01 2.725899999999999750e+02
1.581709115561419010e+09 -6.018999999999999906e-01 2.725899999999999750e+02
1.581709115660872936e+09 -6.030999999999999694e-01 2.725899999999999750e+02
1.581709115760396957e+09 -6.011999999999999567e-01 2.725899999999999750e+02
1.581709115855524063e+09 -6.020999999999999686e-01 2.726000000000000227e+02
1.581709115960503101e+09 -6.018999999999999906e-01 2.726000000000000227e+02
1.581709116059417009e+09 -6.019999999999999796e-01 2.726000000000000227e+02
1.581709116159562111e+09 -6.018999999999999906e-01 2.726000000000000227e+02
1.581709116273219109e+09 -6.018000000000000016e-01 2.726000000000000227e+02
1.581709116372343063e+09 -6.018999999999999906e-01 2.726000000000000227e+02
1.581709116472377062e+09 -6.020999999999999686e-01 2.726000000000000227e+02
1.581709116571388006e+09 -6.018999999999999906e-01 2.726000000000000227e+02
1.581709116671344042e+09 -6.020999999999999686e-01 2.726000000000000227e+02
1.581709116771359921e+09 -6.019999999999999796e-01 2.726000000000000227e+02
1.581709116870371103e+09 -6.021999999999999575e-01 2.726000000000000227e+02
1.581709116967685938e+09 -6.018999999999999906e-01 2.726000000000000227e+02
1.581709117069278002e+09 -6.018000000000000016e-01 2.726000000000000227e+02
1.581709117183131933e+09 -6.019999999999999796e-01 2.726000000000000227e+02
1.581709117283087015e+09 -6.018000000000000016e-01 2.726000000000000227e+02
1.581709117382567883e+09 -6.018000000000000016e-01 2.726000000000000227e+02
1.581709117479496002e+09 -6.019999999999999796e-01 2.726000000000000227e+02
1.581709117581186056e+09 -6.022999999999999465e-01 2.726000000000000227e+02
1.581709117680764914e+09 -6.021999999999999575e-01 2.726000000000000227e+02
1.581709117781245947e+09 -6.020999999999999686e-01 2.726000000000000227e+02
1.581709117881207943e+09 -6.018999999999999906e-01 2.726000000000000227e+02
1.581709117975636005e+09 -6.022999999999999465e-01 2.726000000000000227e+02
1.581709118092041969e+09 -6.020999999999999686e-01 2.726000000000000227e+02
1.581709118191806078e+09 -6.021999999999999575e-01 2.726000000000000227e+02
1.581709118291558981e+09 -6.020999999999999686e-01 2.726000000000000227e+02
1.581709118391324997e+09 -6.021999999999999575e-01 2.726000000000000227e+02
1.581709118491090059e+09 -6.020999999999999686e-01 2.726000000000000227e+02
1.581709118590866089e+09 -6.021999999999999575e-01 2.726100000000000136e+02
1.581709118690619946e+09 -6.020999999999999686e-01 2.726100000000000136e+02
1.581709118790354967e+09 -6.024000000000000465e-01 2.726100000000000136e+02
1.581709118890152931e+09 -6.022999999999999465e-01 2.726100000000000136e+02
1.581709118989923000e+09 -6.020999999999999686e-01 2.726100000000000136e+02
1.581709119099728107e+09 -6.020999999999999686e-01 2.726100000000000136e+02
1.581709119204366922e+09 -6.024000000000000465e-01 2.726100000000000136e+02
1.581709119304172993e+09 -6.020999999999999686e-01 2.726100000000000136e+02
1.581709119403079987e+09 -6.020999999999999686e-01 2.726100000000000136e+02
1.581709119503125906e+09 -6.020999999999999686e-01 2.726100000000000136e+02
1.581709119602149010e+09 -6.019999999999999796e-01 2.726100000000000136e+02
1.581709119702053070e+09 -6.019999999999999796e-01 2.726100000000000136e+02
1.581709119802014112e+09 -6.019999999999999796e-01 2.726100000000000136e+02
1.581709119900876999e+09 -6.022999999999999465e-01 2.726100000000000136e+02
1.581709120001028061e+09 -6.022999999999999465e-01 2.726100000000000136e+02
1.581709120114094019e+09 -6.018999999999999906e-01 2.726100000000000136e+02
1.581709120214020967e+09 -6.022999999999999465e-01 2.726100000000000136e+02
1.581709120314147949e+09 -6.021999999999999575e-01 2.726100000000000136e+02
1.581709120413150072e+09 -6.020999999999999686e-01 2.726100000000000136e+02
1.581709120512983084e+09 -6.019999999999999796e-01 2.726100000000000136e+02
1.581709120612102985e+09 -6.018000000000000016e-01 2.726100000000000136e+02
1.581709120711910963e+09 -6.017000000000000126e-01 2.726100000000000136e+02
1.581709120812079906e+09 -6.020999999999999686e-01 2.726100000000000136e+02
1.581709120911147118e+09 -6.019999999999999796e-01 2.726100000000000136e+02
1.581709121025049925e+09 -6.020999999999999686e-01 2.726100000000000136e+02
1.581709121125118017e+09 -6.020999999999999686e-01 2.726100000000000136e+02
1.581709121223113060e+09 -6.021999999999999575e-01 2.726100000000000136e+02
1.581709121318567991e+09 -6.020999999999999686e-01 2.726100000000000136e+02
1.581709121418955088e+09 -6.020999999999999686e-01 2.726100000000000136e+02
1.581709121522881985e+09 -6.025000000000000355e-01 2.726100000000000136e+02
1.581709121623009920e+09 -6.021999999999999575e-01 2.726100000000000136e+02
1.581709121721556902e+09 -6.025000000000000355e-01 2.726100000000000136e+02
1.581709121822150946e+09 -6.026000000000000245e-01 2.726100000000000136e+02
1.581709121932904005e+09 -6.021999999999999575e-01 2.726100000000000136e+02
1.581709122031116009e+09 -6.025000000000000355e-01 2.726100000000000136e+02
1.581709122131879091e+09 -6.022999999999999465e-01 2.726100000000000136e+02
1.581709122230957031e+09 -6.020999999999999686e-01 2.726100000000000136e+02
1.581709122328959942e+09 -6.020999999999999686e-01 2.726100000000000136e+02
1.581709122428911924e+09 -6.020999999999999686e-01 2.726100000000000136e+02
1.581709122531482935e+09 -6.021999999999999575e-01 2.726100000000000136e+02
1.581709122629004955e+09 -6.024000000000000465e-01 2.726100000000000136e+02
1.581709122731024981e+09 -6.022999999999999465e-01 2.726100000000000136e+02
1.581709122830677986e+09 -6.017000000000000126e-01 2.726100000000000136e+02
1.581709122946041107e+09 -6.024000000000000465e-01 2.726100000000000136e+02
1.581709123040076971e+09 -6.030999999999999694e-01 2.726100000000000136e+02
1.581709123140078068e+09 -6.026000000000000245e-01 2.726100000000000136e+02
1.581709123244740009e+09 -6.018999999999999906e-01 2.726100000000000136e+02
1.581709123342000008e+09 -6.019999999999999796e-01 2.726100000000000136e+02
1.581709123443612099e+09 -6.020999999999999686e-01 2.726100000000000136e+02
1.581709123543735981e+09 -6.019999999999999796e-01 2.726100000000000136e+02
1.581709123642678022e+09 -6.019999999999999796e-01 2.726100000000000136e+02
1.581709123742764950e+09 -6.024000000000000465e-01 2.726100000000000136e+02
1.581709123842899084e+09 -6.024000000000000465e-01 2.726100000000000136e+02
1.581709123952577114e+09 -6.022999999999999465e-01 2.726100000000000136e+02
1.581709124055075884e+09 -6.021999999999999575e-01 2.726100000000000136e+02
1.581709124154747009e+09 -6.021999999999999575e-01 2.726100000000000136e+02
1.581709124254717112e+09 -6.021999999999999575e-01 2.726100000000000136e+02
1.581709124354768991e+09 -6.022999999999999465e-01 2.726100000000000136e+02
1.581709124453771114e+09 -6.022999999999999465e-01 2.726100000000000136e+02
1.581709124553658009e+09 -6.024000000000000465e-01 2.726100000000000136e+02
1.581709124652745962e+09 -6.024000000000000465e-01 2.726100000000000136e+02
1.581709124752865076e+09 -6.022999999999999465e-01 2.726100000000000136e+02
1.581709124852861881e+09 -6.025000000000000355e-01 2.726100000000000136e+02
1.581709124966646910e+09 -6.024000000000000465e-01 2.726100000000000136e+02
1.581709125063399076e+09 -6.022999999999999465e-01 2.726100000000000136e+02
1.581709125161216974e+09 -6.021999999999999575e-01 2.726200000000000045e+02
1.581709125262393951e+09 -6.019999999999999796e-01 2.726200000000000045e+02
1.581709125364367008e+09 -6.024000000000000465e-01 2.726200000000000045e+02
1.581709125461458921e+09 -6.021999999999999575e-01 2.726100000000000136e+02
1.581709125559760094e+09 -6.024000000000000465e-01 2.726100000000000136e+02
1.581709125658577919e+09 -6.021999999999999575e-01 2.726100000000000136e+02
1.581709125758805990e+09 -6.021999999999999575e-01 2.726200000000000045e+02
1.581709125858408928e+09 -6.024000000000000465e-01 2.726200000000000045e+02
1.581709125973304033e+09 -6.025000000000000355e-01 2.726200000000000045e+02
1.581709126072992086e+09 -6.024000000000000465e-01 2.726200000000000045e+02
1.581709126170149088e+09 -6.022999999999999465e-01 2.726200000000000045e+02
1.581709126272624016e+09 -6.026000000000000245e-01 2.726200000000000045e+02
1.581709126373361111e+09 -6.025000000000000355e-01 2.726200000000000045e+02
1.581709126472038984e+09 -6.024000000000000465e-01 2.726200000000000045e+02
1.581709126568886995e+09 -6.027000000000000135e-01 2.726200000000000045e+02
1.581709126671566010e+09 -6.026000000000000245e-01 2.726200000000000045e+02
1.581709126771426916e+09 -6.025000000000000355e-01 2.726200000000000045e+02
1.581709126886595964e+09 -6.026000000000000245e-01 2.726200000000000045e+02
1.581709126981183052e+09 -6.028000000000000025e-01 2.726200000000000045e+02
1.581709127085355997e+09 -6.018999999999999906e-01 2.726200000000000045e+02
1.581709127181787968e+09 -6.024000000000000465e-01 2.726200000000000045e+02
1.581709127285490036e+09 -6.020999999999999686e-01 2.726200000000000045e+02
1.581709127378961086e+09 -6.024000000000000465e-01 2.726200000000000045e+02
1.581709127480390072e+09 -6.027000000000000135e-01 2.726200000000000045e+02
1.581709127583380938e+09 -6.024000000000000465e-01 2.726200000000000045e+02
1.581709127697416067e+09 -6.025000000000000355e-01 2.726200000000000045e+02
1.581709127797157049e+09 -6.020999999999999686e-01 2.726200000000000045e+02
1.581709127897494078e+09 -6.022999999999999465e-01 2.726200000000000045e+02
1.581709127992604971e+09 -6.024000000000000465e-01 2.726299999999999955e+02
1.581709128093498945e+09 -6.022999999999999465e-01 2.726299999999999955e+02
1.581709128195296049e+09 -6.022999999999999465e-01 2.726200000000000045e+02
1.581709128295150995e+09 -6.020999999999999686e-01 2.726299999999999955e+02
1.581709128395654917e+09 -6.021999999999999575e-01 2.726299999999999955e+02
1.581709128494560003e+09 -6.021999999999999575e-01 2.726299999999999955e+02
1.581709128608405113e+09 -6.021999999999999575e-01 2.726299999999999955e+02
1.581709128707387924e+09 -6.022999999999999465e-01 2.726299999999999955e+02
1.581709128807338953e+09 -6.022999999999999465e-01 2.726299999999999955e+02
1.581709128907313108e+09 -6.025000000000000355e-01 2.726299999999999955e+02
1.581709129007350922e+09 -6.022999999999999465e-01 2.726299999999999955e+02
1.581709129106528997e+09 -6.021999999999999575e-01 2.726299999999999955e+02
1.581709129206235886e+09 -6.021999999999999575e-01 2.726299999999999955e+02
1.581709129304980993e+09 -6.024000000000000465e-01 2.726299999999999955e+02
1.581709129400755882e+09 -6.025000000000000355e-01 2.726299999999999955e+02
1.581709129503221989e+09 -6.022999999999999465e-01 2.726299999999999955e+02
1.581709129614654064e+09 -6.024000000000000465e-01 2.726299999999999955e+02
1.581709129713540077e+09 -6.024000000000000465e-01 2.726299999999999955e+02
1.581709129814198017e+09 -6.024000000000000465e-01 2.726299999999999955e+02
1.581709129912662983e+09 -6.027000000000000135e-01 2.726399999999999864e+02
1.581709130013720989e+09 -6.019999999999999796e-01 2.726399999999999864e+02
1.581709130110882998e+09 -6.027000000000000135e-01 2.726399999999999864e+02
1.581709130213251114e+09 -6.024000000000000465e-01 2.726399999999999864e+02
1.581709130311752081e+09 -6.020999999999999686e-01 2.726399999999999864e+02
1.581709130410933018e+09 -6.024000000000000465e-01 2.726399999999999864e+02
1.581709130512554884e+09 -6.022999999999999465e-01 2.726399999999999864e+02
1.581709130628168106e+09 -6.020999999999999686e-01 2.726399999999999864e+02
1.581709130728100061e+09 -6.022999999999999465e-01 2.726399999999999864e+02
1.581709130823826075e+09 -6.020999999999999686e-01 2.726399999999999864e+02
1.581709130927223921e+09 -6.024000000000000465e-01 2.726399999999999864e+02
1.581709131027184963e+09 -6.022999999999999465e-01 2.726399999999999864e+02
1.581709131126036882e+09 -6.022999999999999465e-01 2.726399999999999864e+02
1.581709131222042084e+09 -6.024000000000000465e-01 2.726399999999999864e+02
1.581709131325902939e+09 -6.021999999999999575e-01 2.726499999999999773e+02
1.581709131422395945e+09 -6.024000000000000465e-01 2.726499999999999773e+02
1.581709131523277998e+09 -6.021999999999999575e-01 2.726499999999999773e+02
1.581709131639225006e+09 -6.022999999999999465e-01 2.726499999999999773e+02
1.581709131738123894e+09 -6.022999999999999465e-01 2.726499999999999773e+02
1.581709131838102102e+09 -6.025000000000000355e-01 2.726499999999999773e+02
1.581709131932393074e+09 -6.025000000000000355e-01 2.726499999999999773e+02
1.581709132037230015e+09 -6.026000000000000245e-01 2.726499999999999773e+02
1.581709132136842966e+09 -6.024000000000000465e-01 2.726600000000000250e+02
1.581709132235882998e+09 -6.022999999999999465e-01 2.726600000000000250e+02
1.581709132336097002e+09 -6.024000000000000465e-01 2.726600000000000250e+02
1.581709132435050964e+09 -6.022999999999999465e-01 2.726600000000000250e+02
1.581709132549323082e+09 -6.022999999999999465e-01 2.726600000000000250e+02
1.581709132649096012e+09 -6.024000000000000465e-01 2.726600000000000250e+02
1.581709132748051882e+09 -6.022999999999999465e-01 2.726600000000000250e+02
1.581709132848103046e+09 -6.022999999999999465e-01 2.726600000000000250e+02
1.581709132947973013e+09 -6.025000000000000355e-01 2.726600000000000250e+02
1.581709133042300940e+09 -6.024000000000000465e-01 2.726700000000000159e+02
1.581709133147156000e+09 -6.022999999999999465e-01 2.726700000000000159e+02
1.581709133246949911e+09 -6.022999999999999465e-01 2.726700000000000159e+02
1.581709133345941067e+09 -6.019999999999999796e-01 2.726700000000000159e+02
1.581709133460237026e+09 -6.020999999999999686e-01 2.726700000000000159e+02
1.581709133555310011e+09 -6.020999999999999686e-01 2.726700000000000159e+02
1.581709133659002066e+09 -6.022999999999999465e-01 2.726700000000000159e+02
1.581709133754832983e+09 -6.021999999999999575e-01 2.726800000000000068e+02
1.581709133854614973e+09 -6.020999999999999686e-01 2.726800000000000068e+02
1.581709133954365969e+09 -6.019999999999999796e-01 2.726800000000000068e+02
1.581709134054132938e+09 -6.020999999999999686e-01 2.726800000000000068e+02
1.581709134153893948e+09 -6.020999999999999686e-01 2.726800000000000068e+02
1.581709134253667116e+09 -6.024000000000000465e-01 2.726800000000000068e+02
1.581709134353427887e+09 -6.021999999999999575e-01 2.726800000000000068e+02
1.581709134469821930e+09 -6.022999999999999465e-01 2.726899999999999977e+02
1.581709134569576025e+09 -6.021999999999999575e-01 2.726899999999999977e+02
1.581709134669346094e+09 -6.024000000000000465e-01 2.726899999999999977e+02
1.581709134768935919e+09 -6.022999999999999465e-01 2.726899999999999977e+02
1.581709134869024038e+09 -6.021999999999999575e-01 2.726899999999999977e+02
1.581709134968008995e+09 -6.020999999999999686e-01 2.726899999999999977e+02
1.581709135067823887e+09 -6.020999999999999686e-01 2.726899999999999977e+02
1.581709135167923927e+09 -6.020999999999999686e-01 2.726999999999999886e+02
1.581709135264085054e+09 -6.020999999999999686e-01 2.726999999999999886e+02
