# 
# Duration (in s): 60
# Pointing Position of the Horn: Calibrator paddle
# Angle pointing (from vertical): 79.75
# Calibrator used: YES
# Weather: very clear
# Units: tenth microWatt
# Comments: sky dip 80
1.582319840650783062e+09 5.504999999999999893e-01 0.000000000000000000e+00
1.582319840770049095e+09 5.504000000000000004e-01 0.000000000000000000e+00
1.582319840869827986e+09 5.504000000000000004e-01 0.000000000000000000e+00
1.582319840985557079e+09 5.504000000000000004e-01 0.000000000000000000e+00
1.582319841082462072e+09 5.504999999999999893e-01 0.000000000000000000e+00
1.582319841184617043e+09 5.505999999999999783e-01 0.000000000000000000e+00
1.582319841284462929e+09 5.504000000000000004e-01 0.000000000000000000e+00
1.582319841382695913e+09 5.504000000000000004e-01 0.000000000000000000e+00
1.582319841482516050e+09 5.504000000000000004e-01 0.000000000000000000e+00
1.582319841579713106e+09 5.504000000000000004e-01 0.000000000000000000e+00
1.582319841678803921e+09 5.504999999999999893e-01 0.000000000000000000e+00
1.582319841790514946e+09 5.503000000000000114e-01 0.000000000000000000e+00
1.582319841894156933e+09 5.504000000000000004e-01 0.000000000000000000e+00
1.582319841991198063e+09 5.503000000000000114e-01 0.000000000000000000e+00
1.582319842094460964e+09 5.503000000000000114e-01 0.000000000000000000e+00
1.582319842193500996e+09 5.504000000000000004e-01 0.000000000000000000e+00
1.582319842293387890e+09 5.504000000000000004e-01 0.000000000000000000e+00
1.582319842392431974e+09 5.503000000000000114e-01 0.000000000000000000e+00
1.582319842491239071e+09 5.503000000000000114e-01 0.000000000000000000e+00
1.582319842589062929e+09 5.504000000000000004e-01 0.000000000000000000e+00
1.582319842705382109e+09 5.503000000000000114e-01 0.000000000000000000e+00
1.582319842804346085e+09 5.504999999999999893e-01 0.000000000000000000e+00
1.582319842901783943e+09 5.505999999999999783e-01 0.000000000000000000e+00
1.582319843000586033e+09 5.504999999999999893e-01 0.000000000000000000e+00
1.582319843103323936e+09 5.503000000000000114e-01 0.000000000000000000e+00
1.582319843197622061e+09 5.501000000000000334e-01 0.000000000000000000e+00
1.582319843297405005e+09 5.502000000000000224e-01 0.000000000000000000e+00
1.582319843397063017e+09 5.504999999999999893e-01 0.000000000000000000e+00
1.582319843513442993e+09 5.504999999999999893e-01 0.000000000000000000e+00
1.582319843613281012e+09 5.503000000000000114e-01 0.000000000000000000e+00
1.582319843713063002e+09 5.504999999999999893e-01 0.000000000000000000e+00
1.582319843812825918e+09 5.504999999999999893e-01 0.000000000000000000e+00
1.582319843908205986e+09 5.504000000000000004e-01 0.000000000000000000e+00
1.582319844009635925e+09 5.504000000000000004e-01 0.000000000000000000e+00
1.582319844111383915e+09 5.503000000000000114e-01 0.000000000000000000e+00
1.582319844211283922e+09 5.504000000000000004e-01 0.000000000000000000e+00
1.582319844320242882e+09 5.504999999999999893e-01 0.000000000000000000e+00
1.582319844424264908e+09 5.505999999999999783e-01 0.000000000000000000e+00
1.582319844524333000e+09 5.506999999999999673e-01 0.000000000000000000e+00
1.582319844620023966e+09 5.504999999999999893e-01 0.000000000000000000e+00
1.582319844723244905e+09 5.503000000000000114e-01 0.000000000000000000e+00
1.582319844817795038e+09 5.504999999999999893e-01 0.000000000000000000e+00
1.582319844922220945e+09 5.503000000000000114e-01 0.000000000000000000e+00
1.582319845020488977e+09 5.504000000000000004e-01 0.000000000000000000e+00
1.582319845132520914e+09 5.504999999999999893e-01 0.000000000000000000e+00
1.582319845229146004e+09 5.504999999999999893e-01 0.000000000000000000e+00
1.582319845333640099e+09 5.506999999999999673e-01 0.000000000000000000e+00
1.582319845433233023e+09 5.504999999999999893e-01 0.000000000000000000e+00
1.582319845532979965e+09 5.504999999999999893e-01 0.000000000000000000e+00
1.582319845630215883e+09 5.504000000000000004e-01 0.000000000000000000e+00
1.582319845728744030e+09 5.504999999999999893e-01 0.000000000000000000e+00
1.582319845826225996e+09 5.504999999999999893e-01 0.000000000000000000e+00
1.582319845944078922e+09 5.504000000000000004e-01 0.000000000000000000e+00
1.582319846040205002e+09 5.504000000000000004e-01 0.000000000000000000e+00
1.582319846139621019e+09 5.504000000000000004e-01 0.000000000000000000e+00
1.582319846241137981e+09 5.504999999999999893e-01 0.000000000000000000e+00
1.582319846340125084e+09 5.503000000000000114e-01 0.000000000000000000e+00
1.582319846441397905e+09 5.503000000000000114e-01 0.000000000000000000e+00
1.582319846541836023e+09 5.505999999999999783e-01 0.000000000000000000e+00
1.582319846639168978e+09 5.504000000000000004e-01 0.000000000000000000e+00
1.582319846755062103e+09 5.504000000000000004e-01 0.000000000000000000e+00
1.582319846852627993e+09 5.504000000000000004e-01 0.000000000000000000e+00
1.582319846954122066e+09 5.504999999999999893e-01 0.000000000000000000e+00
1.582319847052961111e+09 5.502000000000000224e-01 0.000000000000000000e+00
1.582319847147981882e+09 5.505999999999999783e-01 0.000000000000000000e+00
1.582319847252204895e+09 5.504000000000000004e-01 0.000000000000000000e+00
1.582319847351931095e+09 5.504000000000000004e-01 0.000000000000000000e+00
1.582319847449019909e+09 5.504000000000000004e-01 0.000000000000000000e+00
1.582319847564975023e+09 5.503000000000000114e-01 0.000000000000000000e+00
1.582319847663930893e+09 5.504000000000000004e-01 0.000000000000000000e+00
1.582319847761368990e+09 5.503000000000000114e-01 0.000000000000000000e+00
1.582319847862126112e+09 5.504999999999999893e-01 0.000000000000000000e+00
1.582319847962840080e+09 5.504000000000000004e-01 0.000000000000000000e+00
1.582319848061903000e+09 5.505999999999999783e-01 0.000000000000000000e+00
1.582319848158034086e+09 5.504999999999999893e-01 0.000000000000000000e+00
1.582319848260870934e+09 5.504000000000000004e-01 0.000000000000000000e+00
1.582319848369730949e+09 5.504999999999999893e-01 0.000000000000000000e+00
1.582319848471136093e+09 5.504000000000000004e-01 0.000000000000000000e+00
1.582319848573684931e+09 5.505999999999999783e-01 0.000000000000000000e+00
1.582319848667941093e+09 5.506999999999999673e-01 0.000000000000000000e+00
1.582319848772824049e+09 5.505999999999999783e-01 0.000000000000000000e+00
1.582319848871648073e+09 5.506999999999999673e-01 0.000000000000000000e+00
1.582319848967168093e+09 5.506999999999999673e-01 0.000000000000000000e+00
1.582319849066807985e+09 5.503000000000000114e-01 0.000000000000000000e+00
1.582319849183191061e+09 5.503000000000000114e-01 0.000000000000000000e+00
1.582319849283046961e+09 5.504999999999999893e-01 0.000000000000000000e+00
1.582319849378963947e+09 5.504000000000000004e-01 0.000000000000000000e+00
1.582319849482660055e+09 5.504999999999999893e-01 0.000000000000000000e+00
1.582319849582284927e+09 5.504999999999999893e-01 0.000000000000000000e+00
1.582319849681783915e+09 5.504000000000000004e-01 0.000000000000000000e+00
1.582319849778924942e+09 5.504999999999999893e-01 0.000000000000000000e+00
1.582319849893639088e+09 5.506999999999999673e-01 0.000000000000000000e+00
1.582319849994771004e+09 5.506999999999999673e-01 0.000000000000000000e+00
1.582319850094269037e+09 5.504000000000000004e-01 0.000000000000000000e+00
1.582319850193600893e+09 5.505999999999999783e-01 0.000000000000000000e+00
1.582319850293674946e+09 5.503000000000000114e-01 0.000000000000000000e+00
1.582319850391026974e+09 5.506999999999999673e-01 0.000000000000000000e+00
1.582319850490927935e+09 5.505999999999999783e-01 0.000000000000000000e+00
1.582319850591666937e+09 5.504999999999999893e-01 0.000000000000000000e+00
1.582319850702765942e+09 5.504000000000000004e-01 0.000000000000000000e+00
1.582319850799978018e+09 5.502000000000000224e-01 0.000000000000000000e+00
1.582319850904598951e+09 5.504999999999999893e-01 0.000000000000000000e+00
1.582319850998485088e+09 5.504999999999999893e-01 0.000000000000000000e+00
1.582319851101349115e+09 5.504999999999999893e-01 0.000000000000000000e+00
1.582319851202428102e+09 5.504999999999999893e-01 0.000000000000000000e+00
1.582319851301404953e+09 5.504000000000000004e-01 0.000000000000000000e+00
1.582319851397171974e+09 5.506999999999999673e-01 0.000000000000000000e+00
1.582319851511051893e+09 5.502000000000000224e-01 0.000000000000000000e+00
1.582319851610713005e+09 5.504999999999999893e-01 0.000000000000000000e+00
1.582319851711719990e+09 5.504999999999999893e-01 0.000000000000000000e+00
1.582319851810358047e+09 5.503000000000000114e-01 0.000000000000000000e+00
1.582319851910105944e+09 5.504000000000000004e-01 0.000000000000000000e+00
1.582319852009864092e+09 5.504000000000000004e-01 0.000000000000000000e+00
1.582319852109597921e+09 5.504999999999999893e-01 0.000000000000000000e+00
1.582319852225637913e+09 5.504999999999999893e-01 0.000000000000000000e+00
1.582319852322732925e+09 5.504000000000000004e-01 0.000000000000000000e+00
1.582319852424535036e+09 5.504000000000000004e-01 0.000000000000000000e+00
1.582319852524544001e+09 5.504999999999999893e-01 0.000000000000000000e+00
1.582319852620954990e+09 5.504000000000000004e-01 0.000000000000000000e+00
1.582319852723516941e+09 5.505999999999999783e-01 0.000000000000000000e+00
1.582319852822547913e+09 5.503000000000000114e-01 0.000000000000000000e+00
1.582319852918354988e+09 5.506999999999999673e-01 0.000000000000000000e+00
1.582319853021497011e+09 5.504999999999999893e-01 0.000000000000000000e+00
1.582319853135512114e+09 5.504000000000000004e-01 0.000000000000000000e+00
1.582319853231820107e+09 5.504000000000000004e-01 0.000000000000000000e+00
1.582319853334456921e+09 5.504000000000000004e-01 0.000000000000000000e+00
1.582319853433492899e+09 5.503000000000000114e-01 0.000000000000000000e+00
1.582319853530539036e+09 5.504000000000000004e-01 0.000000000000000000e+00
1.582319853632450104e+09 5.503000000000000114e-01 0.000000000000000000e+00
1.582319853732464075e+09 5.504999999999999893e-01 0.000000000000000000e+00
1.582319853828718901e+09 5.504999999999999893e-01 0.000000000000000000e+00
1.582319853942846060e+09 5.504000000000000004e-01 0.000000000000000000e+00
1.582319854044308901e+09 5.503000000000000114e-01 0.000000000000000000e+00
1.582319854143610954e+09 5.504000000000000004e-01 0.000000000000000000e+00
1.582319854243299961e+09 5.505999999999999783e-01 0.000000000000000000e+00
1.582319854343161106e+09 5.503000000000000114e-01 0.000000000000000000e+00
1.582319854440437078e+09 5.503000000000000114e-01 0.000000000000000000e+00
1.582319854542285919e+09 5.504000000000000004e-01 0.000000000000000000e+00
1.582319854650538921e+09 5.504999999999999893e-01 0.000000000000000000e+00
1.582319854753314972e+09 5.505999999999999783e-01 0.000000000000000000e+00
1.582319854853091002e+09 5.504999999999999893e-01 0.000000000000000000e+00
1.582319854952836037e+09 5.505999999999999783e-01 0.000000000000000000e+00
1.582319855051568031e+09 5.503000000000000114e-01 0.000000000000000000e+00
1.582319855152343988e+09 5.504999999999999893e-01 0.000000000000000000e+00
1.582319855252104044e+09 5.503000000000000114e-01 0.000000000000000000e+00
1.582319855349613905e+09 5.502000000000000224e-01 0.000000000000000000e+00
1.582319855465147018e+09 5.504000000000000004e-01 0.000000000000000000e+00
1.582319855560198069e+09 5.504999999999999893e-01 0.000000000000000000e+00
1.582319855662525892e+09 5.503000000000000114e-01 0.000000000000000000e+00
1.582319855764344931e+09 5.504999999999999893e-01 0.000000000000000000e+00
1.582319855863177061e+09 5.504999999999999893e-01 0.000000000000000000e+00
1.582319855959208965e+09 5.504000000000000004e-01 0.000000000000000000e+00
1.582319856062304020e+09 5.503000000000000114e-01 0.000000000000000000e+00
1.582319856162102938e+09 5.504000000000000004e-01 0.000000000000000000e+00
1.582319856256808043e+09 5.504999999999999893e-01 0.000000000000000000e+00
1.582319856375194073e+09 5.504999999999999893e-01 0.000000000000000000e+00
1.582319856474148989e+09 5.504000000000000004e-01 0.000000000000000000e+00
1.582319856571388006e+09 5.504999999999999893e-01 0.000000000000000000e+00
1.582319856673199892e+09 5.505999999999999783e-01 0.000000000000000000e+00
1.582319856773226023e+09 5.504000000000000004e-01 0.000000000000000000e+00
1.582319856869340897e+09 5.505999999999999783e-01 0.000000000000000000e+00
1.582319856972158909e+09 5.502000000000000224e-01 0.000000000000000000e+00
1.582319857071086884e+09 5.503000000000000114e-01 0.000000000000000000e+00
1.582319857171016932e+09 5.503000000000000114e-01 0.000000000000000000e+00
1.582319857280592918e+09 5.504999999999999893e-01 0.000000000000000000e+00
1.582319857380345106e+09 5.504000000000000004e-01 0.000000000000000000e+00
1.582319857478409052e+09 5.504999999999999893e-01 0.000000000000000000e+00
1.582319857579885006e+09 5.505999999999999783e-01 0.000000000000000000e+00
1.582319857679656029e+09 5.504999999999999893e-01 0.000000000000000000e+00
1.582319857776870012e+09 5.504999999999999893e-01 0.000000000000000000e+00
1.582319857879183054e+09 5.504999999999999893e-01 0.000000000000000000e+00
1.582319857978950977e+09 5.504999999999999893e-01 0.000000000000000000e+00
1.582319858091136932e+09 5.505999999999999783e-01 0.000000000000000000e+00
1.582319858194004059e+09 5.506999999999999673e-01 0.000000000000000000e+00
1.582319858294109106e+09 5.505999999999999783e-01 0.000000000000000000e+00
1.582319858388694048e+09 5.504000000000000004e-01 0.000000000000000000e+00
1.582319858490659952e+09 5.504999999999999893e-01 0.000000000000000000e+00
1.582319858591901064e+09 5.505999999999999783e-01 0.000000000000000000e+00
1.582319858687894106e+09 5.503000000000000114e-01 0.000000000000000000e+00
1.582319858790934086e+09 5.505999999999999783e-01 0.000000000000000000e+00
1.582319858886924028e+09 5.505999999999999783e-01 0.000000000000000000e+00
1.582319859001539946e+09 5.507999999999999563e-01 0.000000000000000000e+00
1.582319859102823973e+09 5.507999999999999563e-01 0.000000000000000000e+00
1.582319859202948093e+09 5.505999999999999783e-01 0.000000000000000000e+00
1.582319859299180984e+09 5.505999999999999783e-01 0.000000000000000000e+00
1.582319859401947021e+09 5.504000000000000004e-01 0.000000000000000000e+00
1.582319859500830889e+09 5.505999999999999783e-01 0.000000000000000000e+00
1.582319859600826979e+09 5.502000000000000224e-01 0.000000000000000000e+00
1.582319859700115919e+09 5.504000000000000004e-01 0.000000000000000000e+00
1.582319859813788891e+09 5.504000000000000004e-01 0.000000000000000000e+00
1.582319859909873962e+09 5.503000000000000114e-01 0.000000000000000000e+00
1.582319860012814999e+09 5.505999999999999783e-01 0.000000000000000000e+00
1.582319860107146025e+09 5.505999999999999783e-01 0.000000000000000000e+00
1.582319860207078934e+09 5.502000000000000224e-01 0.000000000000000000e+00
1.582319860306695938e+09 5.504000000000000004e-01 0.000000000000000000e+00
1.582319860406446934e+09 5.503000000000000114e-01 0.000000000000000000e+00
1.582319860504532099e+09 5.504000000000000004e-01 0.000000000000000000e+00
1.582319860609004021e+09 5.504000000000000004e-01 0.000000000000000000e+00
1.582319860722412109e+09 5.504999999999999893e-01 0.000000000000000000e+00
1.582319860818926096e+09 5.504999999999999893e-01 0.000000000000000000e+00
1.582319860921914101e+09 5.504999999999999893e-01 0.000000000000000000e+00
1.582319861021677017e+09 5.504999999999999893e-01 0.000000000000000000e+00
1.582319861117177010e+09 5.504999999999999893e-01 0.000000000000000000e+00
1.582319861220863104e+09 5.503000000000000114e-01 0.000000000000000000e+00
1.582319861320898056e+09 5.504000000000000004e-01 0.000000000000000000e+00
1.582319861414488077e+09 5.504000000000000004e-01 0.000000000000000000e+00
1.582319861533659935e+09 5.504000000000000004e-01 0.000000000000000000e+00
1.582319861632649899e+09 5.505999999999999783e-01 0.000000000000000000e+00
1.582319861729985952e+09 5.504000000000000004e-01 0.000000000000000000e+00
1.582319861831685066e+09 5.504000000000000004e-01 0.000000000000000000e+00
1.582319861926719904e+09 5.504000000000000004e-01 0.000000000000000000e+00
1.582319862027762890e+09 5.503000000000000114e-01 0.000000000000000000e+00
1.582319862130601883e+09 5.504999999999999893e-01 0.000000000000000000e+00
1.582319862229630947e+09 5.505999999999999783e-01 0.000000000000000000e+00
1.582319862329485893e+09 5.504000000000000004e-01 0.000000000000000000e+00
1.582319862442599058e+09 5.504000000000000004e-01 0.000000000000000000e+00
1.582319862542490005e+09 5.505999999999999783e-01 0.000000000000000000e+00
1.582319862638536930e+09 5.504999999999999893e-01 0.000000000000000000e+00
1.582319862741549015e+09 5.504000000000000004e-01 0.000000000000000000e+00
1.582319862840466022e+09 5.502000000000000224e-01 0.000000000000000000e+00
1.582319862935733080e+09 5.503000000000000114e-01 0.000000000000000000e+00
1.582319863039566994e+09 5.504999999999999893e-01 0.000000000000000000e+00
1.582319863139441967e+09 5.504999999999999893e-01 0.000000000000000000e+00
1.582319863249665022e+09 5.504000000000000004e-01 0.000000000000000000e+00
1.582319863349415064e+09 5.502000000000000224e-01 0.000000000000000000e+00
1.582319863449167967e+09 5.504999999999999893e-01 0.000000000000000000e+00
1.582319863548177004e+09 5.504000000000000004e-01 0.000000000000000000e+00
1.582319863648708105e+09 5.504999999999999893e-01 0.000000000000000000e+00
1.582319863748467922e+09 5.504999999999999893e-01 0.000000000000000000e+00
1.582319863848225117e+09 5.502000000000000224e-01 0.000000000000000000e+00
1.582319863963696003e+09 5.504000000000000004e-01 0.000000000000000000e+00
1.582319864062482119e+09 5.504999999999999893e-01 0.000000000000000000e+00
1.582319864159635067e+09 5.503000000000000114e-01 0.000000000000000000e+00
1.582319864261389017e+09 5.504999999999999893e-01 0.000000000000000000e+00
1.582319864361463070e+09 5.504999999999999893e-01 0.000000000000000000e+00
1.582319864457779884e+09 5.504000000000000004e-01 0.000000000000000000e+00
1.582319864560460091e+09 5.504999999999999893e-01 0.000000000000000000e+00
1.582319864655282021e+09 5.505999999999999783e-01 0.000000000000000000e+00
1.582319864759274006e+09 5.503000000000000114e-01 0.000000000000000000e+00
1.582319864872087955e+09 5.504000000000000004e-01 0.000000000000000000e+00
1.582319864967076063e+09 5.504000000000000004e-01 0.000000000000000000e+00
1.582319865066709042e+09 5.504000000000000004e-01 0.000000000000000000e+00
1.582319865170006990e+09 5.504999999999999893e-01 0.000000000000000000e+00
1.582319865270138979e+09 5.504000000000000004e-01 0.000000000000000000e+00
1.582319865365201950e+09 5.504000000000000004e-01 0.000000000000000000e+00
1.582319865464512110e+09 5.507999999999999563e-01 0.000000000000000000e+00
1.582319865564032078e+09 5.503000000000000114e-01 0.000000000000000000e+00
1.582319865676846981e+09 5.504000000000000004e-01 0.000000000000000000e+00
1.582319865780631065e+09 5.512000000000000233e-01 0.000000000000000000e+00
1.582319865876710892e+09 5.504000000000000004e-01 0.000000000000000000e+00
1.582319865975986958e+09 5.505999999999999783e-01 0.000000000000000000e+00
1.582319866078608036e+09 5.505999999999999783e-01 0.000000000000000000e+00
1.582319866175981998e+09 5.504000000000000004e-01 0.000000000000000000e+00
1.582319866275635958e+09 5.506999999999999673e-01 0.000000000000000000e+00
1.582319866375690937e+09 5.504999999999999893e-01 0.000000000000000000e+00
1.582319866489635944e+09 5.503000000000000114e-01 0.000000000000000000e+00
1.582319866587141037e+09 5.505999999999999783e-01 0.000000000000000000e+00
1.582319866691298008e+09 5.504000000000000004e-01 0.000000000000000000e+00
1.582319866791085005e+09 5.504999999999999893e-01 0.000000000000000000e+00
1.582319866889976978e+09 5.503000000000000114e-01 0.000000000000000000e+00
1.582319866987587929e+09 5.504000000000000004e-01 0.000000000000000000e+00
1.582319867084050894e+09 5.504000000000000004e-01 0.000000000000000000e+00
1.582319867189167023e+09 5.504999999999999893e-01 0.000000000000000000e+00
1.582319867285165071e+09 5.504000000000000004e-01 0.000000000000000000e+00
1.582319867401773930e+09 5.504000000000000004e-01 0.000000000000000000e+00
1.582319867500808954e+09 5.504000000000000004e-01 0.000000000000000000e+00
1.582319867598292112e+09 5.505999999999999783e-01 0.000000000000000000e+00
1.582319867700150013e+09 5.504999999999999893e-01 0.000000000000000000e+00
1.582319867800070047e+09 5.504999999999999893e-01 0.000000000000000000e+00
1.582319867894917011e+09 5.504000000000000004e-01 0.000000000000000000e+00
1.582319867999018908e+09 5.506999999999999673e-01 0.000000000000000000e+00
1.582319868098170996e+09 5.506999999999999673e-01 0.000000000000000000e+00
1.582319868198055983e+09 5.505999999999999783e-01 0.000000000000000000e+00
1.582319868311180115e+09 5.505999999999999783e-01 0.000000000000000000e+00
1.582319868411043882e+09 5.505999999999999783e-01 0.000000000000000000e+00
1.582319868506081104e+09 5.505999999999999783e-01 0.000000000000000000e+00
1.582319868610141039e+09 5.504000000000000004e-01 0.000000000000000000e+00
1.582319868709022045e+09 5.505999999999999783e-01 0.000000000000000000e+00
1.582319868808856010e+09 5.505999999999999783e-01 0.000000000000000000e+00
1.582319868905262947e+09 5.504999999999999893e-01 0.000000000000000000e+00
1.582319869007936954e+09 5.507999999999999563e-01 0.000000000000000000e+00
1.582319869102205992e+09 5.504000000000000004e-01 0.000000000000000000e+00
1.582319869218746901e+09 5.504999999999999893e-01 0.000000000000000000e+00
1.582319869318481922e+09 5.505999999999999783e-01 0.000000000000000000e+00
1.582319869418129921e+09 5.504000000000000004e-01 0.000000000000000000e+00
1.582319869518153906e+09 5.504000000000000004e-01 0.000000000000000000e+00
1.582319869617743969e+09 5.504000000000000004e-01 0.000000000000000000e+00
1.582319869717523098e+09 5.505999999999999783e-01 0.000000000000000000e+00
1.582319869815355062e+09 5.503000000000000114e-01 0.000000000000000000e+00
1.582319869916879892e+09 5.505999999999999783e-01 0.000000000000000000e+00
1.582319870016839027e+09 5.504999999999999893e-01 0.000000000000000000e+00
1.582319870129342079e+09 5.505999999999999783e-01 0.000000000000000000e+00
1.582319870229835033e+09 5.504000000000000004e-01 0.000000000000000000e+00
1.582319870328814983e+09 5.504999999999999893e-01 0.000000000000000000e+00
1.582319870426156998e+09 5.507999999999999563e-01 0.000000000000000000e+00
1.582319870527791977e+09 5.504999999999999893e-01 0.000000000000000000e+00
1.582319870627842903e+09 5.503000000000000114e-01 0.000000000000000000e+00
1.582319870721879959e+09 5.504000000000000004e-01 0.000000000000000000e+00
1.582319870827100992e+09 5.504000000000000004e-01 0.000000000000000000e+00
1.582319870925825119e+09 5.504999999999999893e-01 0.000000000000000000e+00
1.582319871037147045e+09 5.506999999999999673e-01 0.000000000000000000e+00
1.582319871138771057e+09 5.504000000000000004e-01 0.000000000000000000e+00
1.582319871238821030e+09 5.504999999999999893e-01 0.000000000000000000e+00
1.582319871334732056e+09 5.504999999999999893e-01 0.000000000000000000e+00
1.582319871437716007e+09 5.504999999999999893e-01 0.000000000000000000e+00
1.582319871536679029e+09 5.504999999999999893e-01 0.000000000000000000e+00
1.582319871636701107e+09 5.505999999999999783e-01 0.000000000000000000e+00
1.582319871735044003e+09 5.504999999999999893e-01 0.000000000000000000e+00
1.582319871845761061e+09 5.504999999999999893e-01 0.000000000000000000e+00
1.582319871945035934e+09 5.504999999999999893e-01 0.000000000000000000e+00
1.582319872045309067e+09 5.504999999999999893e-01 0.000000000000000000e+00
1.582319872145068884e+09 5.506999999999999673e-01 0.000000000000000000e+00
1.582319872244738102e+09 5.504999999999999893e-01 0.000000000000000000e+00
1.582319872345781088e+09 5.504999999999999893e-01 0.000000000000000000e+00
1.582319872444336891e+09 5.505999999999999783e-01 0.000000000000000000e+00
1.582319872556193113e+09 5.504000000000000004e-01 0.000000000000000000e+00
1.582319872660000086e+09 5.506999999999999673e-01 0.000000000000000000e+00
1.582319872759746075e+09 5.503000000000000114e-01 0.000000000000000000e+00
1.582319872858597040e+09 5.505999999999999783e-01 0.000000000000000000e+00
1.582319872956024885e+09 5.505999999999999783e-01 0.000000000000000000e+00
1.582319873057643890e+09 5.505999999999999783e-01 0.000000000000000000e+00
1.582319873157715082e+09 5.504999999999999893e-01 0.000000000000000000e+00
1.582319873252587080e+09 5.504000000000000004e-01 0.000000000000000000e+00
1.582319873370448112e+09 5.504999999999999893e-01 0.000000000000000000e+00
1.582319873464262009e+09 5.506999999999999673e-01 0.000000000000000000e+00
1.582319873565562010e+09 5.507999999999999563e-01 0.000000000000000000e+00
1.582319873663286924e+09 5.504000000000000004e-01 0.000000000000000000e+00
1.582319873768345118e+09 5.506999999999999673e-01 0.000000000000000000e+00
1.582319873863145113e+09 5.506999999999999673e-01 0.000000000000000000e+00
1.582319873963368893e+09 5.506999999999999673e-01 0.000000000000000000e+00
1.582319874061934948e+09 5.506999999999999673e-01 0.000000000000000000e+00
1.582319874166547060e+09 5.504999999999999893e-01 0.000000000000000000e+00
1.582319874275125980e+09 5.504000000000000004e-01 0.000000000000000000e+00
1.582319874377945900e+09 5.506999999999999673e-01 0.000000000000000000e+00
1.582319874475069046e+09 5.505999999999999783e-01 0.000000000000000000e+00
1.582319874578301907e+09 5.505999999999999783e-01 0.000000000000000000e+00
1.582319874674766064e+09 5.506999999999999673e-01 0.000000000000000000e+00
1.582319874777450085e+09 5.505999999999999783e-01 0.000000000000000000e+00
1.582319874871784925e+09 5.507999999999999563e-01 0.000000000000000000e+00
1.582319874971787930e+09 5.507999999999999563e-01 0.000000000000000000e+00
1.582319875071443081e+09 5.504000000000000004e-01 0.000000000000000000e+00
1.582319875187763929e+09 5.504000000000000004e-01 0.000000000000000000e+00
1.582319875283876896e+09 5.506999999999999673e-01 0.000000000000000000e+00
1.582319875387466908e+09 5.504999999999999893e-01 0.000000000000000000e+00
1.582319875486406088e+09 5.505999999999999783e-01 0.000000000000000000e+00
1.582319875586461067e+09 5.505999999999999783e-01 0.000000000000000000e+00
1.582319875683657885e+09 5.504999999999999893e-01 0.000000000000000000e+00
1.582319875782270908e+09 5.506999999999999673e-01 0.000000000000000000e+00
1.582319875882698059e+09 5.507999999999999563e-01 0.000000000000000000e+00
1.582319875999397993e+09 5.505999999999999783e-01 0.000000000000000000e+00
1.582319876097860098e+09 5.505999999999999783e-01 0.000000000000000000e+00
1.582319876195898056e+09 5.506999999999999673e-01 0.000000000000000000e+00
1.582319876297288895e+09 5.503000000000000114e-01 0.000000000000000000e+00
1.582319876392307997e+09 5.505999999999999783e-01 0.000000000000000000e+00
1.582319876494646072e+09 5.505999999999999783e-01 0.000000000000000000e+00
1.582319876596259117e+09 5.505999999999999783e-01 0.000000000000000000e+00
1.582319876695240974e+09 5.507999999999999563e-01 0.000000000000000000e+00
1.582319876807405949e+09 5.506999999999999673e-01 0.000000000000000000e+00
1.582319876908432007e+09 5.506999999999999673e-01 0.000000000000000000e+00
1.582319877008491993e+09 5.506999999999999673e-01 0.000000000000000000e+00
1.582319877104393005e+09 5.505999999999999783e-01 0.000000000000000000e+00
1.582319877207195997e+09 5.504999999999999893e-01 0.000000000000000000e+00
1.582319877306232929e+09 5.505999999999999783e-01 0.000000000000000000e+00
1.582319877401422024e+09 5.504000000000000004e-01 0.000000000000000000e+00
1.582319877505433083e+09 5.505999999999999783e-01 0.000000000000000000e+00
1.582319877605077982e+09 5.506999999999999673e-01 0.000000000000000000e+00
1.582319877713838100e+09 5.506999999999999673e-01 0.000000000000000000e+00
1.582319877817327976e+09 5.505999999999999783e-01 0.000000000000000000e+00
1.582319877914618969e+09 5.505999999999999783e-01 0.000000000000000000e+00
1.582319878014257908e+09 5.505999999999999783e-01 0.000000000000000000e+00
1.582319878115271091e+09 5.504000000000000004e-01 0.000000000000000000e+00
1.582319878213900089e+09 5.507999999999999563e-01 0.000000000000000000e+00
1.582319878313649893e+09 5.507999999999999563e-01 0.000000000000000000e+00
1.582319878412242889e+09 5.507999999999999563e-01 0.000000000000000000e+00
1.582319878528076887e+09 5.508999999999999453e-01 0.000000000000000000e+00
1.582319878623167038e+09 5.505999999999999783e-01 0.000000000000000000e+00
1.582319878727200031e+09 5.506999999999999673e-01 0.000000000000000000e+00
1.582319878827111959e+09 5.508999999999999453e-01 0.000000000000000000e+00
1.582319878925962925e+09 5.504999999999999893e-01 0.000000000000000000e+00
1.582319879025290966e+09 5.506999999999999673e-01 0.000000000000000000e+00
1.582319879125226021e+09 5.506999999999999673e-01 0.000000000000000000e+00
1.582319879224994898e+09 5.505999999999999783e-01 0.000000000000000000e+00
1.582319879321378946e+09 5.510000000000000453e-01 0.000000000000000000e+00
1.582319879423810005e+09 5.506999999999999673e-01 0.000000000000000000e+00
1.582319879536953926e+09 5.505999999999999783e-01 0.000000000000000000e+00
1.582319879633435965e+09 5.506999999999999673e-01 0.000000000000000000e+00
1.582319879735949039e+09 5.507999999999999563e-01 0.000000000000000000e+00
1.582319879835988998e+09 5.507999999999999563e-01 0.000000000000000000e+00
1.582319879932208061e+09 5.505999999999999783e-01 0.000000000000000000e+00
1.582319880035027027e+09 5.507999999999999563e-01 0.000000000000000000e+00
1.582319880133867979e+09 5.504999999999999893e-01 0.000000000000000000e+00
1.582319880233845949e+09 5.507999999999999563e-01 0.000000000000000000e+00
1.582319880332596064e+09 5.507999999999999563e-01 0.000000000000000000e+00
1.582319880446888924e+09 5.505999999999999783e-01 0.000000000000000000e+00
1.582319880542778015e+09 5.507999999999999563e-01 0.000000000000000000e+00
1.582319880641395092e+09 5.507999999999999563e-01 0.000000000000000000e+00
1.582319880741163015e+09 5.505999999999999783e-01 0.000000000000000000e+00
1.582319880840908051e+09 5.506999999999999673e-01 0.000000000000000000e+00
1.582319880940710068e+09 5.506999999999999673e-01 0.000000000000000000e+00
1.582319881040458918e+09 5.506999999999999673e-01 0.000000000000000000e+00
1.582319881138072014e+09 5.506999999999999673e-01 0.000000000000000000e+00
1.582319881256623983e+09 5.505999999999999783e-01 0.000000000000000000e+00
1.582319881356376886e+09 5.507999999999999563e-01 0.000000000000000000e+00
1.582319881453223944e+09 5.505999999999999783e-01 0.000000000000000000e+00
1.582319881554898977e+09 5.507999999999999563e-01 0.000000000000000000e+00
1.582319881654678106e+09 5.506999999999999673e-01 0.000000000000000000e+00
1.582319881749774933e+09 5.506999999999999673e-01 0.000000000000000000e+00
1.582319881854043007e+09 5.505999999999999783e-01 0.000000000000000000e+00
1.582319881967896938e+09 5.506999999999999673e-01 0.000000000000000000e+00
1.582319882062900066e+09 5.506999999999999673e-01 0.000000000000000000e+00
1.582319882166747093e+09 5.508999999999999453e-01 0.000000000000000000e+00
1.582319882265790939e+09 5.505999999999999783e-01 0.000000000000000000e+00
1.582319882360598087e+09 5.506999999999999673e-01 0.000000000000000000e+00
1.582319882464935064e+09 5.504999999999999893e-01 0.000000000000000000e+00
1.582319882563764095e+09 5.506999999999999673e-01 0.000000000000000000e+00
1.582319882658502102e+09 5.506999999999999673e-01 0.000000000000000000e+00
1.582319882762907982e+09 5.504999999999999893e-01 0.000000000000000000e+00
1.582319882862757921e+09 5.506999999999999673e-01 0.000000000000000000e+00
1.582319882972662926e+09 5.507999999999999563e-01 0.000000000000000000e+00
1.582319883075730085e+09 5.506999999999999673e-01 0.000000000000000000e+00
1.582319883174638033e+09 5.505999999999999783e-01 0.000000000000000000e+00
1.582319883269623041e+09 5.506999999999999673e-01 0.000000000000000000e+00
1.582319883373737097e+09 5.507999999999999563e-01 0.000000000000000000e+00
1.582319883473556042e+09 5.507999999999999563e-01 0.000000000000000000e+00
1.582319883567928076e+09 5.506999999999999673e-01 0.000000000000000000e+00
1.582319883672709942e+09 5.505999999999999783e-01 0.000000000000000000e+00
1.582319883783885956e+09 5.508999999999999453e-01 0.000000000000000000e+00
1.582319883883064985e+09 5.506999999999999673e-01 0.000000000000000000e+00
1.582319883983432055e+09 5.506999999999999673e-01 0.000000000000000000e+00
1.582319884083180904e+09 5.506999999999999673e-01 0.000000000000000000e+00
1.582319884180922985e+09 5.506999999999999673e-01 0.000000000000000000e+00
1.582319884282726049e+09 5.504999999999999893e-01 0.000000000000000000e+00
1.582319884382487059e+09 5.506999999999999673e-01 0.000000000000000000e+00
1.582319884493618011e+09 5.504999999999999893e-01 0.000000000000000000e+00
1.582319884596609116e+09 5.508999999999999453e-01 0.000000000000000000e+00
1.582319884695457935e+09 5.505999999999999783e-01 0.000000000000000000e+00
1.582319884795501947e+09 5.505999999999999783e-01 0.000000000000000000e+00
1.582319884892493010e+09 5.505999999999999783e-01 0.000000000000000000e+00
1.582319884994529009e+09 5.502000000000000224e-01 0.000000000000000000e+00
1.582319885093539953e+09 5.505999999999999783e-01 0.000000000000000000e+00
1.582319885190679073e+09 5.504999999999999893e-01 0.000000000000000000e+00
1.582319885292476892e+09 5.504999999999999893e-01 0.000000000000000000e+00
1.582319885391490936e+09 5.506999999999999673e-01 0.000000000000000000e+00
1.582319885505683899e+09 5.505999999999999783e-01 0.000000000000000000e+00
1.582319885605309963e+09 5.504000000000000004e-01 0.000000000000000000e+00
1.582319885699187040e+09 5.505999999999999783e-01 0.000000000000000000e+00
1.582319885804589033e+09 5.504999999999999893e-01 0.000000000000000000e+00
1.582319885903336048e+09 5.505999999999999783e-01 0.000000000000000000e+00
1.582319885998440027e+09 5.504999999999999893e-01 0.000000000000000000e+00
1.582319886101531982e+09 5.504999999999999893e-01 0.000000000000000000e+00
1.582319886202312946e+09 5.507999999999999563e-01 0.000000000000000000e+00
1.582319886301459074e+09 5.505999999999999783e-01 0.000000000000000000e+00
1.582319886410969019e+09 5.505999999999999783e-01 0.000000000000000000e+00
1.582319886510720015e+09 5.504000000000000004e-01 0.000000000000000000e+00
1.582319886609301090e+09 5.504999999999999893e-01 0.000000000000000000e+00
1.582319886710228920e+09 5.504999999999999893e-01 0.000000000000000000e+00
1.582319886809988022e+09 5.506999999999999673e-01 0.000000000000000000e+00
1.582319886909647942e+09 5.505999999999999783e-01 0.000000000000000000e+00
1.582319887010651112e+09 5.507999999999999563e-01 0.000000000000000000e+00
1.582319887109293938e+09 5.504999999999999893e-01 0.000000000000000000e+00
1.582319887221199036e+09 5.506999999999999673e-01 0.000000000000000000e+00
1.582319887324510098e+09 5.504999999999999893e-01 0.000000000000000000e+00
1.582319887424155951e+09 5.504999999999999893e-01 0.000000000000000000e+00
1.582319887523222923e+09 5.506999999999999673e-01 0.000000000000000000e+00
1.582319887620559931e+09 5.505999999999999783e-01 0.000000000000000000e+00
1.582319887722249031e+09 5.507999999999999563e-01 0.000000000000000000e+00
1.582319887822223902e+09 5.507999999999999563e-01 0.000000000000000000e+00
1.582319887935184956e+09 5.505999999999999783e-01 0.000000000000000000e+00
1.582319888035207033e+09 5.508999999999999453e-01 0.000000000000000000e+00
1.582319888131175995e+09 5.505999999999999783e-01 0.000000000000000000e+00
1.582319888234215975e+09 5.506999999999999673e-01 0.000000000000000000e+00
1.582319888333076954e+09 5.507999999999999563e-01 0.000000000000000000e+00
1.582319888427973032e+09 5.506999999999999673e-01 0.000000000000000000e+00
1.582319888532315016e+09 5.506999999999999673e-01 0.000000000000000000e+00
1.582319888632102966e+09 5.504999999999999893e-01 0.000000000000000000e+00
1.582319888731151104e+09 5.504000000000000004e-01 0.000000000000000000e+00
1.582319888828263998e+09 5.505999999999999783e-01 0.000000000000000000e+00
1.582319888944132090e+09 5.506999999999999673e-01 0.000000000000000000e+00
1.582319889039227009e+09 5.505999999999999783e-01 0.000000000000000000e+00
1.582319889143284082e+09 5.506999999999999673e-01 0.000000000000000000e+00
1.582319889243138075e+09 5.506999999999999673e-01 0.000000000000000000e+00
1.582319889336904049e+09 5.507999999999999563e-01 0.000000000000000000e+00
1.582319889440691948e+09 5.506999999999999673e-01 0.000000000000000000e+00
1.582319889536822081e+09 5.505999999999999783e-01 0.000000000000000000e+00
1.582319889636449099e+09 5.505999999999999783e-01 0.000000000000000000e+00
1.582319889752955914e+09 5.504999999999999893e-01 0.000000000000000000e+00
1.582319889852705002e+09 5.506999999999999673e-01 0.000000000000000000e+00
1.582319889949413061e+09 5.507999999999999563e-01 0.000000000000000000e+00
1.582319890052416086e+09 5.505999999999999783e-01 0.000000000000000000e+00
1.582319890152012110e+09 5.507999999999999563e-01 0.000000000000000000e+00
1.582319890251769066e+09 5.507999999999999563e-01 0.000000000000000000e+00
1.582319890351047993e+09 5.508999999999999453e-01 0.000000000000000000e+00
1.582319890465075970e+09 5.506999999999999673e-01 0.000000000000000000e+00
1.582319890559360981e+09 5.506999999999999673e-01 0.000000000000000000e+00
1.582319890664239883e+09 5.508999999999999453e-01 0.000000000000000000e+00
1.582319890763995886e+09 5.505999999999999783e-01 0.000000000000000000e+00
1.582319890857703924e+09 5.507999999999999563e-01 0.000000000000000000e+00
1.582319890962021112e+09 5.505999999999999783e-01 0.000000000000000000e+00
1.582319891061925888e+09 5.507999999999999563e-01 0.000000000000000000e+00
1.582319891160871983e+09 5.507999999999999563e-01 0.000000000000000000e+00
1.582319891260150909e+09 5.505999999999999783e-01 0.000000000000000000e+00
1.582319891373399019e+09 5.505999999999999783e-01 0.000000000000000000e+00
1.582319891469794035e+09 5.507999999999999563e-01 0.000000000000000000e+00
1.582319891573066950e+09 5.506999999999999673e-01 0.000000000000000000e+00
1.582319891672934055e+09 5.505999999999999783e-01 0.000000000000000000e+00
1.582319891771733046e+09 5.507999999999999563e-01 0.000000000000000000e+00
1.582319891869093895e+09 5.504000000000000004e-01 0.000000000000000000e+00
1.582319891970891953e+09 5.505999999999999783e-01 0.000000000000000000e+00
1.582319892070482016e+09 5.505999999999999783e-01 0.000000000000000000e+00
1.582319892168189049e+09 5.504999999999999893e-01 0.000000000000000000e+00
1.582319892283335924e+09 5.504000000000000004e-01 0.000000000000000000e+00
1.582319892379019976e+09 5.505999999999999783e-01 0.000000000000000000e+00
1.582319892479794979e+09 5.504000000000000004e-01 0.000000000000000000e+00
1.582319892579552889e+09 5.504999999999999893e-01 0.000000000000000000e+00
1.582319892677844048e+09 5.506999999999999673e-01 0.000000000000000000e+00
1.582319892779047966e+09 5.504999999999999893e-01 0.000000000000000000e+00
1.582319892878812075e+09 5.504000000000000004e-01 0.000000000000000000e+00
1.582319892975913048e+09 5.504000000000000004e-01 0.000000000000000000e+00
1.582319893078353882e+09 5.504999999999999893e-01 0.000000000000000000e+00
1.582319893193718910e+09 5.504999999999999893e-01 0.000000000000000000e+00
1.582319893290522099e+09 5.504000000000000004e-01 0.000000000000000000e+00
1.582319893391594887e+09 5.503000000000000114e-01 0.000000000000000000e+00
1.582319893489528894e+09 5.504999999999999893e-01 0.000000000000000000e+00
1.582319893588084936e+09 5.506999999999999673e-01 0.000000000000000000e+00
1.582319893686294079e+09 5.506999999999999673e-01 0.000000000000000000e+00
1.582319893789788961e+09 5.506999999999999673e-01 0.000000000000000000e+00
1.582319893884839058e+09 5.508999999999999453e-01 0.000000000000000000e+00
1.582319894003639936e+09 5.506999999999999673e-01 0.000000000000000000e+00
1.582319894102704048e+09 5.508999999999999453e-01 0.000000000000000000e+00
1.582319894199888945e+09 5.507999999999999563e-01 0.000000000000000000e+00
1.582319894301589966e+09 5.508999999999999453e-01 0.000000000000000000e+00
1.582319894401628971e+09 5.507999999999999563e-01 0.000000000000000000e+00
1.582319894496553898e+09 5.506999999999999673e-01 0.000000000000000000e+00
1.582319894599577904e+09 5.507999999999999563e-01 0.000000000000000000e+00
1.582319894699598074e+09 5.506999999999999673e-01 0.000000000000000000e+00
1.582319894810802937e+09 5.506999999999999673e-01 0.000000000000000000e+00
1.582319894912601948e+09 5.506999999999999673e-01 0.000000000000000000e+00
1.582319895006954908e+09 5.506999999999999673e-01 0.000000000000000000e+00
1.582319895106924057e+09 5.508999999999999453e-01 0.000000000000000000e+00
1.582319895206589937e+09 5.510000000000000453e-01 0.000000000000000000e+00
1.582319895306346893e+09 5.508999999999999453e-01 0.000000000000000000e+00
1.582319895404752970e+09 5.510000000000000453e-01 0.000000000000000000e+00
1.582319895505875111e+09 5.508999999999999453e-01 0.000000000000000000e+00
1.582319895605645895e+09 5.508999999999999453e-01 0.000000000000000000e+00
1.582319895720062017e+09 5.506999999999999673e-01 0.000000000000000000e+00
1.582319895821501017e+09 5.505999999999999783e-01 0.000000000000000000e+00
1.582319895921494961e+09 5.507999999999999563e-01 0.000000000000000000e+00
1.582319896017132044e+09 5.508999999999999453e-01 0.000000000000000000e+00
1.582319896120497942e+09 5.510000000000000453e-01 0.000000000000000000e+00
1.582319896220309973e+09 5.504000000000000004e-01 0.000000000000000000e+00
1.582319896314372063e+09 5.502000000000000224e-01 0.000000000000000000e+00
1.582319896433399916e+09 5.503000000000000114e-01 0.000000000000000000e+00
1.582319896532429934e+09 5.503000000000000114e-01 0.000000000000000000e+00
1.582319896629561901e+09 5.504999999999999893e-01 0.000000000000000000e+00
1.582319896731378078e+09 5.505999999999999783e-01 0.000000000000000000e+00
1.582319896831325054e+09 5.505999999999999783e-01 0.000000000000000000e+00
1.582319896927534103e+09 5.507999999999999563e-01 0.000000000000000000e+00
1.582319897030301094e+09 5.505999999999999783e-01 0.000000000000000000e+00
1.582319897129405022e+09 5.506999999999999673e-01 0.000000000000000000e+00
1.582319897243572950e+09 5.506999999999999673e-01 0.000000000000000000e+00
1.582319897342335939e+09 5.507999999999999563e-01 0.000000000000000000e+00
1.582319897437294960e+09 5.506999999999999673e-01 0.000000000000000000e+00
1.582319897541480064e+09 5.506999999999999673e-01 0.000000000000000000e+00
1.582319897641468048e+09 5.506999999999999673e-01 0.000000000000000000e+00
1.582319897740313053e+09 5.510000000000000453e-01 0.000000000000000000e+00
1.582319897837313890e+09 5.507999999999999563e-01 0.000000000000000000e+00
1.582319897939318895e+09 5.506999999999999673e-01 0.000000000000000000e+00
1.582319898049676895e+09 5.504999999999999893e-01 0.000000000000000000e+00
1.582319898151810884e+09 5.505999999999999783e-01 0.000000000000000000e+00
1.582319898249320984e+09 5.507999999999999563e-01 0.000000000000000000e+00
1.582319898349065065e+09 5.505999999999999783e-01 0.000000000000000000e+00
1.582319898448609114e+09 5.505999999999999783e-01 0.000000000000000000e+00
1.582319898548609972e+09 5.504999999999999893e-01 0.000000000000000000e+00
1.582319898648360014e+09 5.504000000000000004e-01 0.000000000000000000e+00
1.582319898746651888e+09 5.502000000000000224e-01 0.000000000000000000e+00
1.582319898863343954e+09 5.502000000000000224e-01 0.000000000000000000e+00
1.582319898962157011e+09 5.503000000000000114e-01 0.000000000000000000e+00
1.582319899061373949e+09 5.502000000000000224e-01 0.000000000000000000e+00
1.582319899161322117e+09 5.501000000000000334e-01 0.000000000000000000e+00
1.582319899255923033e+09 5.502000000000000224e-01 0.000000000000000000e+00
1.582319899360212088e+09 5.504999999999999893e-01 0.000000000000000000e+00
1.582319899460158110e+09 5.503000000000000114e-01 0.000000000000000000e+00
1.582319899554191113e+09 5.504000000000000004e-01 0.000000000000000000e+00
1.582319899673329115e+09 5.503000000000000114e-01 0.000000000000000000e+00
1.582319899772166014e+09 5.502000000000000224e-01 0.000000000000000000e+00
1.582319899867507935e+09 5.504999999999999893e-01 0.000000000000000000e+00
1.582319899971184015e+09 5.504999999999999893e-01 0.000000000000000000e+00
1.582319900071177959e+09 5.505999999999999783e-01 0.000000000000000000e+00
1.582319900165018082e+09 5.504999999999999893e-01 0.000000000000000000e+00
1.582319900267349005e+09 5.506999999999999673e-01 0.000000000000000000e+00
1.582319900369208097e+09 5.503000000000000114e-01 0.000000000000000000e+00
1.582319900483002901e+09 5.504999999999999893e-01 0.000000000000000000e+00
1.582319900582252026e+09 5.505999999999999783e-01 0.000000000000000000e+00
