# 
# Duration (in s): 60
# Pointing Position of the Horn: Calibrator paddle
# Angle pointing (from vertical): 29.7
# Calibrator used: YES
# Weather: very clear
# Units: tenth microWatt
# Comments: sky dip 30
1.582319183133485079e+09 4.823999999999999955e-01 0.000000000000000000e+00
1.582319183241878033e+09 4.823000000000000065e-01 0.000000000000000000e+00
1.582319183346915960e+09 4.823000000000000065e-01 0.000000000000000000e+00
1.582319183444588900e+09 4.820999999999999730e-01 0.000000000000000000e+00
1.582319183541173935e+09 4.820999999999999730e-01 0.000000000000000000e+00
1.582319183657571077e+09 4.820999999999999730e-01 0.000000000000000000e+00
1.582319183757327080e+09 4.823000000000000065e-01 0.000000000000000000e+00
1.582319183857095957e+09 4.823000000000000065e-01 0.000000000000000000e+00
1.582319183956814051e+09 4.822000000000000175e-01 0.000000000000000000e+00
1.582319184056566954e+09 4.820999999999999730e-01 0.000000000000000000e+00
1.582319184156804085e+09 4.822000000000000175e-01 0.000000000000000000e+00
1.582319184256089926e+09 4.820999999999999730e-01 0.000000000000000000e+00
1.582319184369750977e+09 4.823000000000000065e-01 0.000000000000000000e+00
1.582319184469763994e+09 4.823000000000000065e-01 0.000000000000000000e+00
1.582319184568164110e+09 4.820999999999999730e-01 0.000000000000000000e+00
1.582319184668797016e+09 4.822000000000000175e-01 0.000000000000000000e+00
1.582319184767683029e+09 4.823999999999999955e-01 0.000000000000000000e+00
1.582319184867801905e+09 4.823000000000000065e-01 0.000000000000000000e+00
1.582319184965003967e+09 4.823999999999999955e-01 0.000000000000000000e+00
1.582319185061369896e+09 4.823000000000000065e-01 0.000000000000000000e+00
1.582319185179568052e+09 4.823999999999999955e-01 0.000000000000000000e+00
1.582319185277131081e+09 4.823000000000000065e-01 0.000000000000000000e+00
1.582319185373513937e+09 4.822000000000000175e-01 0.000000000000000000e+00
1.582319185478640079e+09 4.823000000000000065e-01 0.000000000000000000e+00
1.582319185577444077e+09 4.823999999999999955e-01 0.000000000000000000e+00
1.582319185677382946e+09 4.824999999999999845e-01 0.000000000000000000e+00
1.582319185776678085e+09 4.823999999999999955e-01 0.000000000000000000e+00
1.582319185876549959e+09 4.825999999999999734e-01 0.000000000000000000e+00
1.582319185985316992e+09 4.823000000000000065e-01 0.000000000000000000e+00
1.582319186085069895e+09 4.823000000000000065e-01 0.000000000000000000e+00
1.582319186184822083e+09 4.823999999999999955e-01 0.000000000000000000e+00
1.582319186284596920e+09 4.823000000000000065e-01 0.000000000000000000e+00
1.582319186384370089e+09 4.822000000000000175e-01 0.000000000000000000e+00
1.582319186484136105e+09 4.823999999999999955e-01 0.000000000000000000e+00
1.582319186583895922e+09 4.824999999999999845e-01 0.000000000000000000e+00
1.582319186683650970e+09 4.824999999999999845e-01 0.000000000000000000e+00
1.582319186799449921e+09 4.824999999999999845e-01 0.000000000000000000e+00
1.582319186899349928e+09 4.825999999999999734e-01 0.000000000000000000e+00
1.582319186998563051e+09 4.824999999999999845e-01 0.000000000000000000e+00
1.582319187098309994e+09 4.825999999999999734e-01 0.000000000000000000e+00
1.582319187192732096e+09 4.823999999999999955e-01 0.000000000000000000e+00
1.582319187293692112e+09 4.823999999999999955e-01 0.000000000000000000e+00
1.582319187396521091e+09 4.824999999999999845e-01 0.000000000000000000e+00
1.582319187496459007e+09 4.823999999999999955e-01 0.000000000000000000e+00
1.582319187607069969e+09 4.823000000000000065e-01 0.000000000000000000e+00
1.582319187709497929e+09 4.823999999999999955e-01 0.000000000000000000e+00
1.582319187808681965e+09 4.823999999999999955e-01 0.000000000000000000e+00
1.582319187908302069e+09 4.824999999999999845e-01 0.000000000000000000e+00
1.582319188005095005e+09 4.825999999999999734e-01 0.000000000000000000e+00
1.582319188107420921e+09 4.823999999999999955e-01 0.000000000000000000e+00
1.582319188206389904e+09 4.823999999999999955e-01 0.000000000000000000e+00
1.582319188301408052e+09 4.823999999999999955e-01 0.000000000000000000e+00
1.582319188420536995e+09 4.823999999999999955e-01 0.000000000000000000e+00
1.582319188519406080e+09 4.823999999999999955e-01 0.000000000000000000e+00
1.582319188613931894e+09 4.822000000000000175e-01 0.000000000000000000e+00
1.582319188718341112e+09 4.825999999999999734e-01 0.000000000000000000e+00
1.582319188817289114e+09 4.823999999999999955e-01 0.000000000000000000e+00
1.582319188915592909e+09 4.825999999999999734e-01 0.000000000000000000e+00
1.582319189015176058e+09 4.825999999999999734e-01 0.000000000000000000e+00
1.582319189111165047e+09 4.825999999999999734e-01 0.000000000000000000e+00
1.582319189223944902e+09 4.824999999999999845e-01 0.000000000000000000e+00
1.582319189327405930e+09 4.824999999999999845e-01 0.000000000000000000e+00
1.582319189426722050e+09 4.823999999999999955e-01 0.000000000000000000e+00
1.582319189526731968e+09 4.823999999999999955e-01 0.000000000000000000e+00
1.582319189623312950e+09 4.825999999999999734e-01 0.000000000000000000e+00
1.582319189726553917e+09 4.824999999999999845e-01 0.000000000000000000e+00
1.582319189825752020e+09 4.824999999999999845e-01 0.000000000000000000e+00
1.582319189925822020e+09 4.828000000000000069e-01 0.000000000000000000e+00
1.582319190025264025e+09 4.827000000000000179e-01 0.000000000000000000e+00
1.582319190139210939e+09 4.823999999999999955e-01 0.000000000000000000e+00
1.582319190238250971e+09 4.823999999999999955e-01 0.000000000000000000e+00
1.582319190338181973e+09 4.823000000000000065e-01 0.000000000000000000e+00
1.582319190436696053e+09 4.825999999999999734e-01 0.000000000000000000e+00
1.582319190537252903e+09 4.824999999999999845e-01 0.000000000000000000e+00
1.582319190637173891e+09 4.825999999999999734e-01 0.000000000000000000e+00
1.582319190735440016e+09 4.823999999999999955e-01 0.000000000000000000e+00
1.582319190835163116e+09 4.827000000000000179e-01 0.000000000000000000e+00
1.582319190944797993e+09 4.827000000000000179e-01 0.000000000000000000e+00
1.582319191049223900e+09 4.828000000000000069e-01 0.000000000000000000e+00
1.582319191147768974e+09 4.825999999999999734e-01 0.000000000000000000e+00
1.582319191242255926e+09 4.825999999999999734e-01 0.000000000000000000e+00
1.582319191344400883e+09 4.824999999999999845e-01 0.000000000000000000e+00
1.582319191445811033e+09 4.827000000000000179e-01 0.000000000000000000e+00
1.582319191545850039e+09 4.825999999999999734e-01 0.000000000000000000e+00
1.582319191640887976e+09 4.825999999999999734e-01 0.000000000000000000e+00
1.582319191757463932e+09 4.825999999999999734e-01 0.000000000000000000e+00
1.582319191854123116e+09 4.825999999999999734e-01 0.000000000000000000e+00
1.582319191954411030e+09 4.823999999999999955e-01 0.000000000000000000e+00
1.582319192054069042e+09 4.823999999999999955e-01 0.000000000000000000e+00
1.582319192153865099e+09 4.823999999999999955e-01 0.000000000000000000e+00
1.582319192253559113e+09 4.825999999999999734e-01 0.000000000000000000e+00
1.582319192354233027e+09 4.828000000000000069e-01 0.000000000000000000e+00
1.582319192452810049e+09 4.825999999999999734e-01 0.000000000000000000e+00
1.582319192564898014e+09 4.825999999999999734e-01 0.000000000000000000e+00
1.582319192664127111e+09 4.825999999999999734e-01 0.000000000000000000e+00
1.582319192768048048e+09 4.824999999999999845e-01 0.000000000000000000e+00
1.582319192867897987e+09 4.825999999999999734e-01 0.000000000000000000e+00
1.582319192966116905e+09 4.825999999999999734e-01 0.000000000000000000e+00
1.582319193066992998e+09 4.827000000000000179e-01 0.000000000000000000e+00
1.582319193165885925e+09 4.825999999999999734e-01 0.000000000000000000e+00
1.582319193260829926e+09 4.825999999999999734e-01 0.000000000000000000e+00
1.582319193365066051e+09 4.828000000000000069e-01 0.000000000000000000e+00
1.582319193478779078e+09 4.827000000000000179e-01 0.000000000000000000e+00
1.582319193575087070e+09 4.825999999999999734e-01 0.000000000000000000e+00
1.582319193677829027e+09 4.828000000000000069e-01 0.000000000000000000e+00
1.582319193776882887e+09 4.823999999999999955e-01 0.000000000000000000e+00
1.582319193871717930e+09 4.825999999999999734e-01 0.000000000000000000e+00
1.582319193976037979e+09 4.825999999999999734e-01 0.000000000000000000e+00
1.582319194072454929e+09 4.824999999999999845e-01 0.000000000000000000e+00
1.582319194174609900e+09 4.825999999999999734e-01 0.000000000000000000e+00
1.582319194269645929e+09 4.823999999999999955e-01 0.000000000000000000e+00
1.582319194384556055e+09 4.825999999999999734e-01 0.000000000000000000e+00
1.582319194483766079e+09 4.823000000000000065e-01 0.000000000000000000e+00
1.582319194583002090e+09 4.823000000000000065e-01 0.000000000000000000e+00
1.582319194682676077e+09 4.824999999999999845e-01 0.000000000000000000e+00
1.582319194780998945e+09 4.824999999999999845e-01 0.000000000000000000e+00
1.582319194883915901e+09 4.823999999999999955e-01 0.000000000000000000e+00
1.582319194982279062e+09 4.824999999999999845e-01 0.000000000000000000e+00
1.582319195080169916e+09 4.823999999999999955e-01 0.000000000000000000e+00
1.582319195179961920e+09 4.824999999999999845e-01 0.000000000000000000e+00
1.582319195294899940e+09 4.825999999999999734e-01 0.000000000000000000e+00
1.582319195396054983e+09 4.823999999999999955e-01 0.000000000000000000e+00
1.582319195495769978e+09 4.827000000000000179e-01 0.000000000000000000e+00
1.582319195595666885e+09 4.827000000000000179e-01 0.000000000000000000e+00
1.582319195694977999e+09 4.827000000000000179e-01 0.000000000000000000e+00
1.582319195794754982e+09 4.828000000000000069e-01 0.000000000000000000e+00
1.582319195894555092e+09 4.825999999999999734e-01 0.000000000000000000e+00
1.582319195990983963e+09 4.825999999999999734e-01 0.000000000000000000e+00
1.582319196093791008e+09 4.825999999999999734e-01 0.000000000000000000e+00
1.582319196202615976e+09 4.828000000000000069e-01 0.000000000000000000e+00
1.582319196303999901e+09 4.825999999999999734e-01 0.000000000000000000e+00
1.582319196405695915e+09 4.825999999999999734e-01 0.000000000000000000e+00
1.582319196505671978e+09 4.825999999999999734e-01 0.000000000000000000e+00
1.582319196604584932e+09 4.827000000000000179e-01 0.000000000000000000e+00
1.582319196702986002e+09 4.825999999999999734e-01 0.000000000000000000e+00
1.582319196803543091e+09 4.827000000000000179e-01 0.000000000000000000e+00
1.582319196903342962e+09 4.827000000000000179e-01 0.000000000000000000e+00
1.582319197002491951e+09 4.828000000000000069e-01 0.000000000000000000e+00
1.582319197116534948e+09 4.824999999999999845e-01 0.000000000000000000e+00
1.582319197215666056e+09 4.827000000000000179e-01 0.000000000000000000e+00
1.582319197313271999e+09 4.824999999999999845e-01 0.000000000000000000e+00
1.582319197414638042e+09 4.824999999999999845e-01 0.000000000000000000e+00
1.582319197512562990e+09 4.827000000000000179e-01 0.000000000000000000e+00
1.582319197613487959e+09 4.824999999999999845e-01 0.000000000000000000e+00
1.582319197712862015e+09 4.827000000000000179e-01 0.000000000000000000e+00
1.582319197823687077e+09 4.825999999999999734e-01 0.000000000000000000e+00
1.582319197923638105e+09 4.827000000000000179e-01 0.000000000000000000e+00
1.582319198023217916e+09 4.827000000000000179e-01 0.000000000000000000e+00
1.582319198122973919e+09 4.828000000000000069e-01 0.000000000000000000e+00
1.582319198220669031e+09 4.825999999999999734e-01 0.000000000000000000e+00
1.582319198322510004e+09 4.827000000000000179e-01 0.000000000000000000e+00
1.582319198422230005e+09 4.827000000000000179e-01 0.000000000000000000e+00
1.582319198521997929e+09 4.827000000000000179e-01 0.000000000000000000e+00
1.582319198621707916e+09 4.827000000000000179e-01 0.000000000000000000e+00
1.582319198736627102e+09 4.828999999999999959e-01 0.000000000000000000e+00
1.582319198831358910e+09 4.828000000000000069e-01 0.000000000000000000e+00
1.582319198935447931e+09 4.825999999999999734e-01 0.000000000000000000e+00
1.582319199034307957e+09 4.827000000000000179e-01 0.000000000000000000e+00
1.582319199134399891e+09 4.825999999999999734e-01 0.000000000000000000e+00
1.582319199232644081e+09 4.827000000000000179e-01 0.000000000000000000e+00
1.582319199333587885e+09 4.825999999999999734e-01 0.000000000000000000e+00
1.582319199432377100e+09 4.827000000000000179e-01 0.000000000000000000e+00
1.582319199529824018e+09 4.823999999999999955e-01 0.000000000000000000e+00
1.582319199645200968e+09 4.828000000000000069e-01 0.000000000000000000e+00
1.582319199745299101e+09 4.827000000000000179e-01 0.000000000000000000e+00
1.582319199844572067e+09 4.827000000000000179e-01 0.000000000000000000e+00
1.582319199944366932e+09 4.828000000000000069e-01 0.000000000000000000e+00
1.582319200043333054e+09 4.825999999999999734e-01 0.000000000000000000e+00
1.582319200140456915e+09 4.828000000000000069e-01 0.000000000000000000e+00
1.582319200242327929e+09 4.828000000000000069e-01 0.000000000000000000e+00
1.582319200342293024e+09 4.827000000000000179e-01 0.000000000000000000e+00
1.582319200454629898e+09 4.827000000000000179e-01 0.000000000000000000e+00
1.582319200550488949e+09 4.828999999999999959e-01 0.000000000000000000e+00
1.582319200650130987e+09 4.828000000000000069e-01 0.000000000000000000e+00
1.582319200751137972e+09 4.828999999999999959e-01 0.000000000000000000e+00
1.582319200849788904e+09 4.825999999999999734e-01 0.000000000000000000e+00
1.582319200949484110e+09 4.828000000000000069e-01 0.000000000000000000e+00
1.582319201048661947e+09 4.825999999999999734e-01 0.000000000000000000e+00
1.582319201149080038e+09 4.827000000000000179e-01 0.000000000000000000e+00
1.582319201265463114e+09 4.825999999999999734e-01 0.000000000000000000e+00
1.582319201361536026e+09 4.827000000000000179e-01 0.000000000000000000e+00
1.582319201464287043e+09 4.828000000000000069e-01 0.000000000000000000e+00
1.582319201564171076e+09 4.825999999999999734e-01 0.000000000000000000e+00
1.582319201664107084e+09 4.828000000000000069e-01 0.000000000000000000e+00
1.582319201763360023e+09 4.828000000000000069e-01 0.000000000000000000e+00
1.582319201862032890e+09 4.828000000000000069e-01 0.000000000000000000e+00
1.582319201962146997e+09 4.828000000000000069e-01 0.000000000000000000e+00
1.582319202076244116e+09 4.828000000000000069e-01 0.000000000000000000e+00
1.582319202175113916e+09 4.828000000000000069e-01 0.000000000000000000e+00
1.582319202269118071e+09 4.828000000000000069e-01 0.000000000000000000e+00
1.582319202374260902e+09 4.828000000000000069e-01 0.000000000000000000e+00
1.582319202473038912e+09 4.825999999999999734e-01 0.000000000000000000e+00
1.582319202573051929e+09 4.828999999999999959e-01 0.000000000000000000e+00
1.582319202671257019e+09 4.827000000000000179e-01 0.000000000000000000e+00
1.582319202772075891e+09 4.828999999999999959e-01 0.000000000000000000e+00
1.582319202871032953e+09 4.828999999999999959e-01 0.000000000000000000e+00
1.582319202984945059e+09 4.828999999999999959e-01 0.000000000000000000e+00
1.582319203083997965e+09 4.830999999999999739e-01 0.000000000000000000e+00
1.582319203178740978e+09 4.829999999999999849e-01 0.000000000000000000e+00
1.582319203284269094e+09 4.828999999999999959e-01 0.000000000000000000e+00
1.582319203382859945e+09 4.828000000000000069e-01 0.000000000000000000e+00
1.582319203477929115e+09 4.828999999999999959e-01 0.000000000000000000e+00
1.582319203582233906e+09 4.830999999999999739e-01 0.000000000000000000e+00
1.582319203692960978e+09 4.828000000000000069e-01 0.000000000000000000e+00
1.582319203792912006e+09 4.829999999999999849e-01 0.000000000000000000e+00
1.582319203892514944e+09 4.828000000000000069e-01 0.000000000000000000e+00
1.582319203992260933e+09 4.829999999999999849e-01 0.000000000000000000e+00
1.582319204090179920e+09 4.829999999999999849e-01 0.000000000000000000e+00
1.582319204191802025e+09 4.828000000000000069e-01 0.000000000000000000e+00
1.582319204291568041e+09 4.828999999999999959e-01 0.000000000000000000e+00
1.582319204386677027e+09 4.829999999999999849e-01 0.000000000000000000e+00
1.582319204505862951e+09 4.828000000000000069e-01 0.000000000000000000e+00
1.582319204605056047e+09 4.832000000000000184e-01 0.000000000000000000e+00
1.582319204700887918e+09 4.829999999999999849e-01 0.000000000000000000e+00
1.582319204803886890e+09 4.832000000000000184e-01 0.000000000000000000e+00
1.582319204904050112e+09 4.828999999999999959e-01 0.000000000000000000e+00
1.582319204998826027e+09 4.829999999999999849e-01 0.000000000000000000e+00
1.582319205102859020e+09 4.829999999999999849e-01 0.000000000000000000e+00
1.582319205201837063e+09 4.828999999999999959e-01 0.000000000000000000e+00
1.582319205313106060e+09 4.830999999999999739e-01 0.000000000000000000e+00
1.582319205414863110e+09 4.829999999999999849e-01 0.000000000000000000e+00
1.582319205512423038e+09 4.829999999999999849e-01 0.000000000000000000e+00
1.582319205613667011e+09 4.829999999999999849e-01 0.000000000000000000e+00
1.582319205709742069e+09 4.828999999999999959e-01 0.000000000000000000e+00
1.582319205813049078e+09 4.830999999999999739e-01 0.000000000000000000e+00
1.582319205912729025e+09 4.830999999999999739e-01 0.000000000000000000e+00
1.582319206011826992e+09 4.830999999999999739e-01 0.000000000000000000e+00
1.582319206125812054e+09 4.833000000000000074e-01 0.000000000000000000e+00
1.582319206220292091e+09 4.828999999999999959e-01 0.000000000000000000e+00
1.582319206319658041e+09 4.832000000000000184e-01 0.000000000000000000e+00
1.582319206421051979e+09 4.830999999999999739e-01 0.000000000000000000e+00
1.582319206519570112e+09 4.829999999999999849e-01 0.000000000000000000e+00
1.582319206619215012e+09 4.830999999999999739e-01 0.000000000000000000e+00
1.582319206719259977e+09 4.830999999999999739e-01 0.000000000000000000e+00
1.582319206818859100e+09 4.828999999999999959e-01 0.000000000000000000e+00
1.582319206935271025e+09 4.832000000000000184e-01 0.000000000000000000e+00
1.582319207033999920e+09 4.828999999999999959e-01 0.000000000000000000e+00
1.582319207134710073e+09 4.829999999999999849e-01 0.000000000000000000e+00
1.582319207233589888e+09 4.829999999999999849e-01 0.000000000000000000e+00
1.582319207330748081e+09 4.829999999999999849e-01 0.000000000000000000e+00
1.582319207432683945e+09 4.828999999999999959e-01 0.000000000000000000e+00
1.582319207532602072e+09 4.829999999999999849e-01 0.000000000000000000e+00
1.582319207628684044e+09 4.829999999999999849e-01 0.000000000000000000e+00
1.582319207745676041e+09 4.828999999999999959e-01 0.000000000000000000e+00
1.582319207844552040e+09 4.830999999999999739e-01 0.000000000000000000e+00
1.582319207943792105e+09 4.828999999999999959e-01 0.000000000000000000e+00
1.582319208043591976e+09 4.828999999999999959e-01 0.000000000000000000e+00
1.582319208143611908e+09 4.828999999999999959e-01 0.000000000000000000e+00
1.582319208239676952e+09 4.832000000000000184e-01 0.000000000000000000e+00
1.582319208342587948e+09 4.828999999999999959e-01 0.000000000000000000e+00
1.582319208441649914e+09 4.832000000000000184e-01 0.000000000000000000e+00
1.582319208552798033e+09 4.828000000000000069e-01 0.000000000000000000e+00
1.582319208650772095e+09 4.830999999999999739e-01 0.000000000000000000e+00
1.582319208754559994e+09 4.828999999999999959e-01 0.000000000000000000e+00
1.582319208848465919e+09 4.832000000000000184e-01 0.000000000000000000e+00
1.582319208948807001e+09 4.829999999999999849e-01 0.000000000000000000e+00
1.582319209052583933e+09 4.829999999999999849e-01 0.000000000000000000e+00
1.582319209152403116e+09 4.828999999999999959e-01 0.000000000000000000e+00
1.582319209251470089e+09 4.828999999999999959e-01 0.000000000000000000e+00
1.582319209362737894e+09 4.829999999999999849e-01 0.000000000000000000e+00
1.582319209461844921e+09 4.829999999999999849e-01 0.000000000000000000e+00
1.582319209562273979e+09 4.829999999999999849e-01 0.000000000000000000e+00
1.582319209662046909e+09 4.829999999999999849e-01 0.000000000000000000e+00
1.582319209758428097e+09 4.830999999999999739e-01 0.000000000000000000e+00
1.582319209861722946e+09 4.830999999999999739e-01 0.000000000000000000e+00
1.582319209961329937e+09 4.833000000000000074e-01 0.000000000000000000e+00
1.582319210061105013e+09 4.829999999999999849e-01 0.000000000000000000e+00
1.582319210175662041e+09 4.829999999999999849e-01 0.000000000000000000e+00
1.582319210274445057e+09 4.830999999999999739e-01 0.000000000000000000e+00
1.582319210374345064e+09 4.830999999999999739e-01 0.000000000000000000e+00
1.582319210471563101e+09 4.830999999999999739e-01 0.000000000000000000e+00
1.582319210573327065e+09 4.832000000000000184e-01 0.000000000000000000e+00
1.582319210672303915e+09 4.833000000000000074e-01 0.000000000000000000e+00
1.582319210768994093e+09 4.830999999999999739e-01 0.000000000000000000e+00
1.582319210871342897e+09 4.830999999999999739e-01 0.000000000000000000e+00
1.582319210971246004e+09 4.830999999999999739e-01 0.000000000000000000e+00
1.582319211082526922e+09 4.833000000000000074e-01 0.000000000000000000e+00
1.582319211184267044e+09 4.829999999999999849e-01 0.000000000000000000e+00
1.582319211283286095e+09 4.830999999999999739e-01 0.000000000000000000e+00
1.582319211380223989e+09 4.830999999999999739e-01 0.000000000000000000e+00
1.582319211482203007e+09 4.830999999999999739e-01 0.000000000000000000e+00
1.582319211582155943e+09 4.829999999999999849e-01 0.000000000000000000e+00
1.582319211677158117e+09 4.829999999999999849e-01 0.000000000000000000e+00
1.582319211781271935e+09 4.828999999999999959e-01 0.000000000000000000e+00
1.582319211895324945e+09 4.830999999999999739e-01 0.000000000000000000e+00
1.582319211990945101e+09 4.832000000000000184e-01 0.000000000000000000e+00
1.582319212089581966e+09 4.828000000000000069e-01 0.000000000000000000e+00
1.582319212189302921e+09 4.832000000000000184e-01 0.000000000000000000e+00
1.582319212288443089e+09 4.829999999999999849e-01 0.000000000000000000e+00
1.582319212388864040e+09 4.832000000000000184e-01 0.000000000000000000e+00
1.582319212488642931e+09 4.830999999999999739e-01 0.000000000000000000e+00
1.582319212588407040e+09 4.830999999999999739e-01 0.000000000000000000e+00
1.582319212686475039e+09 4.828999999999999959e-01 0.000000000000000000e+00
1.582319212804315090e+09 4.832000000000000184e-01 0.000000000000000000e+00
1.582319212904141903e+09 4.828999999999999959e-01 0.000000000000000000e+00
1.582319213000387907e+09 4.832000000000000184e-01 0.000000000000000000e+00
1.582319213103059053e+09 4.833000000000000074e-01 0.000000000000000000e+00
1.582319213202164888e+09 4.830999999999999739e-01 0.000000000000000000e+00
1.582319213301033020e+09 4.830999999999999739e-01 0.000000000000000000e+00
1.582319213400293112e+09 4.830999999999999739e-01 0.000000000000000000e+00
1.582319213497102022e+09 4.829999999999999849e-01 0.000000000000000000e+00
1.582319213611109972e+09 4.832000000000000184e-01 0.000000000000000000e+00
1.582319213712261915e+09 4.832000000000000184e-01 0.000000000000000000e+00
1.582319213812906981e+09 4.833000000000000074e-01 0.000000000000000000e+00
1.582319213911952019e+09 4.830999999999999739e-01 0.000000000000000000e+00
1.582319214008663893e+09 4.830999999999999739e-01 0.000000000000000000e+00
1.582319214107520103e+09 4.830999999999999739e-01 0.000000000000000000e+00
1.582319214210962057e+09 4.830999999999999739e-01 0.000000000000000000e+00
1.582319214310929060e+09 4.833000000000000074e-01 0.000000000000000000e+00
1.582319214423690081e+09 4.832000000000000184e-01 0.000000000000000000e+00
1.582319214522028923e+09 4.832000000000000184e-01 0.000000000000000000e+00
1.582319214621792078e+09 4.832000000000000184e-01 0.000000000000000000e+00
1.582319214720438004e+09 4.830999999999999739e-01 0.000000000000000000e+00
1.582319214821897030e+09 4.833000000000000074e-01 0.000000000000000000e+00
1.582319214921948910e+09 4.833000000000000074e-01 0.000000000000000000e+00
1.582319215015881062e+09 4.833999999999999964e-01 0.000000000000000000e+00
1.582319215115716934e+09 4.833000000000000074e-01 0.000000000000000000e+00
1.582319215218504906e+09 4.833000000000000074e-01 0.000000000000000000e+00
1.582319215328629017e+09 4.832000000000000184e-01 0.000000000000000000e+00
1.582319215432791948e+09 4.830999999999999739e-01 0.000000000000000000e+00
1.582319215530807972e+09 4.833999999999999964e-01 0.000000000000000000e+00
1.582319215631031036e+09 4.834999999999999853e-01 0.000000000000000000e+00
1.582319215730799913e+09 4.833000000000000074e-01 0.000000000000000000e+00
1.582319215830765009e+09 4.834999999999999853e-01 0.000000000000000000e+00
1.582319215930504084e+09 4.833000000000000074e-01 0.000000000000000000e+00
1.582319216029814005e+09 4.832000000000000184e-01 0.000000000000000000e+00
1.582319216127075911e+09 4.833000000000000074e-01 0.000000000000000000e+00
1.582319216242902040e+09 4.832000000000000184e-01 0.000000000000000000e+00
1.582319216337485075e+09 4.832000000000000184e-01 0.000000000000000000e+00
1.582319216439682007e+09 4.832000000000000184e-01 0.000000000000000000e+00
1.582319216541728973e+09 4.832000000000000184e-01 0.000000000000000000e+00
1.582319216640826941e+09 4.833999999999999964e-01 0.000000000000000000e+00
1.582319216738048077e+09 4.832000000000000184e-01 0.000000000000000000e+00
1.582319216839823008e+09 4.832000000000000184e-01 0.000000000000000000e+00
1.582319216939790964e+09 4.830999999999999739e-01 0.000000000000000000e+00
1.582319217052849054e+09 4.832000000000000184e-01 0.000000000000000000e+00
1.582319217152714014e+09 4.833000000000000074e-01 0.000000000000000000e+00
1.582319217251733065e+09 4.833000000000000074e-01 0.000000000000000000e+00
1.582319217349831104e+09 4.830999999999999739e-01 0.000000000000000000e+00
1.582319217449043989e+09 4.832000000000000184e-01 0.000000000000000000e+00
1.582319217550709963e+09 4.832000000000000184e-01 0.000000000000000000e+00
1.582319217645574093e+09 4.830999999999999739e-01 0.000000000000000000e+00
1.582319217759367943e+09 4.832000000000000184e-01 0.000000000000000000e+00
1.582319217859117031e+09 4.830999999999999739e-01 0.000000000000000000e+00
1.582319217960079908e+09 4.832000000000000184e-01 0.000000000000000000e+00
1.582319218058634996e+09 4.830999999999999739e-01 0.000000000000000000e+00
1.582319218158380032e+09 4.832000000000000184e-01 0.000000000000000000e+00
1.582319218256963968e+09 4.828999999999999959e-01 0.000000000000000000e+00
1.582319218357930899e+09 4.832000000000000184e-01 0.000000000000000000e+00
1.582319218457686901e+09 4.830999999999999739e-01 0.000000000000000000e+00
1.582319218571969986e+09 4.828999999999999959e-01 0.000000000000000000e+00
1.582319218672590971e+09 4.832000000000000184e-01 0.000000000000000000e+00
1.582319218772540092e+09 4.829999999999999849e-01 0.000000000000000000e+00
1.582319218868840933e+09 4.829999999999999849e-01 0.000000000000000000e+00
1.582319218966742992e+09 4.829999999999999849e-01 0.000000000000000000e+00
1.582319219070410967e+09 4.833000000000000074e-01 0.000000000000000000e+00
1.582319219165599108e+09 4.830999999999999739e-01 0.000000000000000000e+00
1.582319219269670010e+09 4.829999999999999849e-01 0.000000000000000000e+00
1.582319219369462967e+09 4.829999999999999849e-01 0.000000000000000000e+00
1.582319219478615046e+09 4.830999999999999739e-01 0.000000000000000000e+00
1.582319219582617998e+09 4.829999999999999849e-01 0.000000000000000000e+00
1.582319219681524038e+09 4.833000000000000074e-01 0.000000000000000000e+00
1.582319219776489973e+09 4.830999999999999739e-01 0.000000000000000000e+00
1.582319219880525112e+09 4.833000000000000074e-01 0.000000000000000000e+00
1.582319219980386972e+09 4.832000000000000184e-01 0.000000000000000000e+00
1.582319220079391003e+09 4.833000000000000074e-01 0.000000000000000000e+00
1.582319220174505949e+09 4.830999999999999739e-01 0.000000000000000000e+00
1.582319220278633118e+09 4.830999999999999739e-01 0.000000000000000000e+00
1.582319220392499924e+09 4.830999999999999739e-01 0.000000000000000000e+00
1.582319220487310886e+09 4.830999999999999739e-01 0.000000000000000000e+00
1.582319220591563940e+09 4.832000000000000184e-01 0.000000000000000000e+00
1.582319220685693026e+09 4.833000000000000074e-01 0.000000000000000000e+00
1.582319220785438061e+09 4.833000000000000074e-01 0.000000000000000000e+00
1.582319220888556004e+09 4.830999999999999739e-01 0.000000000000000000e+00
1.582319220985004902e+09 4.832000000000000184e-01 0.000000000000000000e+00
1.582319221084616899e+09 4.832000000000000184e-01 0.000000000000000000e+00
1.582319221201163054e+09 4.832000000000000184e-01 0.000000000000000000e+00
1.582319221300887108e+09 4.829999999999999849e-01 0.000000000000000000e+00
1.582319221400613070e+09 4.832000000000000184e-01 0.000000000000000000e+00
1.582319221500607014e+09 4.829999999999999849e-01 0.000000000000000000e+00
1.582319221600189924e+09 4.830999999999999739e-01 0.000000000000000000e+00
1.582319221699304104e+09 4.830999999999999739e-01 0.000000000000000000e+00
1.582319221798551083e+09 4.832000000000000184e-01 0.000000000000000000e+00
1.582319221898271084e+09 4.833000000000000074e-01 0.000000000000000000e+00
1.582319222007437944e+09 4.830999999999999739e-01 0.000000000000000000e+00
1.582319222106477976e+09 4.830999999999999739e-01 0.000000000000000000e+00
1.582319222211370945e+09 4.832000000000000184e-01 0.000000000000000000e+00
1.582319222310240984e+09 4.830999999999999739e-01 0.000000000000000000e+00
1.582319222409431934e+09 4.832000000000000184e-01 0.000000000000000000e+00
1.582319222509191036e+09 4.830999999999999739e-01 0.000000000000000000e+00
1.582319222609252930e+09 4.832000000000000184e-01 0.000000000000000000e+00
1.582319222706413031e+09 4.832000000000000184e-01 0.000000000000000000e+00
1.582319222808161020e+09 4.829999999999999849e-01 0.000000000000000000e+00
1.582319222916851997e+09 4.833000000000000074e-01 0.000000000000000000e+00
1.582319223021226883e+09 4.833000000000000074e-01 0.000000000000000000e+00
1.582319223121176958e+09 4.833000000000000074e-01 0.000000000000000000e+00
1.582319223220149994e+09 4.833000000000000074e-01 0.000000000000000000e+00
1.582319223318450928e+09 4.833000000000000074e-01 0.000000000000000000e+00
1.582319223414525032e+09 4.833000000000000074e-01 0.000000000000000000e+00
1.582319223518030882e+09 4.832000000000000184e-01 0.000000000000000000e+00
1.582319223615350008e+09 4.833000000000000074e-01 0.000000000000000000e+00
1.582319223728434086e+09 4.834999999999999853e-01 0.000000000000000000e+00
1.582319223828100920e+09 4.833000000000000074e-01 0.000000000000000000e+00
1.582319223929202080e+09 4.832000000000000184e-01 0.000000000000000000e+00
1.582319224027734995e+09 4.833000000000000074e-01 0.000000000000000000e+00
1.582319224127450943e+09 4.834999999999999853e-01 0.000000000000000000e+00
1.582319224227303028e+09 4.833000000000000074e-01 0.000000000000000000e+00
1.582319224326992989e+09 4.833999999999999964e-01 0.000000000000000000e+00
1.582319224426740885e+09 4.834999999999999853e-01 0.000000000000000000e+00
1.582319224524419069e+09 4.834999999999999853e-01 0.000000000000000000e+00
1.582319224626292944e+09 4.833999999999999964e-01 0.000000000000000000e+00
1.582319224741045952e+09 4.833000000000000074e-01 0.000000000000000000e+00
1.582319224837306023e+09 4.833000000000000074e-01 0.000000000000000000e+00
1.582319224940011024e+09 4.832000000000000184e-01 0.000000000000000000e+00
1.582319225039083004e+09 4.833000000000000074e-01 0.000000000000000000e+00
1.582319225133857012e+09 4.833000000000000074e-01 0.000000000000000000e+00
1.582319225238202095e+09 4.833999999999999964e-01 0.000000000000000000e+00
1.582319225338087082e+09 4.835999999999999743e-01 0.000000000000000000e+00
1.582319225431811094e+09 4.834999999999999853e-01 0.000000000000000000e+00
1.582319225535434961e+09 4.833999999999999964e-01 0.000000000000000000e+00
1.582319225649935007e+09 4.833000000000000074e-01 0.000000000000000000e+00
1.582319225745862961e+09 4.837000000000000188e-01 0.000000000000000000e+00
1.582319225848944902e+09 4.835999999999999743e-01 0.000000000000000000e+00
1.582319225947850943e+09 4.834999999999999853e-01 0.000000000000000000e+00
1.582319226042980909e+09 4.834999999999999853e-01 0.000000000000000000e+00
1.582319226146852016e+09 4.833999999999999964e-01 0.000000000000000000e+00
1.582319226246691942e+09 4.837000000000000188e-01 0.000000000000000000e+00
1.582319226346777916e+09 4.834999999999999853e-01 0.000000000000000000e+00
1.582319226445225000e+09 4.833999999999999964e-01 0.000000000000000000e+00
1.582319226554888010e+09 4.834999999999999853e-01 0.000000000000000000e+00
1.582319226655886889e+09 4.834999999999999853e-01 0.000000000000000000e+00
1.582319226754525900e+09 4.835999999999999743e-01 0.000000000000000000e+00
1.582319226854279041e+09 4.835999999999999743e-01 0.000000000000000000e+00
1.582319226954200983e+09 4.834999999999999853e-01 0.000000000000000000e+00
1.582319227053812027e+09 4.835999999999999743e-01 0.000000000000000000e+00
1.582319227153544903e+09 4.834999999999999853e-01 0.000000000000000000e+00
1.582319227251746893e+09 4.833999999999999964e-01 0.000000000000000000e+00
1.582319227369714022e+09 4.834999999999999853e-01 0.000000000000000000e+00
1.582319227468730927e+09 4.834999999999999853e-01 0.000000000000000000e+00
1.582319227567909002e+09 4.834999999999999853e-01 0.000000000000000000e+00
1.582319227667643070e+09 4.835999999999999743e-01 0.000000000000000000e+00
1.582319227767703056e+09 4.835999999999999743e-01 0.000000000000000000e+00
1.582319227866072893e+09 4.835999999999999743e-01 0.000000000000000000e+00
1.582319227966770887e+09 4.834999999999999853e-01 0.000000000000000000e+00
1.582319228065737009e+09 4.835999999999999743e-01 0.000000000000000000e+00
1.582319228179488897e+09 4.833999999999999964e-01 0.000000000000000000e+00
1.582319228278569937e+09 4.833999999999999964e-01 0.000000000000000000e+00
1.582319228373749971e+09 4.833999999999999964e-01 0.000000000000000000e+00
1.582319228477746010e+09 4.834999999999999853e-01 0.000000000000000000e+00
1.582319228577550888e+09 4.834999999999999853e-01 0.000000000000000000e+00
1.582319228676691055e+09 4.833000000000000074e-01 0.000000000000000000e+00
1.582319228773688078e+09 4.834999999999999853e-01 0.000000000000000000e+00
1.582319228875725985e+09 4.833999999999999964e-01 0.000000000000000000e+00
1.582319228975528955e+09 4.835999999999999743e-01 0.000000000000000000e+00
1.582319229088663101e+09 4.834999999999999853e-01 0.000000000000000000e+00
1.582319229186455011e+09 4.834999999999999853e-01 0.000000000000000000e+00
1.582319229282568932e+09 4.833000000000000074e-01 0.000000000000000000e+00
1.582319229384799004e+09 4.834999999999999853e-01 0.000000000000000000e+00
1.582319229486573935e+09 4.835999999999999743e-01 0.000000000000000000e+00
1.582319229586478949e+09 4.834999999999999853e-01 0.000000000000000000e+00
1.582319229680989981e+09 4.838000000000000078e-01 0.000000000000000000e+00
1.582319229780648947e+09 4.837000000000000188e-01 0.000000000000000000e+00
1.582319229897011995e+09 4.834999999999999853e-01 0.000000000000000000e+00
1.582319229995997906e+09 4.835999999999999743e-01 0.000000000000000000e+00
1.582319230096559048e+09 4.835999999999999743e-01 0.000000000000000000e+00
1.582319230196273088e+09 4.835999999999999743e-01 0.000000000000000000e+00
1.582319230295806885e+09 4.835999999999999743e-01 0.000000000000000000e+00
1.582319230393361092e+09 4.838000000000000078e-01 0.000000000000000000e+00
1.582319230495572090e+09 4.837000000000000188e-01 0.000000000000000000e+00
1.582319230592878103e+09 4.838000000000000078e-01 0.000000000000000000e+00
1.582319230708431005e+09 4.838999999999999968e-01 0.000000000000000000e+00
1.582319230808454037e+09 4.838000000000000078e-01 0.000000000000000000e+00
1.582319230907574892e+09 4.839999999999999858e-01 0.000000000000000000e+00
1.582319231007427931e+09 4.838000000000000078e-01 0.000000000000000000e+00
1.582319231106422901e+09 4.838999999999999968e-01 0.000000000000000000e+00
1.582319231203598976e+09 4.837000000000000188e-01 0.000000000000000000e+00
1.582319231305385113e+09 4.838999999999999968e-01 0.000000000000000000e+00
1.582319231405399084e+09 4.840999999999999748e-01 0.000000000000000000e+00
1.582319231518433094e+09 4.838000000000000078e-01 0.000000000000000000e+00
1.582319231618530989e+09 4.838000000000000078e-01 0.000000000000000000e+00
1.582319231717314959e+09 4.837000000000000188e-01 0.000000000000000000e+00
1.582319231814522982e+09 4.838999999999999968e-01 0.000000000000000000e+00
1.582319231916299105e+09 4.838999999999999968e-01 0.000000000000000000e+00
1.582319232011717081e+09 4.838999999999999968e-01 0.000000000000000000e+00
1.582319232111336946e+09 4.838999999999999968e-01 0.000000000000000000e+00
1.582319232215353966e+09 4.838999999999999968e-01 0.000000000000000000e+00
1.582319232324520111e+09 4.838999999999999968e-01 0.000000000000000000e+00
1.582319232425513029e+09 4.838999999999999968e-01 0.000000000000000000e+00
1.582319232524065971e+09 4.838000000000000078e-01 0.000000000000000000e+00
1.582319232623821020e+09 4.838999999999999968e-01 0.000000000000000000e+00
1.582319232723507881e+09 4.838000000000000078e-01 0.000000000000000000e+00
1.582319232823353052e+09 4.838999999999999968e-01 0.000000000000000000e+00
1.582319232923110008e+09 4.838000000000000078e-01 0.000000000000000000e+00
1.582319233037713051e+09 4.838999999999999968e-01 0.000000000000000000e+00
1.582319233138416052e+09 4.837000000000000188e-01 0.000000000000000000e+00
1.582319233238240957e+09 4.838000000000000078e-01 0.000000000000000000e+00
1.582319233335493088e+09 4.838000000000000078e-01 0.000000000000000000e+00
1.582319233437321901e+09 4.838000000000000078e-01 0.000000000000000000e+00
1.582319233536222935e+09 4.838000000000000078e-01 0.000000000000000000e+00
1.582319233633487940e+09 4.838999999999999968e-01 0.000000000000000000e+00
1.582319233735208988e+09 4.838999999999999968e-01 0.000000000000000000e+00
1.582319233835223913e+09 4.838000000000000078e-01 0.000000000000000000e+00
1.582319233948256969e+09 4.838999999999999968e-01 0.000000000000000000e+00
1.582319234048098087e+09 4.838999999999999968e-01 0.000000000000000000e+00
1.582319234147166967e+09 4.838000000000000078e-01 0.000000000000000000e+00
1.582319234246440887e+09 4.839999999999999858e-01 0.000000000000000000e+00
1.582319234346086025e+09 4.840999999999999748e-01 0.000000000000000000e+00
1.582319234446166992e+09 4.839999999999999858e-01 0.000000000000000000e+00
1.582319234544348955e+09 4.838000000000000078e-01 0.000000000000000000e+00
1.582319234645109892e+09 4.839999999999999858e-01 0.000000000000000000e+00
1.582319234754271984e+09 4.839999999999999858e-01 0.000000000000000000e+00
1.582319234858382940e+09 4.838000000000000078e-01 0.000000000000000000e+00
1.582319234957974911e+09 4.839999999999999858e-01 0.000000000000000000e+00
1.582319235052117109e+09 4.840999999999999748e-01 0.000000000000000000e+00
1.582319235156285048e+09 4.838000000000000078e-01 0.000000000000000000e+00
1.582319235255989075e+09 4.839999999999999858e-01 0.000000000000000000e+00
1.582319235350518942e+09 4.839999999999999858e-01 0.000000000000000000e+00
1.582319235453145027e+09 4.839999999999999858e-01 0.000000000000000000e+00
1.582319235566783905e+09 4.840999999999999748e-01 0.000000000000000000e+00
1.582319235664057970e+09 4.842000000000000193e-01 0.000000000000000000e+00
1.582319235767435074e+09 4.839999999999999858e-01 0.000000000000000000e+00
1.582319235866086960e+09 4.839999999999999858e-01 0.000000000000000000e+00
1.582319235965848923e+09 4.839999999999999858e-01 0.000000000000000000e+00
1.582319236065141916e+09 4.838999999999999968e-01 0.000000000000000000e+00
1.582319236165380001e+09 4.838999999999999968e-01 0.000000000000000000e+00
1.582319236264925003e+09 4.839999999999999858e-01 0.000000000000000000e+00
1.582319236378962994e+09 4.840999999999999748e-01 0.000000000000000000e+00
1.582319236477961063e+09 4.839999999999999858e-01 0.000000000000000000e+00
1.582319236572971106e+09 4.839999999999999858e-01 0.000000000000000000e+00
1.582319236675220966e+09 4.839999999999999858e-01 0.000000000000000000e+00
1.582319236776849031e+09 4.839999999999999858e-01 0.000000000000000000e+00
1.582319236875865936e+09 4.838000000000000078e-01 0.000000000000000000e+00
1.582319236972965956e+09 4.838999999999999968e-01 0.000000000000000000e+00
1.582319237074930906e+09 4.843999999999999972e-01 0.000000000000000000e+00
1.582319237188802958e+09 4.839999999999999858e-01 0.000000000000000000e+00
1.582319237287045002e+09 4.839999999999999858e-01 0.000000000000000000e+00
1.582319237387984991e+09 4.842000000000000193e-01 0.000000000000000000e+00
1.582319237486778975e+09 4.838999999999999968e-01 0.000000000000000000e+00
1.582319237583899021e+09 4.839999999999999858e-01 0.000000000000000000e+00
1.582319237685822010e+09 4.840999999999999748e-01 0.000000000000000000e+00
1.582319237785748005e+09 4.839999999999999858e-01 0.000000000000000000e+00
1.582319237880659103e+09 4.838000000000000078e-01 0.000000000000000000e+00
1.582319237994349003e+09 4.839999999999999858e-01 0.000000000000000000e+00
1.582319238092664957e+09 4.840999999999999748e-01 0.000000000000000000e+00
1.582319238195046902e+09 4.840999999999999748e-01 0.000000000000000000e+00
1.582319238293623924e+09 4.840999999999999748e-01 0.000000000000000000e+00
1.582319238393256903e+09 4.839999999999999858e-01 0.000000000000000000e+00
1.582319238493041992e+09 4.838999999999999968e-01 0.000000000000000000e+00
1.582319238592883110e+09 4.839999999999999858e-01 0.000000000000000000e+00
1.582319238692641020e+09 4.840999999999999748e-01 0.000000000000000000e+00
1.582319238808805943e+09 4.840999999999999748e-01 0.000000000000000000e+00
1.582319238907802105e+09 4.839999999999999858e-01 0.000000000000000000e+00
1.582319239007625103e+09 4.840999999999999748e-01 0.000000000000000000e+00
1.582319239105007887e+09 4.843000000000000083e-01 0.000000000000000000e+00
1.582319239206698895e+09 4.843000000000000083e-01 0.000000000000000000e+00
1.582319239305721998e+09 4.843000000000000083e-01 0.000000000000000000e+00
1.582319239402604103e+09 4.842000000000000193e-01 0.000000000000000000e+00
1.582319239504662991e+09 4.839999999999999858e-01 0.000000000000000000e+00
1.582319239618601084e+09 4.842000000000000193e-01 0.000000000000000000e+00
1.582319239716835976e+09 4.843000000000000083e-01 0.000000000000000000e+00
1.582319239817573071e+09 4.840999999999999748e-01 0.000000000000000000e+00
1.582319239916584969e+09 4.840999999999999748e-01 0.000000000000000000e+00
1.582319240013669014e+09 4.839999999999999858e-01 0.000000000000000000e+00
1.582319240115618944e+09 4.838999999999999968e-01 0.000000000000000000e+00
1.582319240211446047e+09 4.839999999999999858e-01 0.000000000000000000e+00
1.582319240311939955e+09 4.840999999999999748e-01 0.000000000000000000e+00
1.582319240428478003e+09 4.840999999999999748e-01 0.000000000000000000e+00
1.582319240527556896e+09 4.842000000000000193e-01 0.000000000000000000e+00
1.582319240624411106e+09 4.840999999999999748e-01 0.000000000000000000e+00
1.582319240726619959e+09 4.840999999999999748e-01 0.000000000000000000e+00
1.582319240826527119e+09 4.839999999999999858e-01 0.000000000000000000e+00
1.582319240922883987e+09 4.842000000000000193e-01 0.000000000000000000e+00
1.582319241025485039e+09 4.842000000000000193e-01 0.000000000000000000e+00
1.582319241120165110e+09 4.842000000000000193e-01 0.000000000000000000e+00
1.582319241236572027e+09 4.840999999999999748e-01 0.000000000000000000e+00
1.582319241336364031e+09 4.842000000000000193e-01 0.000000000000000000e+00
1.582319241436100960e+09 4.842000000000000193e-01 0.000000000000000000e+00
1.582319241534905910e+09 4.843000000000000083e-01 0.000000000000000000e+00
1.582319241635607004e+09 4.840999999999999748e-01 0.000000000000000000e+00
1.582319241735367060e+09 4.842000000000000193e-01 0.000000000000000000e+00
1.582319241832775116e+09 4.839999999999999858e-01 0.000000000000000000e+00
1.582319241934469938e+09 4.842000000000000193e-01 0.000000000000000000e+00
1.582319242034471989e+09 4.840999999999999748e-01 0.000000000000000000e+00
1.582319242146789074e+09 4.842000000000000193e-01 0.000000000000000000e+00
1.582319242247446060e+09 4.842000000000000193e-01 0.000000000000000000e+00
1.582319242346323013e+09 4.840999999999999748e-01 0.000000000000000000e+00
1.582319242443713903e+09 4.843999999999999972e-01 0.000000000000000000e+00
1.582319242545324087e+09 4.840999999999999748e-01 0.000000000000000000e+00
1.582319242645368099e+09 4.843000000000000083e-01 0.000000000000000000e+00
1.582319242741553068e+09 4.840999999999999748e-01 0.000000000000000000e+00
1.582319242844384909e+09 4.842000000000000193e-01 0.000000000000000000e+00
1.582319242958297968e+09 4.843000000000000083e-01 0.000000000000000000e+00
1.582319243057507992e+09 4.839999999999999858e-01 0.000000000000000000e+00
